(0,1,0),0.84523792408,0.912613872447,1.0
(1,0,0),0.992090271764,0.990563891648,1.0
(0,0,0),0.877806658154,0.873653054438,0.910015893233
(1,1,0),0.846100463985,0.780259846152,0.473180183998
(1,1,1),0.84616202645,0.767075834731,0.217937954829
(1,1,2),0.829695629553,0.74666604269,0.338391707301
(1,1,3),0.835911106479,0.758194636756,0.248007361437
(1,1,4),0.852634642532,0.772128193626,0.397403442092
(1,1,5),0.841587035317,0.766958683321,0.49634220654
(1,1,6),0.835391004297,0.754447932322,0.28122680967
(1,1,7),0.849365984614,0.775959425408,0.177224344577
(1,1,8),0.842464941138,0.763768073495,0.298079870525
(1,1,9),0.838233376402,0.748911718201,0.178200867932
(1,1,10),0.816784294384,0.717112733129,0.30328552303
(1,1,11),0.82424447857,0.740461930529,0.307241311348
(1,1,12),0.833957501925,0.756589146498,0.293258925025
(1,1,13),0.832407163682,0.73700629645,0.3093524605
(1,1,14),0.851601172094,0.774015527053,0.195554242635
(1,1,15),0.836054293629,0.745870874789,0.277718967691
(1,1,16),0.837438280656,0.751806097449,0.204128782537
(1,1,17),0.827355047141,0.734938409334,0.180331720701
(1,1,18),0.837657972708,0.766623433724,0.350648156739
(1,1,19),0.822346734935,0.718237023576,0.162892962696
(1,1,20),0.855469205781,0.765476690674,0.135656857075
(1,1,21),0.831760823515,0.758616555816,0.488816205136
(1,1,22),0.851334610249,0.777030855083,0.197081411219
(1,1,23),0.824491513938,0.740387909139,0.526495874474
(1,1,24),0.836877415629,0.74895340085,0.182484677171
(1,1,25),0.833671721618,0.750930749228,0.383230528097
(1,1,26),0.838154816869,0.760089346364,0.303492975859
(1,1,27),0.817544569611,0.728561898341,0.34817189693
(1,1,28),0.846710038617,0.771807839901,0.307398734363
(1,1,29),0.84675510898,0.771779514762,0.288241633054
(1,1,30),0.847096548465,0.776325506603,0.49261354902
(1,1,31),0.853309172884,0.774645356926,0.18753159352
(1,1,32),0.849453130553,0.771743923891,0.242367152494
(1,1,33),0.850108423248,0.777306709587,0.131449436005
(1,1,34),0.867437348831,0.778781004555,0.174331887888
(1,1,35),0.82925106057,0.740839595711,0.459365981007
(1,1,36),0.854288704331,0.77469329957,0.302946029374
(1,1,37),0.839728417142,0.755347073067,0.220369506935
(1,1,38),0.82681469435,0.733079194512,0.174961769613
(1,1,39),0.842622174308,0.76092706446,0.127047203365
(1,1,40),0.825181775214,0.743570115743,0.389792366131
(1,1,41),0.836876854442,0.738814744483,0.080157677802
(1,1,42),0.804603905364,0.692760773015,0.162419464731
(1,1,43),0.844602254672,0.76035638701,0.223893595157
(1,1,44),0.803087062088,0.727578665485,0.556503655322
(1,1,45),0.814569211504,0.721586129188,0.367626311881
(1,1,46),0.846052293422,0.763167017374,0.254416889114
(1,1,47),0.827358808181,0.745341553706,0.247794381426
(1,1,48),0.847616684014,0.764126022838,0.160263841007
(1,1,49),0.837185802469,0.730134030047,0.148343656881
(1,1,50),0.848458975105,0.757750129053,0.162778609808
(1,1,51),0.811804369277,0.723222555005,0.435828449384
(1,1,52),0.853619279073,0.776525503051,0.185564797903
(1,1,53),0.85336687363,0.776548987169,0.140973141805
(1,1,54),0.819947122591,0.715287260287,0.0678332975858
(1,1,55),0.838041549323,0.741216948435,0.196838390141
(1,1,56),0.859337775333,0.788579272067,0.191611181012
(1,1,57),0.824038690136,0.744178954483,0.45277886849
(1,1,58),0.789089525901,0.688540612376,0.26564354912
(1,1,59),0.834902628946,0.754437096775,0.472706225322
(1,1,60),0.830758212869,0.740934994351,0.523658569752
(1,1,61),0.828714305911,0.731599977709,0.106463782334
(1,1,62),0.778199842667,0.692581788101,0.424356203751
(1,1,63),0.820928093495,0.733920595966,0.461309000958
(1,1,64),0.847484013275,0.76267072135,0.275041524466
(1,1,65),0.836040371524,0.750651160412,0.29836603554
(1,1,66),0.83944499822,0.745081126169,0.0917805349153
(1,1,67),0.84421544579,0.74503246703,0.0475746864015
(1,1,68),0.845421867996,0.76260406503,0.109032439827
(1,1,69),0.856622754922,0.774690982205,0.0744677929884
(1,1,70),0.81410523393,0.719421158835,0.0830298899455
(1,1,71),0.857778738752,0.770482739384,0.100158364302
(1,1,72),0.855154859381,0.769314893425,0.301010171304
(1,1,73),0.840876204333,0.753483161904,0.0429021082117
(1,1,74),0.834736038507,0.772221383341,0.672785223567
(1,1,75),0.839330470851,0.752258778791,0.339492247745
(1,1,76),0.829853635011,0.748405665432,0.171175568156
(1,1,77),0.836090525519,0.75619599293,0.234421850534
(1,1,78),0.851768331536,0.785540604674,0.281502190863
(1,1,79),0.820108714681,0.713553550521,0.0965275949048
(1,1,80),0.824469494887,0.730505958273,0.118791759826
(1,1,81),0.840864367476,0.742885067151,0.238370567299
(1,1,82),0.861274464037,0.790251896631,0.182987722696
(1,1,83),0.828347047157,0.741610347058,0.331805646435
(1,1,84),0.820215568381,0.705038343633,0.219723974349
(1,1,85),0.87148425378,0.794329507025,0.218590354341
(1,1,86),0.857962374577,0.781680691557,0.195995351796
(1,1,87),0.841270310707,0.770110978728,0.322525590142
(1,1,88),0.846586992534,0.755965349779,0.220719627977
(1,1,89),0.850716235332,0.759741124403,0.15901899772
(1,1,90),0.836492832342,0.734648002913,0.117538285593
(1,1,91),0.85700844734,0.776284982413,0.10174407114
(1,1,92),0.750308566623,0.649266158948,0.317726635846
(1,1,93),0.845196463626,0.760308099712,0.315087660422
(1,1,94),0.857543500892,0.768803863883,0.39184269158
(1,1,95),0.867087138932,0.79054512718,0.439122840323
(1,1,96),0.843607324693,0.761543775323,0.276186886906
(1,1,97),0.817504159565,0.711581673959,0.0673890080689
(1,1,98),0.847116402116,0.769519471587,0.213243809977
(1,1,99),0.838232341489,0.759605866307,0.225936190284
(1,1,100),0.838712811451,0.763728527459,0.351034259625
(1,1,101),0.852438756163,0.765755909031,0.29772295636
(1,1,102),0.796374390711,0.698951243459,0.352574061989
(1,1,103),0.844701982582,0.77561358312,0.313818988245
(1,1,104),0.849342932033,0.7595372983,0.344601908838
(1,1,105),0.818868889792,0.722519678084,0.211447520267
(1,1,106),0.844072809203,0.749355147027,0.103277831015
(1,1,107),0.784683122382,0.697878448486,0.441221006143
(1,1,108),0.83826932039,0.756274161204,0.289508321656
(1,1,109),0.835010974301,0.763198131939,0.503801797734
(1,1,110),0.878398282973,0.825916250237,0.711211379716
(1,1,111),0.824185363887,0.726812395531,0.134673962944
(1,1,112),0.837266741252,0.761249185689,0.338739564363
(1,1,113),0.793770010087,0.688592644131,0.319394067826
(1,1,114),0.830212781103,0.731259770435,0.0644983390355
(1,1,115),0.780889472697,0.700331382524,0.595449889564
(1,1,116),0.832739112377,0.730480887671,0.142320324861
(1,1,117),0.849265249089,0.764558209903,0.286058905972
(1,1,118),0.852422279798,0.771880109283,0.282052006125
(1,1,119),0.810970790794,0.732323236612,0.651952095473
(1,1,120),0.828216582496,0.735033057273,0.179515642109
(1,1,121),0.818071021365,0.734858742571,0.503432414308
(1,1,122),0.860924412507,0.790346639326,0.447057161131
(1,1,123),0.859896435784,0.770530954967,0.175698666124
(1,1,124),0.814485864202,0.711053270874,0.307286378257
(1,1,125),0.806527810597,0.724772805773,0.568963269949
(1,1,126),0.824916985951,0.731465882944,0.197711561625
(1,1,127),0.832191091638,0.738990805184,0.198547318125
(1,1,128),0.856646472183,0.770898011362,0.276677610676
(1,1,129),0.867391498446,0.794231809721,0.663679335431
(1,1,130),0.849392314179,0.770790416716,0.184521466846
(1,1,131),0.851361712247,0.766307877348,0.224006496008
(1,1,132),0.798538402515,0.674255008629,0.135005575447
(1,1,133),0.842231313081,0.774015634942,0.467340425857
(1,1,134),0.840550052924,0.756382758745,0.131628241515
(1,1,135),0.845519691632,0.753943768473,0.0989953467385
(1,1,136),0.854161374117,0.779182027887,0.203144851223
(1,1,137),0.855775059858,0.783573924906,0.221111741636
(1,1,138),0.847834381981,0.768358091926,0.339891799713
(1,1,139),0.851450782616,0.7833333482,0.319078846108
(1,1,140),0.79483727641,0.717040848857,0.636987619156
(1,1,141),0.805152962525,0.710934639801,0.167134449955
(1,1,142),0.799338870143,0.684211424228,0.104462059484
(1,1,143),0.825730499876,0.723823579699,0.0522904863274
(1,1,144),0.79359341618,0.68967140385,0.214105490207
(1,1,145),0.843283623286,0.765833196808,0.339175889948
(1,1,146),0.840060219195,0.761988847199,0.170756915249
(1,1,147),0.846523714719,0.772782733083,0.399720393093
(1,1,148),0.850667523777,0.776983385812,0.514048118873
(1,1,149),0.823839703044,0.743417731765,0.398072714438
(1,1,150),0.831762788592,0.742348842135,0.146006495991
(1,1,151),0.859525998276,0.783591146357,0.498846711063
(1,1,152),0.855963678056,0.786068928653,0.111328565986
(1,1,153),0.849996340525,0.765065694709,0.323276876532
(1,1,154),0.815290816327,0.706124318838,0.14465204281
(1,1,155),0.838870316709,0.759091969978,0.121963374673
(1,1,156),0.844698472605,0.757579648083,0.306111755913
(1,1,157),0.856074919649,0.779285619279,0.543796086019
(1,1,158),0.844760233569,0.748442461743,0.192461857114
(1,1,159),0.851811534006,0.75752601903,0.0282057565742
(1,1,160),0.852918665751,0.786812315898,0.272641286748
(1,1,161),0.826013141628,0.742533107316,0.495663661149
(1,1,162),0.816993773753,0.718229508115,0.186191874599
(1,1,163),0.845854216256,0.760418424096,0.184186921587
(1,1,164),0.834020208068,0.74791150214,0.211062933474
(1,1,165),0.85455304609,0.779563698165,0.0684574786236
(1,1,166),0.823092243017,0.736947239914,0.212346304681
(1,1,167),0.837032733274,0.739616556423,0.305795670049
(1,1,168),0.855554138467,0.763858211101,0.0659165276845
(1,1,169),0.843904223994,0.761787722522,0.250690601578
(1,1,170),0.838782516029,0.757855436808,0.344320451944
(1,1,171),0.85847765524,0.788260329354,0.225328834791
(1,1,172),0.864776306379,0.79567978543,0.230532666525
(1,1,173),0.837699201372,0.761473779501,0.252061273366
(1,1,174),0.836443678435,0.75372226162,0.463304406195
(1,1,175),0.83511302796,0.742363177771,0.300668882562
(1,1,176),0.851727358405,0.777438765701,0.301972848778
(1,1,177),0.864249463019,0.810183412339,0.682692513431
(1,1,178),0.797904498796,0.691040169503,0.281913303979
(1,1,179),0.808512344814,0.691866080659,0.0660725045729
(1,1,180),0.809449743255,0.694754241975,0.131960660675
(1,1,181),0.833247086108,0.744074646978,0.0844967944094
(1,1,182),0.837446697113,0.752294361444,0.249382889582
(1,1,183),0.846552545014,0.754480489951,0.227025899506
(1,1,184),0.838449255666,0.765434220042,0.52357870498
(1,1,185),0.845230604756,0.762435090262,0.0574261192261
(1,1,186),0.841167949298,0.7351045138,0.0703914048895
(1,1,187),0.867281339448,0.784890203138,0.211004205884
(1,1,188),0.844023256433,0.753174533304,0.138343375411
(1,1,189),0.851458322581,0.781579465363,0.220988719703
(1,1,190),0.863833612388,0.781895059525,0.150535240345
(1,1,191),0.841707856409,0.763701802385,0.330829506902
(1,1,192),0.841174079091,0.756036787513,0.412793289694
(1,1,193),0.824446079171,0.751957430847,0.560766456256
(1,1,194),0.825502448486,0.725861646776,0.111280912909
(1,1,195),0.851268805292,0.77008310878,0.181305108893
(1,1,196),0.867378935331,0.800800228425,0.267670790893
(1,1,197),0.835460228932,0.74375894102,0.179709863751
(1,1,198),0.851762924396,0.78423313617,0.396934764578
(1,1,199),0.858085591731,0.786398239484,0.141876432877
(1,1,200),0.878956807467,0.8176515743,0.538660496516
(1,1,201),0.860877710459,0.770884258133,0.182071261491
(1,1,202),0.861261434967,0.781094492906,0.143034027413
(1,1,203),0.832166627284,0.732448334108,0.212086824513
(1,1,204),0.829989068051,0.738913612224,0.221783384446
(1,1,205),0.856110920498,0.771128214918,0.43606288609
(1,1,206),0.821656556674,0.747102432967,0.621912445799
(1,1,207),0.876142660982,0.81431360295,0.564973606165
(1,1,208),0.816255777056,0.723326562489,0.348968352471
(1,1,209),0.859903233761,0.784429959315,0.192414593005
(1,1,210),0.835136447483,0.746348598547,0.250253817451
(1,1,211),0.796911602106,0.691126517013,0.218282310872
(1,1,212),0.871651718628,0.796021752704,0.403180984609
(1,1,213),0.823496130537,0.720374735063,0.205383881819
(1,1,214),0.835477569986,0.740327802553,0.131445895703
(1,1,215),0.844380348879,0.764186044463,0.319227749374
(1,1,216),0.818603610329,0.715799423043,0.197541940878
(1,1,217),0.83421190004,0.729407489469,0.188697536695
(1,1,218),0.805922188862,0.688567361298,0.0867110349398
(1,1,219),0.841421251755,0.749660309071,0.105886076751
(1,1,220),0.864416795548,0.782757584264,0.179137708156
(1,1,221),0.811566313436,0.707368609004,0.0705547875064
(1,1,222),0.823642516103,0.721784146568,0.105226724366
(1,1,223),0.749253055681,0.628343402882,0.156666856573
(1,1,224),0.819209868135,0.72274104758,0.402740983789
(1,1,225),0.816957550582,0.72672953037,0.0846830878956
(1,1,226),0.847893167576,0.760771311328,0.194899639076
(1,1,227),0.783495387029,0.691716107476,0.500255834379
(1,1,228),0.868433834439,0.790673263045,0.287600526303
(1,1,229),0.874376885741,0.79751741429,0.288940647389
(1,1,230),0.841994391445,0.732676074349,0.107186827504
(1,1,231),0.845978059213,0.770043955244,0.413596746803
(1,1,232),0.863635494117,0.785330165458,0.260694040745
(1,1,233),0.840994214333,0.746615955449,0.118488424303
(1,1,234),0.829017760959,0.750693944783,0.469295043017
(1,1,235),0.835232943336,0.74666616133,0.245241806895
(1,1,236),0.857550935491,0.782540305793,0.311544356528
(1,1,237),0.815587488458,0.717016733235,0.226119667617
(1,1,238),0.729191465723,0.622039058672,0.24729479171
(1,1,239),0.850972658348,0.761935516074,0.0353972595572
(1,1,240),0.828604026941,0.740302656132,0.472001132228
(1,1,241),0.836527432513,0.761278082259,0.460912937617
(1,1,242),0.841145399336,0.740186903611,0.1517327972
(1,1,243),0.869717855552,0.781887154167,0.199312725163
(1,1,244),0.845010860555,0.764650552704,0.429413417898
(1,1,245),0.84855450854,0.76279006752,0.197812176461
(1,1,246),0.856379808472,0.779135828509,0.156855437489
(1,1,247),0.826083502455,0.746237401661,0.210618027081
(1,1,248),0.822192382624,0.727377441432,0.172025225907
(1,1,249),0.818616400825,0.727752538176,0.2877559262
(1,1,250),0.825484972336,0.744677418208,0.563442885429
(1,1,251),0.828291899194,0.72885530338,0.182662032665
(1,1,252),0.838138265096,0.761376052008,0.334344284768
(1,1,253),0.841254863794,0.745498367693,0.221787862543
(1,1,254),0.838510322357,0.751478233195,0.18912949787
(1,1,255),0.840857258372,0.761443231351,0.501949374852
(1,1,256),0.841122684368,0.758487819742,0.288003150194
(1,1,257),0.826347610251,0.742523109645,0.407797010786
(1,1,258),0.852750660476,0.757595107018,0.172046019311
(1,1,259),0.855166833729,0.7641045931,0.155529875632
(1,1,260),0.84602273762,0.757854015433,0.254689029276
(1,1,261),0.811508526991,0.703935765666,0.217347786677
(1,1,262),0.840027055919,0.741586635064,0.268891895076
(1,1,263),0.83933727539,0.755510471681,0.25935670449
(1,1,264),0.847790392965,0.779126875945,0.346293607929
(1,1,265),0.854081937752,0.771528331755,0.198239840457
(1,1,266),0.830354744633,0.73959961526,0.219288403499
(1,1,267),0.837319669564,0.743014808264,0.0950447074523
(1,1,268),0.83389622,0.757529584332,0.479274256254
(1,1,269),0.87150124011,0.809238869584,0.573051956335
(1,1,270),0.796587313385,0.68194248985,0.0984643393658
(1,1,271),0.850561623717,0.778100005348,0.255627283162
(1,1,272),0.781779588104,0.671167927883,0.16804058442
(1,1,273),0.835154577883,0.749216185851,0.436089898611
(1,1,274),0.827432342365,0.743562688206,0.303533533758
(1,1,275),0.843314706835,0.750836387031,0.222813526859
(1,1,276),0.837643988782,0.742721781674,0.140095139168
(1,1,277),0.842868526876,0.761680807287,0.386072125032
(1,1,278),0.841697642639,0.763365957402,0.284796262605
(1,1,279),0.843105350901,0.754865986751,0.186156231452
(1,1,280),0.821040515896,0.730353008645,0.308889832038
(1,1,281),0.831173860534,0.73873765165,0.328081667471
(1,1,282),0.845822491988,0.761644971109,0.192499760577
(1,1,283),0.862666974762,0.782709343714,0.270798717195
(1,1,284),0.858649317575,0.756402706653,0.166220983349
(1,1,285),0.839508658274,0.764932841947,0.220002283533
(1,1,286),0.832239539932,0.73819467286,0.0744793686884
(1,1,287),0.828712862696,0.731246484117,0.250030901166
(1,1,288),0.843335147207,0.760263275712,0.485993225788
(1,1,289),0.836097806798,0.758545837952,0.395682338401
(1,1,290),0.741708987381,0.62878949826,0.254808800287
(1,1,291),0.851580449665,0.779033321208,0.304756786321
(1,1,292),0.830463008524,0.757873370766,0.615236511785
(1,1,293),0.832756168735,0.739605650792,0.234632351711
(1,1,294),0.849531400277,0.766353766875,0.102394493346
(1,1,295),0.835360479508,0.759014002651,0.192836468737
(1,1,296),0.831847316151,0.742411025533,0.102020533407
(1,1,297),0.826469295201,0.732549649747,0.373956034076
(1,1,298),0.854195365225,0.768727176091,0.109081320723
(1,1,299),0.858291170561,0.773287607728,0.146790774565
(1,1,300),0.846406455245,0.767344395147,0.507856006407
(1,1,301),0.846181608234,0.767166833433,0.244756206256
(1,1,302),0.877250251537,0.813652694028,0.494309564517
(1,1,303),0.844185282896,0.773409408748,0.524492168961
(1,1,304),0.870017655205,0.801665489549,0.395563694217
(1,1,305),0.85160519437,0.779728997345,0.237090478949
(1,1,306),0.853226533511,0.761279649279,0.270987531836
(1,1,307),0.848113020366,0.752888830213,0.280824597613
(1,1,308),0.869235434153,0.804884100616,0.413701349344
(1,1,309),0.850900207889,0.778141806721,0.296129809871
(1,1,310),0.833323487713,0.724432280817,0.135162184265
(1,1,311),0.856158055039,0.779777645274,0.232242334313
(1,1,312),0.8024846213,0.700064974707,0.196019088209
(1,1,313),0.849480794878,0.76855127459,0.357187809311
(1,1,314),0.855793130287,0.780338456604,0.287224445529
(1,1,315),0.849554585855,0.76405130808,0.408814289536
(1,1,316),0.799834501039,0.700609653178,0.201997384712
(1,1,317),0.858915707536,0.781425429717,0.1125797087
(1,1,318),0.868651779198,0.814041253609,0.654895216989
(1,1,319),0.842101917146,0.757160073845,0.0805919718515
(1,1,320),0.847831684404,0.767775373484,0.432673693515
(1,1,321),0.857103183777,0.772251636877,0.165817578676
(1,1,322),0.843600383657,0.751338556233,0.111983813019
(1,1,323),0.863503907769,0.77753274167,0.148527476317
(1,1,324),0.849431947132,0.759606790968,0.246158448227
(1,1,325),0.82918398841,0.735726994896,0.346757339542
(1,1,326),0.794539543828,0.704777016932,0.386876097452
(1,1,327),0.853583671573,0.763855962315,0.0454360229402
(1,1,328),0.84833917046,0.754203170316,0.296725727684
(1,1,329),0.828364185061,0.722407415761,0.0737745839605
(1,1,330),0.844721361805,0.746333244969,0.162501529749
(1,1,331),0.843387451953,0.764958823061,0.349171475964
(1,1,332),0.8328840392,0.74559138404,0.419226265345
(1,1,333),0.851167898204,0.769004356244,0.260355630842
(1,1,334),0.821280139327,0.724483841481,0.231130802979
(1,1,335),0.829941484621,0.753542579506,0.524648203719
(1,1,336),0.847784850823,0.76987464888,0.529594932518
(1,1,337),0.843484996156,0.766137435553,0.43554265778
(1,1,338),0.839081264662,0.757885009945,0.408927498677
(1,1,339),0.835706814814,0.754544949693,0.137476417408
(1,1,340),0.80992176454,0.718596315774,0.358880378783
(1,1,341),0.84847343594,0.769858849702,0.582484636399
(1,1,342),0.839104073133,0.752558955717,0.542666934178
(1,1,343),0.813303798662,0.737672227986,0.536499903165
(1,1,344),0.846969067691,0.769595923176,0.258319732447
(1,1,345),0.828295476894,0.735962349709,0.217905547412
(1,1,346),0.830680772644,0.753473678421,0.398385815794
(1,1,347),0.837482791729,0.751976819841,0.212303079351
(1,1,348),0.832139051446,0.753813735233,0.501908761826
(1,1,349),0.841756572489,0.75050471943,0.496436870603
(1,1,350),0.88269282451,0.786040566041,0.323111571147
(1,1,351),0.820088511231,0.725567717922,0.333078329088
(1,1,352),0.818328656682,0.711698497485,0.107305061694
(1,1,353),0.847660026416,0.764891546986,0.481176867519
(1,1,354),0.845157341785,0.752122439386,0.166745563158
(1,1,355),0.833636422601,0.741516084001,0.225137622402
(1,1,356),0.830189078884,0.749206027788,0.549196327727
(1,1,357),0.845391485627,0.753289190272,0.211904387535
(1,1,358),0.81106230635,0.715957847268,0.412361920347
(1,1,359),0.8604373553,0.775811434207,0.236464166509
(1,1,360),0.816173138059,0.701302102332,0.171351774403
(1,1,361),0.76478044364,0.650179025992,0.140065601024
(1,1,362),0.834547237236,0.752411458657,0.0954728461362
(1,1,363),0.838900525414,0.754038183207,0.240138964928
(1,1,364),0.841100778547,0.752507802644,0.406853883986
(1,1,365),0.825721193569,0.732305939318,0.215934697921
(1,1,366),0.793752362949,0.683852233486,0.259541115909
(1,1,367),0.785617796929,0.734475587497,0.697975520169
(1,1,368),0.742768441404,0.653101180177,0.344748218589
(1,1,369),0.790869926342,0.690663688365,0.200348319928
(1,1,370),0.839459917145,0.755076975597,0.242136763775
(1,1,371),0.861751810604,0.790851946368,0.509190271727
(1,1,372),0.814521708697,0.708441244249,0.222546446938
(1,1,373),0.849479329246,0.772258867342,0.415053725109
(1,1,374),0.83765226551,0.752026824376,0.394864828112
(1,1,375),0.824398848151,0.735944524706,0.394258632132
(1,1,376),0.841996994645,0.757991471662,0.338189123521
(1,1,377),0.756224489796,0.669439224811,0.394661275282
(1,1,378),0.81580451104,0.7223021948,0.379438390385
(1,1,379),0.811437219596,0.729508550684,0.419812694912
(1,1,380),0.83797801769,0.736295040174,0.226016419361
(1,1,381),0.847188630771,0.762303790216,0.408453315372
(1,1,382),0.844588388349,0.753998844181,0.0208950305758
(1,1,383),0.847931312999,0.771832080924,0.350189565545
(1,1,384),0.86441784015,0.787541705352,0.354150359794
(1,1,385),0.845605012479,0.764357285552,0.352923508127
(1,1,386),0.853666177818,0.774622095377,0.296804116754
(1,1,387),0.825172140037,0.71590177236,0.253331008031
(1,1,388),0.860519314402,0.779827991274,0.229725026408
(1,1,389),0.856800445578,0.76717571606,0.129491622505
(1,1,390),0.828029399375,0.743251663617,0.44042628027
(1,1,391),0.843190800983,0.766928013001,0.441749051501
(1,1,392),0.844538387632,0.753504358877,0.224607500138
(1,1,393),0.879456069382,0.812478439399,0.25896951157
(1,1,394),0.817860302841,0.730414312656,0.362785287705
(1,1,395),0.842547477795,0.768105256264,0.268612560732
(1,1,396),0.869796997928,0.801069086347,0.45052374466
(1,1,397),0.868364186543,0.789884249494,0.552950905486
(1,1,398),0.851290103472,0.749152753454,0.086236551261
(1,1,399),0.849106210318,0.771874446915,0.338612400214
(1,1,400),0.804987816152,0.695749390293,0.219503146621
(1,1,401),0.797274841258,0.683540908839,0.136976806401
(1,1,402),0.848234662773,0.766249587437,0.408438845423
(1,1,403),0.841072296296,0.755919683818,0.283787927097
(1,1,404),0.843463851535,0.757859855857,0.0975935362089
(1,1,405),0.832852385482,0.735142391991,0.291068256397
(1,1,406),0.802815601371,0.690668500412,0.130791394917
(1,1,407),0.845293120692,0.767401329058,0.47681229193
(1,1,408),0.84396711758,0.745950906375,0.154346118504
(1,1,409),0.851909823882,0.764466036912,0.480164084171
(1,1,410),0.793082075033,0.693926570067,0.290514024623
(1,1,411),0.847146785003,0.759014523613,0.31454274352
(1,1,412),0.844211825937,0.760103062676,0.384159743119
(1,1,413),0.832715010541,0.744502716351,0.158932635591
(1,1,414),0.826273744572,0.735829231548,0.178192198799
(1,1,415),0.836010396078,0.750506903959,0.24595701735
(1,1,416),0.845202946851,0.753357334699,0.159419621284
(1,1,417),0.844299303586,0.748772359857,0.0644817505596
(1,1,418),0.844484729488,0.761015536767,0.416084832864
(1,1,419),0.818178538899,0.710394432736,0.194795041075
(1,1,420),0.830681145205,0.745982856761,0.223410820748
(1,1,421),0.834494185136,0.747330176265,0.139469029863
(1,1,422),0.847853726934,0.774516881507,0.195251859693
(1,1,423),0.84230096238,0.740972185944,0.21295235625
(1,1,424),0.848981814249,0.774938031577,0.344536380518
(1,1,425),0.833516106645,0.743706329768,0.110583707935
(1,1,426),0.874085310065,0.795226694085,0.224433490956
(1,1,427),0.857505942643,0.784317123277,0.205547159368
(1,1,428),0.899221870206,0.839333365517,0.501245056327
(1,1,429),0.860888645163,0.767295656441,0.0542597543046
(1,1,430),0.856361360486,0.76332693925,0.143462643418
(1,1,431),0.751248285322,0.63215719932,0.0685922527049
(1,1,432),0.859057816984,0.781028989386,0.294184567082
(1,1,433),0.85396330834,0.779260766951,0.373229947727
(1,1,434),0.846739209388,0.772814317244,0.474286633016
(1,1,435),0.85461102381,0.771809616166,0.249037512183
(1,1,436),0.732844819135,0.657210329376,0.417935442205
(1,1,437),0.838752032472,0.749296406452,0.297572861634
(1,1,438),0.816955347256,0.707266250787,0.173419464433
(1,1,439),0.834378953177,0.753119575523,0.196576395353
(1,1,440),0.827779949288,0.747497958372,0.509948456044
(1,1,441),0.859044003334,0.776547141831,0.141566070565
(1,1,442),0.837552150799,0.746353639708,0.296671598536
(1,1,443),0.837661762111,0.761670911201,0.499450176804
(1,1,444),0.863263899383,0.78024736686,0.184346629028
(1,1,445),0.820032594538,0.727431979404,0.373014776894
(1,1,446),0.845606205045,0.767796568095,0.275524694908
(1,1,447),0.857009473335,0.775498741593,0.415283477691
(1,1,448),0.818920307093,0.737466511097,0.520952024479
(1,1,449),0.840155033579,0.760301675,0.570777324689
(1,1,450),0.832571306667,0.754212551965,0.325687617441
(1,1,451),0.861851849962,0.774018074197,0.181940101467
(1,1,452),0.801134215501,0.701165570359,0.382728327193
(1,1,453),0.835287761146,0.751148873115,0.407828078742
(1,1,454),0.848893435578,0.761287788311,0.165501177655
(1,1,455),0.842025596093,0.765872413505,0.333738883368
(1,1,456),0.826061633663,0.741403875582,0.405941158566
(1,1,457),0.840953399192,0.758495016263,0.332272906005
(1,1,458),0.845620553072,0.760623189438,0.303969213801
(1,1,459),0.82666658203,0.727129832565,0.266699943631
(1,1,460),0.821516870675,0.716913500132,0.305134613393
(1,1,461),0.83214973373,0.745114467481,0.366785916008
(1,1,462),0.831495107491,0.722664180806,0.115300448665
(1,1,463),0.842372918423,0.745398857672,0.100331494916
(1,1,464),0.858929303279,0.786293038057,0.350993241028
(1,1,465),0.816855262334,0.753165984876,0.692941047879
(1,1,466),0.83763276057,0.763093491644,0.393396949242
(1,1,467),0.841376698996,0.749567966849,0.148371922382
(1,1,468),0.823809867379,0.744192019628,0.328181832122
(1,1,469),0.792075163399,0.696639516649,0.376587101446
(1,1,470),0.807669705617,0.723947783495,0.465820112704
(1,1,471),0.850861708205,0.779398520223,0.516167650511
(1,1,472),0.817953337674,0.735210294513,0.552330394829
(1,1,473),0.834651931949,0.767223816033,0.70483033937
(1,1,474),0.81757199926,0.725540815243,0.318789477865
(1,1,475),0.838024616893,0.7382069679,0.16201683658
(1,1,476),0.842119405111,0.755954995435,0.32346208233
(1,1,477),0.82609550173,0.744769707406,0.488053756277
(1,1,478),0.860518553783,0.7773408933,0.160632661293
(1,1,479),0.808215130024,0.692986951618,0.294531556033
(1,1,480),0.830763352913,0.734148148949,0.182518523339
(1,1,481),0.809427475367,0.710963058672,0.366126341565
(1,1,482),0.819689961524,0.725048502328,0.190911376012
(1,1,483),0.824002347087,0.729303776689,0.284459799215
(1,1,484),0.816027163331,0.722818105034,0.0848287701485
(1,1,485),0.863577978668,0.763532405391,0.368710554272
(1,1,486),0.823935663453,0.757920993034,0.625420365215
(1,1,487),0.823289366721,0.736838354723,0.386949427161
(1,1,488),0.84834990983,0.779336647055,0.695720931365
(1,1,489),0.771892467394,0.672772797016,0.39044134738
(1,1,490),0.861338905122,0.79072982477,0.472041206911
(1,1,491),0.840676841416,0.7538716174,0.196957210235
(1,1,492),0.815128484421,0.733432535594,0.497816775039
(1,1,493),0.841427464963,0.755313789369,0.46641911851
(1,1,494),0.817335388281,0.738701577588,0.490014038014
(1,1,495),0.823320751985,0.727744468356,0.159094191949
(1,1,496),0.826433487516,0.736375591386,0.251457662486
(1,1,497),0.833645085621,0.74812866348,0.464301195667
(1,1,498),0.821062599655,0.721385536551,0.186955822896
(1,1,499),0.844919341916,0.773910933109,0.522853506315
(1,1,500),0.83277469197,0.758875363213,0.753498220205
(1,1,501),0.826961427714,0.72910160831,0.172012089808
(1,1,502),0.841352146814,0.76456213606,0.541050671452
(1,1,503),0.829240398238,0.749231247794,0.514160606662
(1,1,504),0.827208561247,0.727323801492,0.0919808625266
(1,1,505),0.841132831977,0.743424996268,0.135656626974
(1,1,506),0.788109393579,0.670887813172,0.266160007763
(1,1,507),0.848517278107,0.758767119935,0.0788486427994
(1,1,508),0.824866403288,0.765121027549,0.640088603523
(1,1,509),0.886186330488,0.805942059941,0.534254302725
(1,1,510),0.864275993431,0.785653793541,0.285097012196
(1,1,511),0.836983981226,0.762387585253,0.583052463012
(1,1,512),0.820575064954,0.734247469266,0.521955060742
(1,1,513),0.827962062312,0.736852342749,0.305982224708
(1,1,514),0.845318712233,0.76105792284,0.332841858723
(1,1,515),0.847493205337,0.766257715652,0.346941897714
(1,1,516),0.846515323087,0.761194795485,0.226737055784
(1,1,517),0.830618543388,0.751868632866,0.438671811928
(1,1,518),0.811315834782,0.711054404452,0.0692801365344
(1,1,519),0.841387520365,0.757268970468,0.439670799337
(1,1,520),0.811773470429,0.701388700995,0.299780193065
(1,1,521),0.85619292591,0.769064646712,0.42515393706
(1,1,522),0.797105300454,0.730982444155,0.606676051573
(1,1,523),0.791926808259,0.69809269022,0.299863815604
(1,1,524),0.824430925467,0.733876967523,0.343034028293
(1,1,525),0.855189882212,0.757721675428,0.114151669192
(1,1,526),0.816730623646,0.748303270158,0.605370229548
(1,1,527),0.854908540297,0.772178529236,0.199514711927
(1,1,528),0.825151164678,0.712427648643,0.11275781207
(1,1,529),0.827266184649,0.72138314706,0.123672773415
(1,1,530),0.831587044048,0.741858406738,0.334126392029
(1,1,531),0.82222012578,0.711450085217,0.0367875016329
(1,1,532),0.826232638928,0.733351331858,0.15899382339
(1,1,533),0.819671261111,0.748051651667,0.503449131724
(1,1,534),0.742189349112,0.651984998924,0.381022346602
(1,1,535),0.816627223507,0.712240917844,0.0966322194619
(1,1,536),0.836369484435,0.731259564215,0.163489750881
(1,1,537),0.837479713492,0.728036923589,0.195696755686
(1,1,538),0.838325263702,0.745650352738,0.122108430344
(1,1,539),0.862745264457,0.769812236921,0.222511735802
(1,1,540),0.829063712241,0.741614121475,0.433028398381
(1,1,541),0.843572368391,0.753194741537,0.272570038123
(1,1,542),0.77409375,0.671014718721,0.336667120532
(1,1,543),0.860492937504,0.782099143116,0.324482299686
(1,1,544),0.837548854128,0.739523926903,0.235253977217
(1,1,545),0.788606653204,0.691510017755,0.345147965495
(1,1,546),0.849922427471,0.784119003331,0.560209912483
(1,1,547),0.838998650974,0.750597039255,0.360628726988
(1,1,548),0.817947662718,0.718700341869,0.290308543127
(1,1,549),0.828428793873,0.756663798702,0.546261624405
(1,1,550),0.825707148748,0.737619676584,0.241651115366
(1,1,551),0.854092011264,0.772194045066,0.366750606151
(1,1,552),0.820252015994,0.732445971744,0.434922527872
(1,1,553),0.868776103215,0.79274355083,0.30826067544
(1,1,554),0.840284522666,0.739438045076,0.124546011296
(1,1,555),0.834104877071,0.755952245203,0.503920803661
(1,1,556),0.803604125977,0.691850769499,0.279592188887
(1,1,557),0.830211202938,0.718248855496,0.274730418661
(1,1,558),0.843016066482,0.769367118117,0.494693096531
(1,1,559),0.820566837897,0.735315373387,0.248247989826
(1,1,560),0.838430482609,0.743350240528,0.114226024132
(1,1,561),0.793728694911,0.691983877058,0.277592949223
(1,1,562),0.858969192758,0.767406617707,0.176548952837
(1,1,563),0.838525805308,0.757253236142,0.424944382663
(1,1,564),0.848078109092,0.756418356493,0.24459662675
(1,1,565),0.82869676527,0.738176627564,0.400435930283
(1,1,566),0.840392561983,0.744786716137,0.336569892638
(1,1,567),0.825660390302,0.720946939493,0.0863526080567
(1,1,568),0.818075357326,0.731389878534,0.356302256621
(1,1,569),0.829699565354,0.728209610438,0.192497272564
(1,1,570),0.871823966942,0.79614638136,0.411770007345
(1,1,571),0.765861275477,0.658289140371,0.14224447403
(1,1,572),0.852065240306,0.765521289918,0.441386468636
(1,1,573),0.861035815758,0.78224442011,0.433924334393
(1,1,574),0.820685811981,0.712003882614,0.190450693675
(1,1,575),0.827157969906,0.739029870511,0.386912922786
(1,1,576),0.849587469832,0.751410592161,0.121117714704
(1,1,577),0.88990480417,0.822868204674,0.541655025606
(1,1,578),0.836565952566,0.744971930383,0.258790994913
(1,1,579),0.843989285455,0.763848900635,0.487856864841
(1,1,580),0.880115377682,0.80211580059,0.553154241497
(1,1,581),0.797741071023,0.720596115545,0.553415624429
(1,1,582),0.855530850541,0.761340582352,0.362936418914
(1,1,583),0.848330059664,0.756863480507,0.301806993311
(1,1,584),0.82428011948,0.729766336478,0.143433559094
(1,1,585),0.753007458138,0.64624509625,0.102994750981
(1,1,586),0.827133836551,0.730204347021,0.362472694193
(1,1,587),0.778577609519,0.69805531863,0.433650743876
(1,1,588),0.775563942517,0.697593798383,0.59905025662
(1,1,589),0.819393580002,0.743009389871,0.452021169969
(1,1,590),0.838063260981,0.742826709413,0.112844651116
(1,1,591),0.830997737719,0.747546381677,0.453333982029
(1,1,592),0.829895049773,0.716125221559,0.330225115215
(1,1,593),0.840361478746,0.762326636169,0.39172294147
(1,1,594),0.827200576323,0.738286638385,0.346063056564
(1,1,595),0.877582274599,0.806197988458,0.433436131181
(1,1,596),0.788479921363,0.704604390854,0.488278822619
(1,1,597),0.817402729254,0.721929894837,0.325091749239
(1,1,598),0.83923615828,0.726567139446,0.22663629761
(1,1,599),0.805334307301,0.706612262464,0.262354155261
(1,1,600),0.794063805038,0.673636776016,0.111869007122
(1,1,601),0.816497801846,0.726811996716,0.333125036648
(1,1,602),0.835001797045,0.74626547117,0.29785075542
(1,1,603),0.725522963196,0.608370499839,0.0669949653747
(1,1,604),0.854663711073,0.757752381499,0.18538916742
(1,1,605),0.855992995517,0.776239944801,0.27457659911
(1,1,606),0.846566119477,0.743206129004,0.0864108387574
(1,1,607),0.759785878971,0.664560523971,0.299780851671
(1,1,608),0.813092806255,0.714009043231,0.112237915886
(1,1,609),0.820769069893,0.735484782017,0.327309809867
(1,1,610),0.8332177543,0.741985720434,0.294339931381
(1,1,611),0.836117383462,0.73631411774,0.179034007874
(1,1,612),0.825425107133,0.727889860359,0.253545357891
(1,1,613),0.78739252034,0.70389418569,0.408059747981
(1,1,614),0.826571733713,0.711570354586,0.224347025457
(1,1,615),0.805122533778,0.706013283172,0.264562235057
(1,1,616),0.795990481856,0.716558065649,0.469546861061
(1,1,617),0.831467561126,0.743449769081,0.269402334056
(1,1,618),0.871010212109,0.785636409153,0.347148445913
(1,1,619),0.871963744089,0.804769592305,0.40920278641
(1,1,620),0.815878617212,0.731081355833,0.550750707649
(1,1,621),0.82414901015,0.723513541576,0.271365341214
(1,1,622),0.842050146102,0.758502857849,0.365714809016
(1,1,623),0.823909989594,0.734642656036,0.333870671677
(1,1,624),0.858141824693,0.778207833722,0.223355700709
(1,1,625),0.820247472461,0.721832818756,0.276251451338
(1,1,626),0.843811128336,0.747510546039,0.173947168246
(1,1,627),0.749059496509,0.649268358967,0.211397112455
(1,1,628),0.765292415993,0.664340782532,0.178363927702
(1,1,629),0.814081957492,0.719515576489,0.381766564109
(1,1,630),0.846435337935,0.74653680479,0.23532720945
(1,1,631),0.819851555695,0.716733518272,0.313538517659
(1,1,632),0.8147265625,0.748199638895,0.592319278964
(1,1,633),0.80281679963,0.693640458323,0.220823417371
(1,1,634),0.842997094671,0.78262744327,0.731657829682
(1,1,635),0.832007466028,0.731047707056,0.258700390975
(1,1,636),0.830398425928,0.736261648668,0.217174401097
(1,1,637),0.706630859375,0.587244920268,0.0575818011548
(1,1,638),0.812240232214,0.719281174137,0.196602134199
(1,1,639),0.837915865669,0.753600391906,0.381364920461
(1,1,640),0.853643794975,0.77042472684,0.366389091674
(1,1,641),0.794453017833,0.69621020029,0.406050669526
(1,1,642),0.801355653779,0.708721523396,0.308249793135
(1,1,643),0.861036931515,0.767227854236,0.0766465788866
(1,1,644),0.839016331435,0.753773458657,0.493921532868
(1,1,645),0.78520549494,0.702322767279,0.502004019618
(1,1,646),0.841696000788,0.748483180978,0.287899720812
(1,1,647),0.824716280383,0.721886498681,0.149084797679
(1,1,648),0.815351348296,0.73529386844,0.499475877817
(1,1,649),0.852239648437,0.769415792992,0.384971023944
(1,1,650),0.850893052816,0.779245787854,0.535311769347
(1,1,651),0.845928995905,0.765538364683,0.368257521813
(1,1,652),0.803026942342,0.702791545674,0.282813669151
(1,1,653),0.845719267848,0.750684027347,0.147511272687
(1,1,654),0.82241455516,0.713147372764,0.236070267781
(1,1,655),0.845823510165,0.75627865459,0.486402820389
(1,1,656),0.837478629811,0.741431662008,0.17237357083
(1,1,657),0.793028882792,0.673590512662,0.21007256067
(1,1,658),0.826610270515,0.747901357658,0.537445634636
(1,1,659),0.773380930266,0.663982233699,0.306853109737
(1,1,660),0.838230220107,0.747923367147,0.273294018145
(1,1,661),0.748571186057,0.642575450221,0.249949783713
(1,1,662),0.784378051758,0.693515757886,0.330039604553
(1,1,663),0.756997070312,0.653450312859,0.197315267232
(1,1,664),0.780458142441,0.680900393639,0.248621913251
(1,1,665),0.824491919557,0.727869230716,0.321209939165
(1,1,666),0.838749570862,0.765620277439,0.514761386411
(1,1,667),0.842724782045,0.749503368903,0.332336119597
(1,1,668),0.820773567977,0.724618814264,0.225101777396
(1,1,669),0.807301090518,0.698509903602,0.168942159018
(1,1,670),0.84455264476,0.755945371224,0.344023871303
(1,1,671),0.813444444444,0.727702925365,0.538449107315
(1,1,672),0.826739510242,0.722096306171,0.164502040745
(1,1,673),0.841259033904,0.771262370679,0.42304053235
(1,1,674),0.802524795699,0.708808167598,0.284324034567
(1,1,675),0.852433699493,0.748583813821,0.195700193172
(1,1,676),0.768046924652,0.686054169506,0.522362112227
(1,1,677),0.812637877211,0.714029872178,0.3227938425
(1,1,678),0.818832266634,0.732572433475,0.403616328043
(1,1,679),0.827944947153,0.731102500721,0.220501363262
(1,1,680),0.845552743945,0.769901318251,0.461630418569
(1,1,681),0.817469255912,0.729081324214,0.36440506661
(1,1,682),0.851551013443,0.75246844976,0.289472907681
(1,1,683),0.836777725796,0.7688704666,0.366231325178
(1,1,684),0.776534265667,0.642487403514,0.0729647834377
(1,1,685),0.810450263174,0.71090522667,0.233024897376
(1,1,686),0.831865073205,0.768390527553,0.861584580841
(1,1,687),0.79333635129,0.684602130917,0.210820033927
(1,1,688),0.842913204063,0.757206226567,0.524648942007
(1,1,689),0.855898617641,0.768835331801,0.212131196406
(1,1,690),0.841393032821,0.757853495086,0.332717906345
(1,1,691),0.745873311451,0.626291720788,0.106575392334
(1,1,692),0.796679011678,0.691577779804,0.180956101321
(1,1,693),0.830878238544,0.725845961627,0.18971281975
(1,1,694),0.804979843789,0.720000467769,0.360667567645
(1,1,695),0.765812046376,0.658621804329,0.329049208426
(1,1,696),0.857435826949,0.770501136165,0.350740894199
(1,1,697),0.819502821822,0.728858561879,0.382372356176
(1,1,698),0.789034385813,0.665563336902,0.0790133104751
(1,1,699),0.864558922992,0.786828347407,0.266413927243
(1,1,700),0.837725953645,0.751392036922,0.430618898629
(1,1,701),0.828439532263,0.749262162209,0.496313850232
(1,1,702),0.809196597353,0.697925637304,0.186519786921
(1,1,703),0.788732470568,0.699846136056,0.466818205029
(1,1,704),0.762033057851,0.64657471899,0.0726682198679
(1,1,705),0.763401825487,0.651937100922,0.249772676186
(1,1,706),0.774544725279,0.674135053378,0.303501333184
(1,1,707),0.778842975207,0.683352531177,0.367678574973
(1,1,708),0.889524044833,0.831519864869,0.612012099501
(1,1,709),0.850781637088,0.776674654637,0.414164151996
(1,1,710),0.706337693222,0.609551629822,0.240857956536
(1,1,711),0.812967538064,0.720107288904,0.414726360882
(1,1,712),0.835099335821,0.748055958791,0.306765071596
(1,1,713),0.795127780496,0.680204374674,0.257042032643
(1,1,714),0.807363038714,0.705590028501,0.389072384423
(1,1,715),0.836714876033,0.718302682811,0.308368336926
(1,1,716),0.839732184937,0.738763518155,0.210636981991
(1,1,717),0.816449601283,0.729380801357,0.357395288336
(1,1,718),0.741545138889,0.634976668115,0.243639992454
(1,1,719),0.835901298602,0.730634996042,0.232285972257
(1,1,720),0.830870552364,0.742367470134,0.310882434731
(1,1,721),0.842078554562,0.758174978261,0.357025651928
(1,1,722),0.838661842681,0.760929693485,0.430888477842
(1,1,723),0.788243983738,0.687256968681,0.239518839031
(1,1,724),0.80975308642,0.694526647703,0.24836831816
(1,1,725),0.829428977551,0.728431296501,0.0864678671503
(1,1,726),0.827623365042,0.711291928076,0.326953974278
(1,1,727),0.770632425809,0.696575099239,0.55862224234
(1,1,728),0.828194128313,0.73578034012,0.208938622045
(1,1,729),0.826574761868,0.751637550129,0.593490605864
(1,1,730),0.843088282779,0.743523224615,0.160403077202
(1,1,731),0.79329031821,0.734554727371,0.716422822385
(1,1,732),0.738567649282,0.623766137004,0.216825217406
(1,1,733),0.788752479142,0.714027547245,0.634006727086
(1,1,734),0.846173536795,0.766196728444,0.44896179208
(1,1,735),0.816517805527,0.7443371976,0.527838562921
(1,1,736),0.838423465479,0.752727043229,0.423190596125
(1,1,737),0.826076901193,0.727116197599,0.140218308762
(1,1,738),0.80070318474,0.699571985918,0.205521141456
(1,1,739),0.810724691358,0.704683167057,0.232363027636
(1,1,740),0.79305588585,0.690576856584,0.380581708134
(1,1,741),0.864919564765,0.772756149436,0.380033586549
(1,1,742),0.807539789531,0.703721318309,0.265488466976
(1,1,743),0.860311418685,0.77177296699,0.487368585187
(1,1,744),0.772738172936,0.665048138058,0.121897602345
(1,1,745),0.83826122449,0.734664382548,0.38532176601
(1,1,746),0.824159698602,0.729228525063,0.285056155092
(1,1,747),0.819201976247,0.734144539658,0.61142921606
(1,1,748),0.772561409754,0.697613053157,0.487254629136
(1,1,749),0.768166089965,0.714477116464,0.629644327417
(1,1,750),0.704395854487,0.589746710954,0.136928869937
(1,1,751),0.869608291419,0.778451264338,0.482607160306
(1,1,752),0.820989254407,0.71299381715,0.125713996704
(1,1,753),0.826249893348,0.714558160693,0.150527146542
(1,1,754),0.835686436673,0.7717354609,0.582132474758
(1,1,755),0.862797070875,0.772778303109,0.157346365168
(1,1,756),0.771641513445,0.660110468667,0.230118912984
(1,1,757),0.808303850156,0.703665702432,0.354835339245
(1,1,758),0.757585733882,0.674925979723,0.463848771801
(1,1,759),0.821515998959,0.718698861725,0.153442177468
(1,1,760),0.775690697391,0.676927054655,0.351563838328
(1,1,761),0.800604082901,0.702264472074,0.41040868152
(1,1,762),0.811288255087,0.699845872907,0.257514556909
(1,1,763),0.789079620161,0.719122534364,0.52299667193
(1,1,764),0.832349801427,0.741109393917,0.324416822505
(1,1,765),0.835564813331,0.750689277159,0.443340442143
(1,1,766),0.784819675475,0.687147339365,0.278596248606
(1,1,767),0.815121539445,0.716263230063,0.278617189784
(1,1,768),0.810157043838,0.716414061082,0.315070562141
(1,1,769),0.82621559043,0.745806890238,0.304180702479
(1,1,770),0.77579778009,0.694479404423,0.452120574461
(1,1,771),0.825857648845,0.73534566885,0.263725500988
(1,1,772),0.799275449825,0.699446696285,0.155800958978
(1,1,773),0.855866733948,0.793552656798,0.6296601864
(1,1,774),0.815955555556,0.712486490672,0.383053110264
(1,1,775),0.811630134998,0.69353559762,0.099110209304
(1,1,776),0.818263416478,0.753043822744,0.615413736753
(1,1,777),0.823518543402,0.707028663175,0.108310753613
(1,1,778),0.774546014158,0.66727108844,0.193659639801
(1,1,779),0.78018511926,0.66770220578,0.143659669919
(1,1,780),0.841447603136,0.744595550125,0.335063953515
(1,1,781),0.853195266272,0.767482996304,0.505882030741
(1,1,782),0.846614759858,0.759959692753,0.245105596379
(1,1,783),0.747805020812,0.647547236321,0.350500386023
(1,1,784),0.825669818325,0.717093305685,0.205827070273
(1,1,785),0.7776114127,0.665336317084,0.107769342328
(1,1,786),0.824495974861,0.715564283925,0.271851102929
(1,1,787),0.824270502853,0.727984896179,0.230354187572
(1,1,788),0.847265153691,0.775742557805,0.608056591925
(1,1,789),0.704774922985,0.591705309784,0.0963388343224
(1,1,790),0.833528900362,0.744937837342,0.323998376014
(1,1,791),0.782662730298,0.682528888649,0.305032033097
(1,1,792),0.687559354226,0.579170808341,0.163900313837
(1,1,793),0.842336823346,0.750601012156,0.396269689291
(1,1,794),0.776136638087,0.673329017779,0.277045530164
(1,1,795),0.760237639052,0.644904699503,0.170946300732
(1,1,796),0.834421071033,0.748742089849,0.524139041076
(1,1,797),0.824973510396,0.71906186535,0.239274258675
(1,1,798),0.868313595047,0.781533649178,0.170934204016
(1,1,799),0.837427159209,0.752614970776,0.37460782074
(1,1,800),0.815484979463,0.727814441111,0.377487397059
(1,1,801),0.836106519743,0.790754756033,0.749828346384
(1,1,802),0.75,0.649026955434,0.254447717632
(1,1,803),0.8040740186,0.705467565147,0.369442651337
(1,1,804),0.747552590175,0.617919847032,0.144971465725
(1,1,805),0.80085463244,0.724801480708,0.693848878511
(1,1,806),0.795755853994,0.694324788321,0.371898741584
(1,1,807),0.78215683986,0.677153308174,0.296680874314
(1,1,808),0.853618222437,0.77277846912,0.495917198905
(1,1,809),0.761063719483,0.658845149207,0.247182821437
(1,1,810),0.770783412392,0.659171486882,0.230705730519
(1,1,811),0.823600158418,0.745321443124,0.505865506707
(1,1,812),0.814393832325,0.715278197389,0.350269915313
(1,1,813),0.809115829078,0.692537970887,0.187824101643
(1,1,814),0.820400979492,0.735377335747,0.522145583496
(1,1,815),0.750014768431,0.667623131516,0.432643286461
(1,1,816),0.833854938168,0.770439939678,0.713470733797
(1,1,817),0.811608204518,0.706177132225,0.371947411526
(1,1,818),0.737237237237,0.637848260006,0.378519849966
(1,1,819),0.810355029586,0.726776152958,0.526085195057
(1,1,820),0.845676162645,0.750387711511,0.326287986529
(1,1,821),0.810251703745,0.696119843918,0.166157535332
(1,1,822),0.81265906306,0.74474593069,0.589112005624
(1,1,823),0.826242525243,0.801499075741,0.848709154311
(1,1,824),0.834367361037,0.729812099864,0.300657558146
(1,1,825),0.792008763129,0.685313756655,0.313290292374
(1,1,826),0.80810914986,0.722750856887,0.382088217439
(1,1,827),0.795275127654,0.683048647892,0.19356028171
(1,1,828),0.881290087946,0.81066097674,0.606544792824
(1,1,829),0.785446890261,0.675052939413,0.198131703883
(1,1,830),0.808717757937,0.701099901878,0.215413207278
(1,1,831),0.777495502333,0.681299232611,0.276701935821
(1,1,832),0.822836263817,0.740056993104,0.514922331429
(1,1,833),0.830892908412,0.733098228479,0.248214521618
(1,1,834),0.823577442299,0.756488160788,0.671886416462
(1,1,835),0.806855,0.721976984444,0.331441671628
(1,1,836),0.875213498266,0.833118808793,0.728572813669
(1,1,837),0.832918910562,0.767767247129,0.68393060133
(1,1,838),0.746061236623,0.633261826839,0.262592840621
(1,1,839),0.795576,0.673639421301,0.133389111171
(1,1,840),0.811158836625,0.702218226663,0.141628243142
(1,1,841),0.739137249228,0.632651299311,0.22688254073
(1,1,842),0.824056749354,0.726104006697,0.283438324055
(1,1,843),0.73156462585,0.613522248606,0.208513253396
(1,1,844),0.826778542446,0.729956090649,0.245603073409
(1,1,845),0.82735531365,0.752828537682,0.552149777569
(1,1,846),0.770925462198,0.691028491806,0.486561062765
(1,1,847),0.802339319471,0.6940366826,0.302341978963
(1,1,848),0.819780495106,0.718598265889,0.194076485914
(1,1,849),0.754556578275,0.62490119108,0.0270165437418
(1,1,850),0.824132074599,0.714929883555,0.140434850959
(1,1,851),0.759745935552,0.680579966155,0.432623868794
(1,1,852),0.83024781854,0.719600894894,0.152891600647
(1,1,853),0.832290000842,0.747178810119,0.423666253783
(1,1,854),0.77935836644,0.660256083824,0.174387199881
(1,1,855),0.809068,0.70599476968,0.279073428695
(1,1,856),0.848847160037,0.763945037414,0.318627190459
(1,1,857),0.85474114317,0.778442321081,0.561919258123
(1,1,858),0.832874196511,0.73614691628,0.405358661077
(1,1,859),0.844229833478,0.782249666974,0.57089244274
(1,1,860),0.764857611999,0.639928134384,0.123118586471
(1,1,861),0.861935483871,0.788008843552,0.564637306661
(1,1,862),0.770486111111,0.670474538365,0.349791415753
(1,1,863),0.805768888889,0.720556065716,0.386989482606
(1,1,864),0.718091363592,0.603319720021,0.19291771886
(1,1,865),0.80225302213,0.725543767427,0.559938121033
(1,1,866),0.788730545818,0.694738586083,0.356493930687
(1,1,867),0.788669372585,0.685993171751,0.325726032803
(1,1,868),0.83399803553,0.755322043504,0.483664686717
(1,1,869),0.78927270647,0.664078601426,0.12777717329
(1,1,870),0.846040716505,0.777163531046,0.609843585841
(1,1,871),0.810663380999,0.697406431615,0.216101226118
(1,1,872),0.827767893582,0.734548199444,0.421329513459
(1,1,873),0.759760206104,0.659976223525,0.240117862513
(1,1,874),0.784755766212,0.700643930054,0.44796349135
(1,1,875),0.798829154571,0.706038209135,0.3657330389
(1,1,876),0.842309027778,0.768413002202,0.587332514929
(1,1,877),0.846861789983,0.773536853135,0.465390941916
(1,1,878),0.722721609114,0.607067813141,0.219943902135
(1,1,879),0.832500347078,0.730450391361,0.336599522896
(1,1,880),0.835618622449,0.760742492504,0.529632264657
(1,1,881),0.807831960729,0.717127714147,0.423256293471
(1,1,882),0.772148188395,0.682248703084,0.419183893095
(1,1,883),0.794363326539,0.68718804577,0.355968846276
(1,1,884),0.816569010417,0.714164757128,0.273055674193
(1,1,885),0.760865658903,0.684818589479,0.394758785938
(1,1,886),0.816531912054,0.722203293734,0.31152368446
(1,1,887),0.863674881717,0.756997906647,0.380797784667
(1,1,888),0.857749661524,0.778030842432,0.413408552427
(1,1,889),0.754473738133,0.67203592316,0.41824735616
(1,1,890),0.856738987508,0.763265690905,0.424569009648
(1,1,891),0.794944393429,0.67874967209,0.211701239442
(1,1,892),0.753231829934,0.641810623494,0.261264035924
(1,1,893),0.773293542701,0.70168499681,0.541160768618
(1,1,894),0.795347222222,0.705611231725,0.31733014776
(1,1,895),0.746131719897,0.657550948326,0.408511857103
(1,1,896),0.825552285319,0.740028629402,0.439003556209
(1,1,897),0.762675736961,0.685576336365,0.464456992096
(1,1,898),0.779659763314,0.693632175112,0.417827350579
(1,1,899),0.734034445969,0.643944349781,0.334705440066
(1,1,900),0.844486236572,0.759867707683,0.491908999311
(1,1,901),0.801838599911,0.691279463402,0.125198976458
(1,1,902),0.770967846074,0.674121040761,0.343146578747
(1,1,903),0.78361789119,0.680570619707,0.322000625621
(1,1,904),0.666510956344,0.576081152383,0.250646329808
(1,1,905),0.758319080904,0.68758007783,0.483256468052
(1,1,906),0.716438315005,0.627328583296,0.335540045753
(1,1,907),0.838811995386,0.742965372788,0.383031720876
(1,1,908),0.833075816506,0.766610189426,0.633778355032
(1,1,909),0.772687105288,0.658468282966,0.151472449362
(1,1,910),0.836943194034,0.75655435422,0.522096210734
(1,1,911),0.783619548037,0.683619442917,0.361404101954
(1,1,912),0.783106575964,0.672011757217,0.292263272874
(1,1,913),0.762015478668,0.661815858428,0.330648931063
(1,1,914),0.784631230224,0.721410005338,0.643156222022
(1,1,915),0.821950452531,0.7297667669,0.395146240661
(1,1,916),0.765821674488,0.673521288562,0.30963165918
(1,1,917),0.796245281094,0.6992975475,0.416006679423
(1,1,918),0.810709635417,0.727092593151,0.459623936593
(1,1,919),0.772763691206,0.703553114496,0.572467271084
(1,1,920),0.820071373457,0.738362590362,0.538889195379
(1,1,921),0.698298816568,0.603625164559,0.254293736963
(1,1,922),0.772459587765,0.647478687776,0.164094408717
(1,1,923),0.811173804012,0.728547649285,0.510926443749
(1,1,924),0.760887623116,0.659326634778,0.286699827728
(1,1,925),0.767667625471,0.643848436093,0.143827978299
(1,1,926),0.828982967868,0.715557088302,0.24834222523
(1,1,927),0.857979137812,0.821911669673,0.886307636113
(1,1,928),0.8415,0.788638504193,0.657168948886
(1,1,929),0.736562751948,0.622021759344,0.154144081467
(1,1,930),0.812239854318,0.700816738951,0.244266583881
(1,1,931),0.749399269512,0.663016379288,0.375162786591
(1,1,932),0.864963672544,0.798649839994,0.592093095118
(1,1,933),0.725718065004,0.636259492902,0.285151744102
(1,1,934),0.766306712551,0.678435954243,0.450404118687
(1,1,935),0.793602788015,0.673591168291,0.232911129441
(1,1,936),0.825596191913,0.78105208799,0.761141487442
(1,1,937),0.728377456755,0.637802674739,0.332369843282
(1,1,938),0.819893300503,0.741887292779,0.485232766947
(1,1,939),0.77453125,0.694248253453,0.473597937927
(1,1,940),0.767205246079,0.667666229388,0.322438056863
(1,1,941),0.823680398085,0.730926794949,0.41425024807
(1,1,942),0.817943786982,0.695782509144,0.258479308645
(1,1,943),0.863566058423,0.780295558623,0.445477135245
(1,1,944),0.744425,0.661404091331,0.426047944628
(1,1,945),0.769486919921,0.670157976102,0.335142656944
(1,1,946),0.832860528584,0.734384295059,0.4127273263
(1,1,947),0.72867768595,0.663683514829,0.454342315419
(1,1,948),0.746588883939,0.646028952771,0.255950829464
(1,1,949),0.741193415638,0.657352110199,0.353687061054
(1,1,950),0.813964317224,0.737310363596,0.531831981077
(1,1,951),0.759057316995,0.653239231939,0.197336901481
(1,1,952),0.724832689226,0.614920926443,0.248527942345
(1,1,953),0.791980968858,0.678169685742,0.211229551711
(1,1,954),0.757948806244,0.656075837992,0.303778862025
(1,1,955),0.776233325164,0.680045313397,0.368957559413
(1,1,956),0.815637237451,0.747846224933,0.567966088705
(1,1,957),0.785945670785,0.685359181395,0.319074232523
(1,1,958),0.812271776786,0.720427180523,0.382403682949
(1,1,959),0.803320427573,0.722989458491,0.536074173603
(1,1,960),0.824268310265,0.741786871669,0.466204222863
(1,1,961),0.7321026459,0.627891746744,0.249836427832
(1,1,962),0.807949841734,0.688891419867,0.294736452284
(1,1,963),0.869077453207,0.776840792275,0.497336422392
