(0,1,0),0.869778352321,0.922591326814,1.0
(1,0,0),0.994188798506,0.993418860121,1.0
(0,0,0),0.82058347947,0.842755958026,1.0
(1,1,0),0.839337720792,0.765958435398,0.28716108557
(1,1,1),0.844734327994,0.766145577639,0.106099914021
(1,1,2),0.813511966701,0.723666848476,0.31004371917
(1,1,3),0.842496890723,0.757744234346,0.106466082987
(1,1,4),0.828216583453,0.737956131737,0.206347992286
(1,1,5),0.841463510159,0.768586682183,0.360783901627
(1,1,6),0.829416625037,0.760196914298,0.396629631916
(1,1,7),0.858726703768,0.782204022339,0.17215222304
(1,1,8),0.843448486017,0.765699736385,0.26624689346
(1,1,9),0.845373425895,0.758578444184,0.203729733887
(1,1,10),0.825581337125,0.745233171582,0.524441236198
(1,1,11),0.816212840964,0.726189091763,0.248071607828
(1,1,12),0.845395782606,0.772088689782,0.403608193832
(1,1,13),0.853109954186,0.782749118929,0.348171005147
(1,1,14),0.856228450547,0.781454144413,0.24850967107
(1,1,15),0.864497937827,0.791293153492,0.504416087028
(1,1,16),0.859461785926,0.789356747643,0.455195892605
(1,1,17),0.841268745217,0.760458648459,0.152718193059
(1,1,18),0.847661712587,0.773265581173,0.261575710246
(1,1,19),0.840703253798,0.749191367095,0.208983455667
(1,1,20),0.839293806998,0.746575186526,0.146219295514
(1,1,21),0.844274522505,0.767507201286,0.28660871242
(1,1,22),0.836336924721,0.754658953689,0.303658174657
(1,1,23),0.832683169659,0.754024714367,0.40941969532
(1,1,24),0.844251166652,0.769565988873,0.382901808219
(1,1,25),0.864604919819,0.803575963832,0.406853122051
(1,1,26),0.839204357843,0.765185855369,0.19332505648
(1,1,27),0.843575372898,0.762025389826,0.297245949401
(1,1,28),0.848112109269,0.770037640566,0.234813268437
(1,1,29),0.846791804289,0.771972973096,0.236525910104
(1,1,30),0.835371505452,0.749355420991,0.281070071176
(1,1,31),0.868899758699,0.795685553852,0.410191523561
(1,1,32),0.83876980536,0.764377821214,0.387498990843
(1,1,33),0.855135732323,0.782755101694,0.278696898286
(1,1,34),0.887021671295,0.81903458655,0.564581938691
(1,1,35),0.853563815635,0.77692459592,0.136149441634
(1,1,36),0.86752687341,0.791170394485,0.182384409746
(1,1,37),0.86576613482,0.791840470732,0.355451597582
(1,1,38),0.82466677906,0.740654833964,0.52874855961
(1,1,39),0.840209033564,0.755480227116,0.249901658972
(1,1,40),0.808214200157,0.714614886369,0.396072676677
(1,1,41),0.859600665406,0.773236715576,0.042275716163
(1,1,42),0.854774526998,0.764941012656,0.241517135296
(1,1,43),0.867241514062,0.794402867103,0.440864130464
(1,1,44),0.855663660539,0.786750074428,0.560109058314
(1,1,45),0.84007840577,0.743674096978,0.18811939177
(1,1,46),0.844174217943,0.759536290435,0.17836339891
(1,1,47),0.822289369582,0.740193577366,0.522247605841
(1,1,48),0.828996562183,0.733534004979,0.298967234886
(1,1,49),0.796206481481,0.698893522178,0.234026787817
(1,1,50),0.859234577687,0.778895238415,0.232948257982
(1,1,51),0.858139078399,0.792108380867,0.568033921155
(1,1,52),0.842882237954,0.753941907041,0.233607174217
(1,1,53),0.837357633309,0.765018805532,0.460634176886
(1,1,54),0.860786962037,0.778168009866,0.230542099184
(1,1,55),0.829927954168,0.736409953843,0.2575127374
(1,1,56),0.869766108302,0.801399743706,0.478017238192
(1,1,57),0.814824027684,0.727357641464,0.339320180392
(1,1,58),0.811487579253,0.703757836636,0.171526267518
(1,1,59),0.849813675061,0.768680463845,0.344050823126
(1,1,60),0.841979043849,0.75784836878,0.324352598922
(1,1,61),0.854619998987,0.772824267932,0.149648226028
(1,1,62),0.818414573743,0.736552872421,0.382880090003
(1,1,63),0.828979540307,0.732589485271,0.278671318856
(1,1,64),0.844208150783,0.7590916395,0.165130533461
(1,1,65),0.843763168641,0.76823003856,0.388776730266
(1,1,66),0.827883517266,0.745545229137,0.516024597788
(1,1,67),0.847480307026,0.757238680961,0.286914178649
(1,1,68),0.851061167353,0.764290522726,0.112560708141
(1,1,69),0.855503751009,0.780687515102,0.269123043891
(1,1,70),0.846577557705,0.751468263948,0.10064659618
(1,1,71),0.839109351896,0.752628385453,0.253125794047
(1,1,72),0.82790494838,0.73665330151,0.247634661941
(1,1,73),0.853852316078,0.773860872393,0.223288229733
(1,1,74),0.832789451892,0.751676378667,0.358706401942
(1,1,75),0.843182442538,0.767649638661,0.521796078813
(1,1,76),0.8241994961,0.73609410079,0.138256162269
(1,1,77),0.846321062967,0.762803575742,0.127119928097
(1,1,78),0.844994907056,0.764402141074,0.319949538381
(1,1,79),0.825746319282,0.726564009869,0.156648252517
(1,1,80),0.828861604853,0.748677500684,0.471154770401
(1,1,81),0.827078001866,0.733717506406,0.203312275529
(1,1,82),0.867235611019,0.798738716474,0.1543164604
(1,1,83),0.855143526183,0.776200866272,0.395411823132
(1,1,84),0.793420338233,0.692267642303,0.267144857593
(1,1,85),0.87268182117,0.800891846271,0.329027817507
(1,1,86),0.873012357614,0.800104309813,0.199176731402
(1,1,87),0.854171537136,0.778932338018,0.203863274237
(1,1,88),0.842457262526,0.754779635664,0.30093349763
(1,1,89),0.852753221052,0.768266015116,0.193018646953
(1,1,90),0.844290941765,0.745936872313,0.139468572686
(1,1,91),0.857071623139,0.778377360183,0.297802185243
(1,1,92),0.794358995226,0.689973399293,0.294904531285
(1,1,93),0.86540968701,0.800052444659,0.482693685571
(1,1,94),0.850093322427,0.771840390513,0.307366303297
(1,1,95),0.843868344843,0.757558426054,0.442050338279
(1,1,96),0.840012606018,0.764540133058,0.416609914861
(1,1,97),0.857583019393,0.770084885238,0.191267261067
(1,1,98),0.820663278161,0.727864648073,0.303321757191
(1,1,99),0.830424055263,0.754063022442,0.366011764931
(1,1,100),0.83033939012,0.748493517224,0.360937638533
(1,1,101),0.859685291717,0.78540136673,0.507884711596
(1,1,102),0.841949608124,0.759240590517,0.543175264296
(1,1,103),0.847368232202,0.776891115176,0.335331631318
(1,1,104),0.845878717708,0.771355115262,0.59397657204
(1,1,105),0.847161080367,0.771834882372,0.475481380918
(1,1,106),0.859040259622,0.781834094093,0.329117028319
(1,1,107),0.799536056934,0.722318570099,0.536941095691
(1,1,108),0.847290780561,0.764848429608,0.178324509858
(1,1,109),0.844286560502,0.773132617706,0.530670716818
(1,1,110),0.84622506523,0.784170672198,0.680167185589
(1,1,111),0.858018308084,0.771419845843,0.156897278215
(1,1,112),0.82966535351,0.746156687586,0.2340484583
(1,1,113),0.896177799219,0.846013437467,0.675641362129
(1,1,114),0.870690118343,0.78877554545,0.172835634634
(1,1,115),0.853011822105,0.790733906023,0.61758372581
(1,1,116),0.860245540129,0.779758829561,0.255550328046
(1,1,117),0.832854545634,0.742628228018,0.332202985595
(1,1,118),0.8396938238,0.759905573483,0.348825977482
(1,1,119),0.819408826739,0.735262084177,0.449373151913
(1,1,120),0.839683032456,0.753516057105,0.414088229181
(1,1,121),0.837218285471,0.772168209743,0.692744235868
(1,1,122),0.829663145165,0.736026412943,0.294599557192
(1,1,123),0.864211836142,0.786422559103,0.275082025068
(1,1,124),0.84437544052,0.743587595332,0.216079745147
(1,1,125),0.846517439876,0.767647191694,0.504258608332
(1,1,126),0.844484740388,0.75564388239,0.17471028981
(1,1,127),0.834378143629,0.739150082219,0.0956017629493
(1,1,128),0.853689978681,0.779432191986,0.344796305659
(1,1,129),0.881179941721,0.820140740235,0.518192952684
(1,1,130),0.845745927047,0.769063166944,0.261706954336
(1,1,131),0.831917241379,0.750904566391,0.477002989623
(1,1,132),0.799516101087,0.679886505249,0.144004856215
(1,1,133),0.83344736363,0.768500227743,0.412591786012
(1,1,134),0.839169910688,0.750969357868,0.228136687316
(1,1,135),0.878177973595,0.815339401853,0.493500690787
(1,1,136),0.842020917973,0.755991065761,0.122611655984
(1,1,137),0.866177112234,0.797158237496,0.318905105091
(1,1,138),0.854899659528,0.774385498606,0.185184327115
(1,1,139),0.843590413534,0.763389505868,0.21925855677
(1,1,140),0.795929948264,0.699219868608,0.393476954516
(1,1,141),0.813282497596,0.711220619009,0.239013625567
(1,1,142),0.844098597595,0.758531522163,0.354432054055
(1,1,143),0.850181733268,0.766937780282,0.265537484757
(1,1,144),0.81844191844,0.726860720668,0.345547731044
(1,1,145),0.827579957908,0.741619903905,0.231213085563
(1,1,146),0.837603230804,0.756440319389,0.348780418639
(1,1,147),0.837482161795,0.758127210062,0.325098656152
(1,1,148),0.837660354722,0.760352881675,0.618640557597
(1,1,149),0.845215175005,0.765002820674,0.274550722998
(1,1,150),0.85967062019,0.784058525909,0.342521072942
(1,1,151),0.85554151106,0.781275848787,0.492990622687
(1,1,152),0.842603555037,0.765220249786,0.330170263709
(1,1,153),0.852511060052,0.785316117601,0.388691733701
(1,1,154),0.819651020408,0.705933462324,0.0752951347778
(1,1,155),0.837441912175,0.756586914361,0.160999685413
(1,1,156),0.842370606926,0.761146927235,0.346945522993
(1,1,157),0.846429409346,0.746113384204,0.257469764604
(1,1,158),0.865618514354,0.79980748557,0.660809072973
(1,1,159),0.876550218608,0.802663409657,0.44619027591
(1,1,160),0.851844167818,0.776369439795,0.30585086655
(1,1,161),0.858791004081,0.802082350215,0.721261745015
(1,1,162),0.832365176619,0.744286304338,0.206054026793
(1,1,163),0.879292892466,0.802223674612,0.155074921458
(1,1,164),0.861401694932,0.791680847141,0.314879031137
(1,1,165),0.850542572186,0.77381813727,0.102054153844
(1,1,166),0.859750162394,0.791675161551,0.486957387692
(1,1,167),0.865238837833,0.790062501797,0.459583263897
(1,1,168),0.839172306681,0.748764717585,0.108519329625
(1,1,169),0.854987546597,0.780855251144,0.292290050549
(1,1,170),0.851697074572,0.774129232957,0.353781133667
(1,1,171),0.846449097203,0.765659980654,0.280696286027
(1,1,172),0.856143696555,0.781034866718,0.412705959478
(1,1,173),0.837298134227,0.758617073517,0.307895215108
(1,1,174),0.848898027904,0.770983747268,0.37282586555
(1,1,175),0.846197204045,0.76695955921,0.449699389783
(1,1,176),0.869624024139,0.802020873208,0.332671502039
(1,1,177),0.871447231419,0.801559971909,0.356786954868
(1,1,178),0.798428749456,0.708928591029,0.363926302885
(1,1,179),0.858116981378,0.776275636467,0.325907104269
(1,1,180),0.83567533557,0.742305450127,0.198234832446
(1,1,181),0.84410322129,0.761946253339,0.121563845356
(1,1,182),0.852323626918,0.77704025834,0.359680780011
(1,1,183),0.821255924299,0.728944862912,0.215794805312
(1,1,184),0.832339236715,0.758235317253,0.233081953472
(1,1,185),0.850251919094,0.778403517686,0.297340056068
(1,1,186),0.8248880841,0.728595788162,0.152242763159
(1,1,187),0.85672017784,0.772256947038,0.223540247691
(1,1,188),0.854981219031,0.763467153196,0.208705037552
(1,1,189),0.85999519667,0.788036429375,0.322620109775
(1,1,190),0.875715058751,0.807247662187,0.23168629283
(1,1,191),0.862705883964,0.790898592978,0.372610988051
(1,1,192),0.823429972552,0.733534871894,0.174279496661
(1,1,193),0.79816156129,0.724530651905,0.50246499164
(1,1,194),0.856509141414,0.77679356762,0.376818264378
(1,1,195),0.840741681247,0.756543857983,0.254887248761
(1,1,196),0.84652608579,0.765728560845,0.276800579175
(1,1,197),0.857847538825,0.776141885618,0.242759254111
(1,1,198),0.85235604859,0.78044527625,0.439745301171
(1,1,199),0.854455549459,0.779624461064,0.356925001853
(1,1,200),0.855116195495,0.77482989109,0.330291926321
(1,1,201),0.835488679847,0.745562647001,0.239503309425
(1,1,202),0.848023965359,0.772896270499,0.413934611216
(1,1,203),0.856460696282,0.7860577293,0.366557522226
(1,1,204),0.852376630261,0.772208261439,0.228338795091
(1,1,205),0.772908293305,0.657182239224,0.228504458467
(1,1,206),0.832193686559,0.759898856597,0.677388405809
(1,1,207),0.869145107646,0.788683197578,0.133862933816
(1,1,208),0.836477718203,0.743341161019,0.195043410384
(1,1,209),0.859169610358,0.783064475102,0.244173408824
(1,1,210),0.874265814887,0.8031234478,0.23256033017
(1,1,211),0.802769110399,0.703716684901,0.313723713588
(1,1,212),0.834809423843,0.734165587481,0.0829396923637
(1,1,213),0.835533906021,0.735434877434,0.0516755635183
(1,1,214),0.844262454673,0.761928891296,0.246210375862
(1,1,215),0.858898754005,0.786292350755,0.430551805219
(1,1,216),0.865593193727,0.802782886509,0.5183527473
(1,1,217),0.811572767491,0.705275059116,0.197284161061
(1,1,218),0.846370496333,0.754174043265,0.327226066174
(1,1,219),0.836863416823,0.742099820709,0.115552465071
(1,1,220),0.853645855778,0.773924863813,0.276844109359
(1,1,221),0.830092248838,0.744039933729,0.244414351417
(1,1,222),0.816891694068,0.713831909308,0.259951992475
(1,1,223),0.810366681756,0.721494677496,0.416431180955
(1,1,224),0.878448295598,0.809395643077,0.505200672188
(1,1,225),0.83402260249,0.743336805803,0.1151930306
(1,1,226),0.864300659038,0.787561852978,0.474345920574
(1,1,227),0.825332575573,0.746823883518,0.626651562426
(1,1,228),0.863552672098,0.788746524119,0.232382954897
(1,1,229),0.846023430033,0.786356462601,0.676926378813
(1,1,230),0.807290618417,0.706565985208,0.25355125046
(1,1,231),0.804861630034,0.702321174721,0.204640830182
(1,1,232),0.877786362686,0.813579773326,0.531881355762
(1,1,233),0.858974095989,0.776717038174,0.33966906265
(1,1,234),0.845089702513,0.769044850804,0.360218046323
(1,1,235),0.852884611457,0.776060393746,0.339806554586
(1,1,236),0.848758095996,0.773149394697,0.2761092868
(1,1,237),0.845048476454,0.772747157894,0.57208490372
(1,1,238),0.868202224263,0.812058422396,0.728629720264
(1,1,239),0.852224234584,0.770457126835,0.153912695061
(1,1,240),0.848466995125,0.775185310745,0.425524635429
(1,1,241),0.861448828823,0.788434173734,0.469823069855
(1,1,242),0.824215803969,0.716602540516,0.0999305505773
(1,1,243),0.84934260635,0.757111685569,0.163078690523
(1,1,244),0.856562943326,0.777601667177,0.284001839038
(1,1,245),0.846036473868,0.758891505747,0.224112378999
(1,1,246),0.863250229779,0.779515382485,0.130417122052
(1,1,247),0.841008509486,0.76525032442,0.450764874198
(1,1,248),0.877380068284,0.809895282369,0.284502466372
(1,1,249),0.81752468533,0.721753415174,0.266864545258
(1,1,250),0.814211193499,0.733602949339,0.371589330764
(1,1,251),0.832021681902,0.738663783778,0.267263475465
(1,1,252),0.859207707361,0.79452503338,0.451210201072
(1,1,253),0.840723728589,0.76060332166,0.386213141158
(1,1,254),0.87446297013,0.802692947006,0.417211469542
(1,1,255),0.853678256859,0.767048204531,0.226843167931
(1,1,256),0.848873667114,0.763343935863,0.282644807737
(1,1,257),0.857857535892,0.782188387101,0.351618875697
(1,1,258),0.839784572886,0.736811160383,0.181336083034
(1,1,259),0.813033465939,0.729613205259,0.610907980879
(1,1,260),0.837397962978,0.74689985868,0.190221632207
(1,1,261),0.860146505098,0.779404624954,0.513122394178
(1,1,262),0.852026576517,0.761311362407,0.275879015218
(1,1,263),0.850457165242,0.767002781803,0.0953030556407
(1,1,264),0.853054909872,0.772178350506,0.178598537457
(1,1,265),0.865203136573,0.800095490069,0.600189573987
(1,1,266),0.842915890599,0.759977835136,0.254936640651
(1,1,267),0.840817301409,0.75434128188,0.179328221405
(1,1,268),0.84283596,0.769419727756,0.203893450279
(1,1,269),0.858124925415,0.778497587402,0.181067094319
(1,1,270),0.814141837797,0.706777898892,0.106923252271
(1,1,271),0.849711900232,0.766369265283,0.0756148089611
(1,1,272),0.852895266002,0.785472763416,0.493996206273
(1,1,273),0.845639120095,0.751386235549,0.36322299972
(1,1,274),0.844433938868,0.770817654896,0.457992448429
(1,1,275),0.816677223611,0.720640267287,0.233899206162
(1,1,276),0.833593819053,0.753688711502,0.35575205457
(1,1,277),0.865182828491,0.796308346431,0.396774244127
(1,1,278),0.840731371588,0.772818673027,0.413246248686
(1,1,279),0.84476789899,0.758293748585,0.177166419476
(1,1,280),0.856165800514,0.787114321092,0.524831055015
(1,1,281),0.859929636631,0.798873258344,0.729305302878
(1,1,282),0.861220119918,0.770642707795,0.178949201811
(1,1,283),0.855200233564,0.769309376262,0.188808781135
(1,1,284),0.850200700766,0.769930011836,0.451489502007
(1,1,285),0.843059093829,0.770080731367,0.424773845827
(1,1,286),0.841561006096,0.754955149593,0.117422186408
(1,1,287),0.806229303891,0.706505492176,0.0894185764275
(1,1,288),0.797991134691,0.723232561713,0.483274655693
(1,1,289),0.811995486285,0.725681506251,0.35151315913
(1,1,290),0.817693905817,0.738338549447,0.477000508477
(1,1,291),0.848792974717,0.765390119928,0.282243225863
(1,1,292),0.822181393946,0.724319924886,0.358194054435
(1,1,293),0.835322021497,0.746004248648,0.29626618111
(1,1,294),0.856759801257,0.778438060195,0.22576453738
(1,1,295),0.838004265729,0.758783693386,0.139593275074
(1,1,296),0.843023690879,0.757858573926,0.159726858434
(1,1,297),0.81434934518,0.726289068303,0.32847628627
(1,1,298),0.848259911946,0.762749952925,0.215304471087
(1,1,299),0.852103625879,0.782630142151,0.412439579312
(1,1,300),0.837154146077,0.755370981632,0.544321769935
(1,1,301),0.852867066075,0.775557291437,0.296506689864
(1,1,302),0.863041085351,0.786653930135,0.361383152713
(1,1,303),0.862595856864,0.803352589218,0.665966115702
(1,1,304),0.876453135752,0.808362941444,0.589020645044
(1,1,305),0.850567549557,0.77872793496,0.22658581658
(1,1,306),0.834779937483,0.742137717573,0.22478290031
(1,1,307),0.83547759421,0.751968798373,0.452384066216
(1,1,308),0.832280759532,0.738505390028,0.149297368679
(1,1,309),0.854857808147,0.782743142847,0.413553561509
(1,1,310),0.857071945232,0.781958328336,0.467502225143
(1,1,311),0.843772352447,0.763045724055,0.406195984241
(1,1,312),0.803236255286,0.715742278085,0.447465115296
(1,1,313),0.830123506394,0.744592673695,0.302651707392
(1,1,314),0.830201256483,0.745129829789,0.33393151406
(1,1,315),0.865561342476,0.78122038598,0.424916592412
(1,1,316),0.79745857531,0.697566322812,0.242666996445
(1,1,317),0.858225787808,0.781415540757,0.331573090266
(1,1,318),0.853532053471,0.784527424884,0.554823362162
(1,1,319),0.848368351759,0.771485088899,0.250390865403
(1,1,320),0.873051975074,0.810168995198,0.464847267591
(1,1,321),0.883198815329,0.817552288315,0.316621742254
(1,1,322),0.836035861203,0.740054266792,0.221708612265
(1,1,323),0.860367383507,0.778146016678,0.432460160616
(1,1,324),0.862173362074,0.78570494828,0.345209695428
(1,1,325),0.837773998488,0.750601126986,0.362174181971
(1,1,326),0.823225253629,0.741619988474,0.436877943623
(1,1,327),0.842462712113,0.753213813738,0.301924699585
(1,1,328),0.799816356136,0.70205138292,0.480328686751
(1,1,329),0.842803713213,0.754424194791,0.256643151404
(1,1,330),0.845714344453,0.761969866237,0.320944163209
(1,1,331),0.848732085861,0.76407955057,0.369228325151
(1,1,332),0.848475390905,0.755517419985,0.299134394886
(1,1,333),0.850704967423,0.776445882859,0.532501734511
(1,1,334),0.848539644081,0.767657633459,0.354138752027
(1,1,335),0.850884758811,0.775843722115,0.276747143652
(1,1,336),0.713434499314,0.609589149918,0.201620551118
(1,1,337),0.847334817236,0.768517857571,0.156535584158
(1,1,338),0.844382374567,0.762141284373,0.41855567317
(1,1,339),0.854394635361,0.781011684143,0.297556283778
(1,1,340),0.857415402017,0.784045887894,0.40651198149
(1,1,341),0.842244871414,0.761741724024,0.531489316132
(1,1,342),0.864362483755,0.786815883804,0.400168374923
(1,1,343),0.855275709303,0.78170484458,0.425739701124
(1,1,344),0.834078347427,0.748906424268,0.0732177237254
(1,1,345),0.855105988998,0.768757123857,0.124032895823
(1,1,346),0.830763806524,0.750061677774,0.196927754733
(1,1,347),0.849446427847,0.771839727463,0.338238328776
(1,1,348),0.861831601013,0.786614663836,0.495639478825
(1,1,349),0.85558512635,0.766626134114,0.213450468974
(1,1,350),0.857602496342,0.780962123205,0.553331286356
(1,1,351),0.821091467312,0.73714254597,0.423851333941
(1,1,352),0.842130082276,0.7543795834,0.151274490284
(1,1,353),0.850019062921,0.757959578179,0.359915681894
(1,1,354),0.831284483829,0.749972626846,0.325304474155
(1,1,355),0.875792752217,0.810488789121,0.337790353753
(1,1,356),0.814575721326,0.73183693574,0.368913935942
(1,1,357),0.867584115216,0.782716251037,0.239300037463
(1,1,358),0.84510415152,0.767975818252,0.537255047465
(1,1,359),0.847969603462,0.762319656497,0.185171400197
(1,1,360),0.83666837435,0.737437174889,0.206818561386
(1,1,361),0.803802625622,0.700571053424,0.286625822471
(1,1,362),0.851777173417,0.774957709873,0.0878242010549
(1,1,363),0.842531880285,0.776493886464,0.682998366017
(1,1,364),0.832936851211,0.730334559284,0.325761558579
(1,1,365),0.847739647366,0.772588939364,0.452999911492
(1,1,366),0.799002835539,0.706139209971,0.4212567674
(1,1,367),0.805487158442,0.739139929021,0.5276123234
(1,1,368),0.789355294468,0.700729418298,0.42608896964
(1,1,369),0.776902821259,0.66660408076,0.163300327737
(1,1,370),0.825902752296,0.737538767291,0.351464283478
(1,1,371),0.86542798098,0.801446202,0.627370890867
(1,1,372),0.835796158374,0.744106364374,0.283715754185
(1,1,373),0.849277241569,0.777789507246,0.562252473632
(1,1,374),0.843848467016,0.754391952067,0.193525435777
(1,1,375),0.822119317331,0.736302681452,0.341563631353
(1,1,376),0.853695482539,0.781075648208,0.436856151121
(1,1,377),0.866989795918,0.825526983542,0.760409133309
(1,1,378),0.838875573404,0.762003242812,0.459670003036
(1,1,379),0.825075608877,0.727135755996,0.27438113313
(1,1,380),0.834312492774,0.740180604493,0.333474317119
(1,1,381),0.859291552364,0.784787812438,0.476886797924
(1,1,382),0.864191898611,0.77969736105,0.134755945139
(1,1,383),0.841284121124,0.74285153124,0.0607298643261
(1,1,384),0.846807673946,0.766067800732,0.38426072768
(1,1,385),0.85857413991,0.78002545384,0.21958795491
(1,1,386),0.839697728595,0.753129088712,0.280413778223
(1,1,387),0.874323503925,0.819468455355,0.696851297106
(1,1,388),0.852147398081,0.779927352322,0.557464977738
(1,1,389),0.860185536979,0.778041123913,0.349669068849
(1,1,390),0.829966942928,0.747219992758,0.274129344009
(1,1,391),0.875832624929,0.809228560669,0.507571317296
(1,1,392),0.836398812123,0.732652384418,0.123819606992
(1,1,393),0.876748456097,0.812680417335,0.410363253358
(1,1,394),0.84900158861,0.774780018449,0.566908212505
(1,1,395),0.83668355315,0.757096471621,0.308158080962
(1,1,396),0.865138681878,0.802827728049,0.564583755905
(1,1,397),0.819854040584,0.731081675319,0.238671515798
(1,1,398),0.829647802199,0.733505712803,0.160787410337
(1,1,399),0.844090369511,0.755642568361,0.270766512362
(1,1,400),0.830121638742,0.732956641319,0.247782199596
(1,1,401),0.840947461191,0.763659129364,0.46012160528
(1,1,402),0.815458770229,0.712343089305,0.0557107283909
(1,1,403),0.830791111111,0.748770363264,0.442578458858
(1,1,404),0.862712634642,0.790101840975,0.538104835538
(1,1,405),0.833415031249,0.741262397616,0.322689642586
(1,1,406),0.828292990903,0.736887297298,0.375130481737
(1,1,407),0.837649225473,0.760161912326,0.453847752548
(1,1,408),0.875922587416,0.810135681959,0.346789407687
(1,1,409),0.909936489347,0.845664914266,0.68258709808
(1,1,410),0.792655946006,0.707389864263,0.458987230946
(1,1,411),0.84310661546,0.76971893583,0.479149465784
(1,1,412),0.846002062403,0.760218798298,0.325077605208
(1,1,413),0.848676889138,0.775169022793,0.368134715333
(1,1,414),0.840318784208,0.760606270822,0.312515137192
(1,1,415),0.865295260031,0.790064353758,0.358860362998
(1,1,416),0.836991165573,0.747788580653,0.178024612066
(1,1,417),0.862758406519,0.787872783836,0.309822269215
(1,1,418),0.832373008466,0.746581787887,0.229208971915
(1,1,419),0.791753465177,0.699027387457,0.286652440808
(1,1,420),0.817074870898,0.737695896784,0.451223144582
(1,1,421),0.865545645215,0.797176809038,0.439954020769
(1,1,422),0.861694904784,0.79233205483,0.182596267601
(1,1,423),0.875257472737,0.80496177336,0.517506210287
(1,1,424),0.838656015566,0.7645380137,0.59121750457
(1,1,425),0.844680486858,0.751089026754,0.195880248446
(1,1,426),0.86629409071,0.786031349359,0.297824563599
(1,1,427),0.86091469102,0.778180128179,0.187531144939
(1,1,428),0.869105941046,0.787072175972,0.311947858948
(1,1,429),0.867427390621,0.78594658114,0.195024241365
(1,1,430),0.850672962267,0.772746668132,0.332214247967
(1,1,431),0.788179012346,0.692055828318,0.310457605105
(1,1,432),0.84960882004,0.757188802061,0.348178158069
(1,1,433),0.861096175504,0.785025412758,0.289316614613
(1,1,434),0.843561724198,0.755812153602,0.38960688658
(1,1,435),0.852845820902,0.769049769896,0.182632834601
(1,1,436),0.837883540829,0.746806340999,0.468843581954
(1,1,437),0.835257799981,0.749863399782,0.418756632099
(1,1,438),0.808118407512,0.711987994641,0.388773751166
(1,1,439),0.84244600199,0.753749116546,0.179183182402
(1,1,440),0.841557748055,0.767739927691,0.383252080956
(1,1,441),0.872432097859,0.800316078198,0.309725054526
(1,1,442),0.826784746802,0.747526977548,0.58670025533
(1,1,443),0.865780917741,0.797692483767,0.382150305597
(1,1,444),0.861461408068,0.780984785654,0.256668597166
(1,1,445),0.828251519499,0.739530397557,0.185749585293
(1,1,446),0.859623914777,0.784739779702,0.434228172238
(1,1,447),0.859206789569,0.784736658188,0.431607349772
(1,1,448),0.850264922145,0.796464873039,0.746444796689
(1,1,449),0.84998976745,0.765924409898,0.27069169733
(1,1,450),0.842604764444,0.766870266666,0.379283074205
(1,1,451),0.845097542193,0.751587867565,0.244943979195
(1,1,452),0.820212140307,0.713868169024,0.152903974617
(1,1,453),0.821198332605,0.739135414746,0.369844863851
(1,1,454),0.880645889273,0.819504195853,0.60179346304
(1,1,455),0.840068350372,0.76289916813,0.45657621515
(1,1,456),0.867265342545,0.808099321873,0.707973913673
(1,1,457),0.849526417119,0.774080083892,0.33487251336
(1,1,458),0.838629160717,0.755432026378,0.532140163574
(1,1,459),0.841688131027,0.749289811494,0.234250722845
(1,1,460),0.798975728745,0.677635008217,0.117580594655
(1,1,461),0.836585718039,0.748794368035,0.310225381254
(1,1,462),0.872164890144,0.783519283223,0.203150583495
(1,1,463),0.863526615762,0.783668718228,0.495704582466
(1,1,464),0.850505828406,0.77574868643,0.610701825525
(1,1,465),0.806309490784,0.722747787574,0.45562749285
(1,1,466),0.846312882919,0.773657389886,0.485678947596
(1,1,467),0.855060446691,0.773887807104,0.29389698753
(1,1,468),0.841451700046,0.756435137517,0.342731579322
(1,1,469),0.680387351019,0.609497144679,0.310145698877
(1,1,470),0.853301351478,0.784480422379,0.34255112466
(1,1,471),0.833595991869,0.756148162653,0.414990261348
(1,1,472),0.805954196884,0.73800474165,0.696637639066
(1,1,473),0.864941992546,0.791763536702,0.431833409546
(1,1,474),0.842939017056,0.767303995699,0.448955339489
(1,1,475),0.833342371991,0.744595575938,0.233266585986
(1,1,476),0.853390115831,0.763229210389,0.327245988255
(1,1,477),0.838647750865,0.7586877233,0.408445680252
(1,1,478),0.878758785035,0.811546450602,0.336161827006
(1,1,479),0.812308233992,0.743019513074,0.624545200267
(1,1,480),0.847804965508,0.757683776404,0.188932373799
(1,1,481),0.834426071067,0.734841983312,0.233303236809
(1,1,482),0.838261911944,0.748204011099,0.176425276505
(1,1,483),0.83512420941,0.765590368063,0.64337478972
(1,1,484),0.873643748604,0.813963974233,0.540420709897
(1,1,485),0.812284566857,0.72053581365,0.311232136882
(1,1,486),0.855250803489,0.793658394377,0.610163095648
(1,1,487),0.8412350327,0.750870798333,0.200851662632
(1,1,488),0.857286447711,0.777450740833,0.351667983936
(1,1,489),0.833449356074,0.74349440758,0.446110010133
(1,1,490),0.831503126276,0.731652939347,0.290896191009
(1,1,491),0.827955467014,0.742639474502,0.220781060017
(1,1,492),0.847950229983,0.77054359465,0.452619125024
(1,1,493),0.85061995473,0.794309435946,0.77409200718
(1,1,494),0.832356790109,0.761412496931,0.432048341177
(1,1,495),0.79176832958,0.698213344645,0.31165216509
(1,1,496),0.811877733148,0.707770784455,0.168713458487
(1,1,497),0.822013178401,0.74010342249,0.441133962007
(1,1,498),0.841787522098,0.775552041803,0.66561676584
(1,1,499),0.863979278491,0.798697839574,0.756181658092
(1,1,500),0.854810663669,0.780541190264,0.700687739007
(1,1,501),0.853868420785,0.786206181707,0.556264148044
(1,1,502),0.844575831025,0.774886855433,0.573786194117
(1,1,503),0.845715261997,0.772120456105,0.412319611048
(1,1,504),0.865768751914,0.789871555845,0.416559623929
(1,1,505),0.84617479492,0.758807972607,0.313350287143
(1,1,506),0.785422116528,0.677096465597,0.274444653297
(1,1,507),0.856319174582,0.772356515075,0.402547931182
(1,1,508),0.813156166347,0.747119569397,0.57579054772
(1,1,509),0.846345186274,0.772520950008,0.588516974029
(1,1,510),0.83863181125,0.764992599451,0.61342886473
(1,1,511),0.831489643914,0.747191516873,0.219234735185
(1,1,512),0.811126842351,0.718795781624,0.329085190747
(1,1,513),0.832286065082,0.746212877288,0.284843022207
(1,1,514),0.871275397819,0.799278939646,0.362165384927
(1,1,515),0.830733404132,0.746785504157,0.323003089069
(1,1,516),0.84972396517,0.770029298951,0.310125533041
(1,1,517),0.776291322314,0.688518871793,0.36215040779
(1,1,518),0.82245174842,0.731493496359,0.369443536065
(1,1,519),0.852752424222,0.777641917927,0.285195590209
(1,1,520),0.831102848399,0.728266931881,0.388329669848
(1,1,521),0.858959923148,0.788477830302,0.413875137399
(1,1,522),0.813855229592,0.756371315043,0.656916097888
(1,1,523),0.832953337986,0.754457677223,0.560899910614
(1,1,524),0.865140237228,0.781927058336,0.378361775238
(1,1,525),0.82172518735,0.736095391341,0.244856908817
(1,1,526),0.832867796138,0.772167173537,0.629046359761
(1,1,527),0.83553669097,0.748140521072,0.208511662082
(1,1,528),0.838591406722,0.746107350699,0.299785595607
(1,1,529),0.83852961035,0.737103876566,0.0998866856557
(1,1,530),0.880499969954,0.820482135038,0.636044802223
(1,1,531),0.854586892383,0.768555740258,0.180322461285
(1,1,532),0.814549036389,0.721545426635,0.401896594172
(1,1,533),0.810056507424,0.716422978157,0.311541141296
(1,1,534),0.769341715976,0.708066660424,0.627250110287
(1,1,535),0.854856981582,0.788056584554,0.659279300362
(1,1,536),0.842534626138,0.759004630099,0.35733115038
(1,1,537),0.821004728317,0.724521939439,0.313790939414
(1,1,538),0.83776835605,0.755471354359,0.402260114978
(1,1,539),0.876328845338,0.798148035682,0.382754948041
(1,1,540),0.842351689455,0.758417580262,0.348062177827
(1,1,541),0.845772114502,0.767795407244,0.285275511141
(1,1,542),0.81538125,0.707583828177,0.246794042159
(1,1,543),0.859055742908,0.77773632,0.377464768634
(1,1,544),0.86175253139,0.779435364744,0.163418037393
(1,1,545),0.811091773834,0.717194695103,0.392901709956
(1,1,546),0.847323857618,0.764627632826,0.424665563352
(1,1,547),0.872561416185,0.805977938781,0.471161539472
(1,1,548),0.856385430909,0.773793469336,0.19215735375
(1,1,549),0.793051931656,0.707820495042,0.463313928915
(1,1,550),0.83486135297,0.751268946379,0.437224378422
(1,1,551),0.833680552891,0.744653652249,0.420750339119
(1,1,552),0.842068188222,0.766086062356,0.418412746387
(1,1,553),0.829152600459,0.728397736162,0.150647095042
(1,1,554),0.86826928116,0.785590722119,0.363738406298
(1,1,555),0.82181037495,0.750719725362,0.662816839223
(1,1,556),0.827362060547,0.724005275911,0.449763007359
(1,1,557),0.860312213039,0.771722053819,0.485437114827
(1,1,558),0.845139058172,0.758980753931,0.53786821096
(1,1,559),0.839576270638,0.775987962077,0.660663017094
(1,1,560),0.878690143403,0.818680169032,0.501304028859
(1,1,561),0.819936490545,0.734554190533,0.33745001634
(1,1,562),0.872216951697,0.797676356951,0.3466013986
(1,1,563),0.835128085139,0.739800369301,0.248620078753
(1,1,564),0.868890844036,0.78314814455,0.247139317748
(1,1,565),0.837800480478,0.754805614785,0.477797751603
(1,1,566),0.848397697514,0.768207424597,0.36797082505
(1,1,567),0.83645302008,0.742015226576,0.156756937184
(1,1,568),0.841174722552,0.764579087108,0.669194278063
(1,1,569),0.833246828256,0.747550093325,0.26418662356
(1,1,570),0.841017355372,0.755120033077,0.282598962744
(1,1,571),0.830410708416,0.76202054918,0.559876272117
(1,1,572),0.786375018639,0.679166485641,0.179993355807
(1,1,573),0.869557693815,0.808830596423,0.705766349044
(1,1,574),0.847759046053,0.760838838691,0.471695781508
(1,1,575),0.83240824022,0.743950525491,0.303715972111
(1,1,576),0.851994768336,0.753877971254,0.149627475143
(1,1,577),0.861670190827,0.786599813514,0.629812279578
(1,1,578),0.84302096649,0.753503224559,0.290255237749
(1,1,579),0.862484009835,0.794725899872,0.573302276362
(1,1,580),0.761492698756,0.662383646902,0.349468165936
(1,1,581),0.80744598707,0.722968352927,0.416791992752
(1,1,582),0.875412324344,0.811750011296,0.541326967861
(1,1,583),0.849884437027,0.759512896587,0.340834273963
(1,1,584),0.853737307327,0.775125828363,0.320662608423
(1,1,585),0.779487432321,0.676555413616,0.188554655204
(1,1,586),0.842883582523,0.77440856319,0.625295654296
(1,1,587),0.830378583018,0.742224847866,0.371984642539
(1,1,588),0.852216577152,0.799918292415,0.757327869184
(1,1,589),0.804399249306,0.705563776422,0.234570130465
(1,1,590),0.802252131858,0.707823130172,0.308697776606
(1,1,591),0.868020145073,0.81181545966,0.755776484324
(1,1,592),0.841797666772,0.738903063663,0.373802759406
(1,1,593),0.83330426456,0.747058319424,0.331249334604
(1,1,594),0.818326960848,0.721860353539,0.178281384666
(1,1,595),0.865947162073,0.798785616673,0.620919193226
(1,1,596),0.812122933745,0.732761151873,0.507906120377
(1,1,597),0.740683508018,0.636533006848,0.147533745914
(1,1,598),0.825865046867,0.74091173463,0.457586715835
(1,1,599),0.812312032373,0.723128307869,0.285302936728
(1,1,600),0.806291832726,0.70787463048,0.318731241762
(1,1,601),0.821299288633,0.733756726045,0.41068196762
(1,1,602),0.849225824575,0.777143852359,0.468382398858
(1,1,603),0.827400697761,0.73070979374,0.176362390383
(1,1,604),0.83766463019,0.750531452839,0.348868180865
(1,1,605),0.850237631859,0.764417053777,0.253263284074
(1,1,606),0.827147485497,0.731360694408,0.159702017357
(1,1,607),0.801506394682,0.700103167047,0.244585672576
(1,1,608),0.858529307817,0.782491151984,0.171734377203
(1,1,609),0.841499920468,0.762042908453,0.320894517239
(1,1,610),0.837045754554,0.747750064557,0.270941934366
(1,1,611),0.842128949623,0.755525859168,0.326771305186
(1,1,612),0.834148064898,0.750677814792,0.479097402166
(1,1,613),0.818041558802,0.728967763646,0.360132969259
(1,1,614),0.817906728373,0.710229291308,0.16873847378
(1,1,615),0.828572841879,0.722898122096,0.28151749413
(1,1,616),0.84990481856,0.779111092555,0.61325634181
(1,1,617),0.844999203893,0.77165350635,0.606195009974
(1,1,618),0.799702086126,0.681926633751,0.0956630195087
(1,1,619),0.874747872371,0.812156812606,0.405532435559
(1,1,620),0.854850539636,0.784337633174,0.605075923574
(1,1,621),0.812189362415,0.706798806018,0.100079271353
(1,1,622),0.869006503912,0.782885342324,0.399926332762
(1,1,623),0.76378251821,0.655924386735,0.144816291805
(1,1,624),0.858079889926,0.782244338714,0.45126183075
(1,1,625),0.849053367537,0.77693323496,0.445991223598
(1,1,626),0.820424562472,0.718645527978,0.224040297751
(1,1,627),0.834716174083,0.759378044723,0.463152757402
(1,1,628),0.809804606276,0.721162165554,0.376982313754
(1,1,629),0.772373677476,0.676510192436,0.314637492112
(1,1,630),0.847537132336,0.750907464431,0.15806537013
(1,1,631),0.817841268415,0.714833405063,0.199552195001
(1,1,632),0.868681640625,0.789955191026,0.577174626216
(1,1,633),0.824083709099,0.735928606648,0.447733936108
(1,1,634),0.891439909297,0.846217800363,0.758348918531
(1,1,635),0.866682687919,0.788865522285,0.377210522589
(1,1,636),0.854523533528,0.758807721995,0.118898738994
(1,1,637),0.8357421875,0.761812952485,0.530469212531
(1,1,638),0.860923429245,0.785412948182,0.447295368221
(1,1,639),0.853213891845,0.779277108523,0.519779046963
(1,1,640),0.853318078525,0.773402894123,0.282342187282
(1,1,641),0.789994855967,0.707106266076,0.504780739803
(1,1,642),0.842910125489,0.766679954704,0.439964700677
(1,1,643),0.842868737496,0.745514750731,0.0970015591971
(1,1,644),0.83524497152,0.750895395681,0.489019341233
(1,1,645),0.824596147323,0.753374959162,0.507507067327
(1,1,646),0.863837888037,0.802103150107,0.616727265358
(1,1,647),0.814141442413,0.71026158109,0.135283816385
(1,1,648),0.798971111991,0.731516429153,0.532569979344
(1,1,649),0.864062109375,0.785670612942,0.334323531394
(1,1,650),0.885498849441,0.815186613843,0.45475674044
(1,1,651),0.873872862844,0.805283310374,0.591889997333
(1,1,652),0.819065019878,0.732705565252,0.293313444477
(1,1,653),0.866465087621,0.789227174834,0.401258040787
(1,1,654),0.852312811839,0.759940328251,0.346696927428
(1,1,655),0.818882444691,0.731043597113,0.48761010347
(1,1,656),0.866161931414,0.791430241496,0.403513337327
(1,1,657),0.737473327237,0.612051251961,0.0654098269785
(1,1,658),0.832600228861,0.746789639446,0.344752383052
(1,1,659),0.800050365971,0.705359672971,0.39492761721
(1,1,660),0.798335812017,0.709319066039,0.359098519523
(1,1,661),0.848963048891,0.750862514564,0.299453300668
(1,1,662),0.844984054565,0.748132285604,0.363314445319
(1,1,663),0.792326660156,0.708233273299,0.465558071965
(1,1,664),0.789104539775,0.686501665298,0.227011347477
(1,1,665),0.808564632929,0.724939255296,0.362376505
(1,1,666),0.807326940483,0.69218270757,0.0969162836836
(1,1,667),0.848539091768,0.761604417997,0.297211143362
(1,1,668),0.84506109334,0.769811204804,0.382517097563
(1,1,669),0.826076840555,0.731311162561,0.178819704712
(1,1,670),0.841658027467,0.762402267725,0.451903150159
(1,1,671),0.797411111111,0.73163535386,0.569096849985
(1,1,672),0.817679450543,0.733163895645,0.429902448518
(1,1,673),0.805294465405,0.703230411506,0.214467531778
(1,1,674),0.835396762583,0.752113019871,0.375333264781
(1,1,675),0.844373472533,0.74360102419,0.259205375155
(1,1,676),0.740488842596,0.644144800002,0.31274333749
(1,1,677),0.836006763788,0.750344758349,0.390430256808
(1,1,678),0.81945870064,0.759392454317,0.598954487952
(1,1,679),0.852147238248,0.78278837688,0.332481748089
(1,1,680),0.861561285735,0.787489896964,0.290789923707
(1,1,681),0.841577485646,0.736105494663,0.125117420541
(1,1,682),0.826713794371,0.7303302438,0.355041918396
(1,1,683),0.844817246752,0.776644213374,0.599673360236
(1,1,684),0.817624231065,0.713488752272,0.320615657415
(1,1,685),0.819765185659,0.724512322079,0.163261217018
(1,1,686),0.850205545986,0.782402184183,0.462407922684
(1,1,687),0.810819375283,0.693960154117,0.16130110888
(1,1,688),0.886522776239,0.849454355594,0.782414212776
(1,1,689),0.839637790287,0.747733254644,0.155196985134
(1,1,690),0.828232110911,0.725725013264,0.119067492132
(1,1,691),0.828012561545,0.753272607357,0.61968153327
(1,1,692),0.834633163927,0.751563598327,0.453964640373
(1,1,693),0.847810523804,0.757390486535,0.340939093118
(1,1,694),0.862844545225,0.777045709905,0.436405161219
(1,1,695),0.779126213592,0.692735006824,0.447586054816
(1,1,696),0.856115115079,0.76919679054,0.361189465647
(1,1,697),0.815130341306,0.720410903165,0.374408492234
(1,1,698),0.762642733564,0.656317751455,0.121804113249
(1,1,699),0.875229814434,0.80331943753,0.376407235823
(1,1,700),0.826967838175,0.731611056681,0.334211443105
(1,1,701),0.87891202531,0.848454911681,0.959918054797
(1,1,702),0.841375236295,0.773168338077,0.625158577503
(1,1,703),0.79961532635,0.724908451101,0.54272844131
(1,1,704),0.757196694215,0.651858308228,0.225984142869
(1,1,705),0.869153419513,0.795574921825,0.524918411274
(1,1,706),0.788975227787,0.702418140768,0.439512647546
(1,1,707),0.825583103765,0.727522998251,0.398544027621
(1,1,708),0.776655960109,0.66302288113,0.173599571036
(1,1,709),0.862985479258,0.801034267502,0.527721500342
(1,1,710),0.780451843044,0.708517787769,0.590963113506
(1,1,711),0.845745475438,0.758588590925,0.386807736539
(1,1,712),0.842903773636,0.767962643059,0.710357280369
(1,1,713),0.757706349505,0.680041341931,0.483753267759
(1,1,714),0.772169466764,0.654731125268,0.175585339158
(1,1,715),0.893842975207,0.832706097937,0.73404661452
(1,1,716),0.856348383448,0.767442304837,0.298063823166
(1,1,717),0.864189741734,0.793061455543,0.405759760173
(1,1,718),0.819791666667,0.733070683847,0.445181637553
(1,1,719),0.855933334605,0.770175765988,0.425284770672
(1,1,720),0.834499737543,0.756167175725,0.472675866631
(1,1,721),0.863357648845,0.793561513476,0.484045780708
(1,1,722),0.850578571374,0.803190999797,0.690764475943
(1,1,723),0.757386177117,0.655455341563,0.256006583401
(1,1,724),0.725100308642,0.619912838841,0.209376018897
(1,1,725),0.837462381139,0.747615123586,0.220598608998
(1,1,726),0.838343489893,0.732495088438,0.390962873409
(1,1,727),0.822020352709,0.751200549172,0.573900265097
(1,1,728),0.846903283052,0.776996099261,0.543043844261
(1,1,729),0.822322601296,0.729015371161,0.417473994661
(1,1,730),0.857629284689,0.767460571982,0.227074437197
(1,1,731),0.842380903995,0.773437639602,0.628489866679
(1,1,732),0.82777462837,0.774740381773,0.68223677689
(1,1,733),0.783617990788,0.698271261083,0.358956550438
(1,1,734),0.826707256206,0.739698836703,0.418674536355
(1,1,735),0.863755925541,0.789389012698,0.594532577357
(1,1,736),0.820498529717,0.7283903544,0.430314485194
(1,1,737),0.816666871333,0.728625137494,0.298987443164
(1,1,738),0.831352773817,0.721396291052,0.0750686295644
(1,1,739),0.826760493827,0.7429211775,0.458343973398
(1,1,740),0.758275862069,0.646050954389,0.230065033467
(1,1,741),0.85461135985,0.768517363126,0.42096556414
(1,1,742),0.85720670646,0.785316096223,0.605039510185
(1,1,743),0.754792387543,0.6472965845,0.233433454284
(1,1,744),0.821644713421,0.713638610219,0.23372253911
(1,1,745),0.871632653061,0.788222208525,0.504654528962
(1,1,746),0.82349537037,0.720956952492,0.114724762015
(1,1,747),0.841266791221,0.77017452789,0.444695528264
(1,1,748),0.746751512994,0.648650058122,0.372236813158
(1,1,749),0.810217224145,0.766381015084,0.676558939681
(1,1,750),0.836577850916,0.741929518735,0.423568366596
(1,1,751),0.746284865112,0.657164014774,0.36200621538
(1,1,752),0.828784817136,0.742154361103,0.315608936986
(1,1,753),0.835312410816,0.746523721544,0.356883970269
(1,1,754),0.821649043006,0.764473335285,0.629579087588
(1,1,755),0.841538399124,0.740331810197,0.0986944851259
(1,1,756),0.827439154001,0.728427412211,0.329157156499
(1,1,757),0.677960457856,0.61100840263,0.347515503269
(1,1,758),0.758943758573,0.657940488948,0.29621754254
(1,1,759),0.836259755463,0.756222606107,0.435653404794
(1,1,760),0.795387236805,0.727338581157,0.640743640979
(1,1,761),0.819150658146,0.73418675848,0.420280125444
(1,1,762),0.792466151258,0.690814858907,0.309451975437
(1,1,763),0.855287720153,0.800107598877,0.686279440779
(1,1,764),0.820874018334,0.729599739905,0.399153580495
(1,1,765),0.852361800993,0.765677025539,0.348287557444
(1,1,766),0.794407517276,0.70823420448,0.369658795507
(1,1,767),0.84974348047,0.774663094015,0.570501977769
(1,1,768),0.861824557265,0.800338989846,0.682232719216
(1,1,769),0.836725819622,0.738069237031,0.175648496972
(1,1,770),0.790315354376,0.70953671835,0.431071859152
(1,1,771),0.743391803002,0.632426507839,0.174558087548
(1,1,772),0.859830938292,0.77078154195,0.329883564957
(1,1,773),0.822976739715,0.740984169257,0.545878574286
(1,1,774),0.829894444444,0.742264957885,0.54243156688
(1,1,775),0.824478153578,0.738168141905,0.404143006241
(1,1,776),0.849127614009,0.760356611669,0.420614671004
(1,1,777),0.806113108035,0.690561833985,0.190956705453
(1,1,778),0.845909852604,0.785610539347,0.688460040999
(1,1,779),0.763527945888,0.660547045317,0.205169474452
(1,1,780),0.798019944136,0.687719034405,0.213005444509
(1,1,781),0.818047337278,0.717515737115,0.386665406657
(1,1,782),0.838379425501,0.75430813792,0.377999624476
(1,1,783),0.827816077003,0.730488059632,0.393090683152
(1,1,784),0.817732443882,0.718526991073,0.230594993938
(1,1,785),0.804890796617,0.698154765171,0.0923375521581
(1,1,786),0.839038556599,0.752882535977,0.381366115445
(1,1,787),0.834840211871,0.730361335313,0.289339314328
(1,1,788),0.793906923298,0.692946810566,0.281016605692
(1,1,789),0.810593780745,0.707889857591,0.261754686583
(1,1,790),0.828807290028,0.751862166416,0.375281402748
(1,1,791),0.857458810162,0.791651815299,0.609206761608
(1,1,792),0.822521732778,0.7206542047,0.392297438183
(1,1,793),0.830143823791,0.74885825132,0.550912522968
(1,1,794),0.801850621906,0.731717580029,0.459479186826
(1,1,795),0.80584946667,0.719459860367,0.411791465532
(1,1,796),0.850635161121,0.772086542043,0.527395872092
(1,1,797),0.84926780831,0.763232297179,0.255109895803
(1,1,798),0.863074329125,0.767424097437,0.189670945227
(1,1,799),0.883340270552,0.828955719755,0.715746238555
(1,1,800),0.829740395715,0.719900419139,0.257395902615
(1,1,801),0.813452708907,0.765359495056,0.724826889999
(1,1,802),0.804926658163,0.699180256678,0.297729366549
(1,1,803),0.849556106262,0.774037085554,0.547507521618
(1,1,804),0.801803507954,0.680287820012,0.222619067548
(1,1,805),0.83222758591,0.74506129065,0.465207146928
(1,1,806),0.812887396694,0.722012460042,0.391704400081
(1,1,807),0.821939755329,0.746987340593,0.471139789519
(1,1,808),0.710851648352,0.596210556293,0.0719681139532
(1,1,809),0.815581110378,0.714358203905,0.319271951188
(1,1,810),0.771993740525,0.666618905675,0.2653286924
(1,1,811),0.846218360144,0.782167698317,0.602380893189
(1,1,812),0.799992226808,0.702891500439,0.307300719126
(1,1,813),0.801687718355,0.692527275033,0.124546995804
(1,1,814),0.815784103663,0.737850005084,0.460318481966
(1,1,815),0.738303402647,0.643128250547,0.320602903219
(1,1,816),0.840042266698,0.767865871017,0.522466247548
(1,1,817),0.77993088585,0.687335656268,0.376010974279
(1,1,818),0.865250385521,0.806628259668,0.703837750877
(1,1,819),0.847078402367,0.771672896977,0.610143857676
(1,1,820),0.79855857148,0.700528851296,0.347999304658
(1,1,821),0.806113352951,0.697929873833,0.148043678413
(1,1,822),0.767720803092,0.673009471254,0.389811427983
(1,1,823),0.813915302421,0.738222162959,0.546373742816
(1,1,824),0.843985811457,0.775899017396,0.620457248486
(1,1,825),0.795376835036,0.722963259875,0.588488859333
(1,1,826),0.830076862905,0.762542699405,0.563850373118
(1,1,827),0.84900312416,0.777393841292,0.567750137073
(1,1,828),0.785492296502,0.689984002526,0.411742688559
(1,1,829),0.815624102269,0.713388325525,0.27519817135
(1,1,830),0.891014739229,0.841516022257,0.718820231567
(1,1,831),0.79359691535,0.692688367239,0.200402912628
(1,1,832),0.831768868238,0.737718536323,0.241671130481
(1,1,833),0.832844246807,0.737745741876,0.212471624683
(1,1,834),0.825437291334,0.762170228522,0.663083901364
(1,1,835),0.817607,0.744546773205,0.600952765511
(1,1,836),0.790111795456,0.708793319485,0.448755001642
(1,1,837),0.83687417867,0.746616039485,0.434249891573
(1,1,838),0.678210463734,0.584640556364,0.199432306267
(1,1,839),0.84616,0.76406548831,0.353839812613
(1,1,840),0.859860599412,0.789443444235,0.417500218863
(1,1,841),0.82787181713,0.757948942711,0.59090136593
(1,1,842),0.855479148181,0.790664184642,0.567366843249
(1,1,843),0.771519274376,0.659215344673,0.239526823754
(1,1,844),0.855525933274,0.771718510832,0.278787737777
(1,1,845),0.813376145352,0.717185210394,0.389989676118
(1,1,846),0.760456071181,0.664015109092,0.337739877154
(1,1,847),0.86536441924,0.759378734929,0.414171803804
(1,1,848),0.860120132237,0.794191713824,0.535344226826
(1,1,849),0.767463839579,0.660396276845,0.236990314159
(1,1,850),0.858257670415,0.77313701854,0.285392978814
(1,1,851),0.872589009964,0.819560037427,0.749061899696
(1,1,852),0.799613553199,0.702976467932,0.311533760868
(1,1,853),0.853412223298,0.779294562852,0.509030403206
(1,1,854),0.775054466231,0.679582886263,0.414417082963
(1,1,855),0.853912,0.771607028559,0.485914576508
(1,1,856),0.883471405144,0.833503969125,0.596886663682
(1,1,857),0.855403122717,0.794175971271,0.692232412165
(1,1,858),0.844480155086,0.797783900407,0.750981614905
(1,1,859),0.839394328503,0.758574288894,0.452490222143
(1,1,860),0.843722429174,0.747290902689,0.388983117039
(1,1,861),0.778210197711,0.684349580174,0.353653986877
(1,1,862),0.879479166667,0.812719225713,0.629368292066
(1,1,863),0.794252444444,0.685868880896,0.243919500505
(1,1,864),0.778404078032,0.679312093022,0.380042460084
(1,1,865),0.823563709519,0.76441244258,0.660390649286
(1,1,866),0.81840505343,0.730377256068,0.452698667716
(1,1,867),0.87333121424,0.80090317416,0.606361843688
(1,1,868),0.806296465647,0.715981641503,0.324173405565
(1,1,869),0.819301691425,0.721633409077,0.281124961517
(1,1,870),0.802762905678,0.698586445337,0.342218676793
(1,1,871),0.798211971864,0.681753653843,0.182844448384
(1,1,872),0.849036450362,0.772692332499,0.477796508547
(1,1,873),0.798313845951,0.671180845988,0.179575624182
(1,1,874),0.759079519382,0.645585852793,0.202967020725
(1,1,875),0.829637164134,0.726935566972,0.211857900243
(1,1,876),0.8265625,0.739601045955,0.452506420304
(1,1,877),0.775910684347,0.676180680349,0.307788109137
(1,1,878),0.709549661801,0.609640253723,0.270569045289
(1,1,879),0.796554676292,0.709124917784,0.434686142639
(1,1,880),0.82083067602,0.721956480964,0.399249888264
(1,1,881),0.77940281553,0.67559853807,0.305873387632
(1,1,882),0.81551517058,0.741095028406,0.464760301779
(1,1,883),0.76244612249,0.654542389253,0.188068089458
(1,1,884),0.823533799913,0.727131937372,0.407413009529
(1,1,885),0.757142696705,0.685227924222,0.422327107781
(1,1,886),0.831720409603,0.739232990658,0.383993821803
(1,1,887),0.807358237413,0.705653472622,0.347762383659
(1,1,888),0.824831715642,0.730760206658,0.313500567142
(1,1,889),0.787975548118,0.7019596786,0.444067650607
(1,1,890),0.758395792242,0.6585529759,0.252051598175
(1,1,891),0.867781348842,0.79885236635,0.544627394638
(1,1,892),0.818119793163,0.753909319429,0.623176492311
(1,1,893),0.799701570261,0.761735345873,0.775283882512
(1,1,894),0.839838888889,0.77504821596,0.653561107644
(1,1,895),0.825419063678,0.717781061367,0.356783730141
(1,1,896),0.787409972299,0.70854831178,0.521567286358
(1,1,897),0.76612244898,0.653027837037,0.259513904875
(1,1,898),0.76825443787,0.668369451363,0.289059394002
(1,1,899),0.78053078799,0.680295541693,0.253410403945
(1,1,900),0.827068328857,0.758638336421,0.564737005448
(1,1,901),0.81470046339,0.711043730348,0.212182525997
(1,1,902),0.790248902376,0.696974476202,0.396345517739
(1,1,903),0.845352564103,0.789519606331,0.625904891664
(1,1,904),0.853235943605,0.783059839114,0.587220176689
(1,1,905),0.820019705532,0.746437502171,0.538163716546
(1,1,906),0.812931915149,0.694704922732,0.255733287333
(1,1,907),0.761897133581,0.656239664171,0.185456382134
(1,1,908),0.784711492354,0.68541597617,0.299601568971
(1,1,909),0.858999434442,0.768079702307,0.430627114228
(1,1,910),0.850057108304,0.799288460372,0.761328536851
(1,1,911),0.920735614507,0.891709919656,0.902817616689
(1,1,912),0.796848072562,0.734183228775,0.56707057521
(1,1,913),0.772941597294,0.660723312828,0.220936590453
(1,1,914),0.750244218395,0.676182087703,0.470534769911
(1,1,915),0.862366230678,0.798107913106,0.681980123451
(1,1,916),0.773398096575,0.664706389486,0.295710238625
(1,1,917),0.805172941537,0.734644917413,0.563764192056
(1,1,918),0.797288682726,0.717127473816,0.489640379185
(1,1,919),0.884084268074,0.82867751585,0.68635136476
(1,1,920),0.847752700617,0.769577253783,0.563959575421
(1,1,921),0.734230769231,0.63052932604,0.24365670447
(1,1,922),0.822764557418,0.717860408259,0.348656486873
(1,1,923),0.746588059414,0.638160238087,0.287399371984
(1,1,924),0.831909339029,0.739500913007,0.422615672809
(1,1,925),0.810553461615,0.738273761548,0.556009980654
(1,1,926),0.861356257569,0.762712948486,0.331270097579
(1,1,927),0.82181656856,0.762831649135,0.680615962227
(1,1,928),0.76605,0.705706006151,0.557404402725
(1,1,929),0.831480112873,0.742217314201,0.555776834052
(1,1,930),0.831049832351,0.740615209549,0.504916756819
(1,1,931),0.835111495579,0.763913808383,0.567593865246
(1,1,932),0.758445555093,0.69101968726,0.515023301708
(1,1,933),0.839065255732,0.740104048182,0.417260486753
(1,1,934),0.822425932518,0.733519665207,0.528031142783
(1,1,935),0.867899775677,0.801603557899,0.650490002445
(1,1,936),0.774860967103,0.719049671783,0.594707508034
(1,1,937),0.821811643623,0.742958011767,0.535736192779
(1,1,938),0.779068773298,0.691504999075,0.424733201032
(1,1,939),0.728888888889,0.632521363662,0.30861721651
(1,1,940),0.801810100054,0.698566007019,0.296887321699
(1,1,941),0.800579491056,0.734324151261,0.625211888015
(1,1,942),0.861878698225,0.760285103159,0.398905216479
(1,1,943),0.835358093821,0.741378523239,0.430220015869
(1,1,944),0.78155,0.731918569614,0.608108982709
(1,1,945),0.835686504342,0.740442952637,0.422610047965
(1,1,946),0.722816719334,0.59702100108,0.0999330363774
(1,1,947),0.822809917355,0.716861432121,0.367793128102
(1,1,948),0.794609044331,0.696153543653,0.3728682121
(1,1,949),0.76950617284,0.671608450014,0.385528089793
(1,1,950),0.809552985001,0.702197670183,0.363344163553
(1,1,951),0.891975832997,0.846900909871,0.776557302545
(1,1,952),0.719577717033,0.62086901177,0.268700742406
(1,1,953),0.764005190311,0.675884774183,0.476567268458
(1,1,954),0.865185950413,0.794096857306,0.583539216976
(1,1,955),0.795577885928,0.696398626984,0.344278386822
(1,1,956),0.807627269491,0.748800036367,0.639669375267
(1,1,957),0.654912305058,0.570839506153,0.214404507134
(1,1,958),0.832425642146,0.763874013157,0.521387323547
(1,1,959),0.72870549617,0.647427863219,0.34979406724
(1,1,960),0.840884515571,0.753934808288,0.474175371918
(1,1,961),0.816170951398,0.737819395135,0.526318799478
(1,1,962),0.757771284798,0.670574130908,0.432984920619
(1,1,963),0.764958101652,0.692707890583,0.523084582319
