(0,1,0),0.84660582931,0.910502538857,1.0
(1,0,0),0.995488559936,0.995625972379,1.0
(0,0,0),0.897630703264,0.895124521648,0.9316825599
(1,1,0),0.823319953179,0.753944220707,0.401083029937
(1,1,1),0.828260817639,0.754828796847,0.297023152268
(1,1,2),0.825104058273,0.755557783556,0.634038877346
(1,1,3),0.831002865481,0.759235074083,0.422633707311
(1,1,4),0.860178657486,0.784042053273,0.302858563191
(1,1,5),0.810439734643,0.726334838503,0.326963284184
(1,1,6),0.830236013743,0.758575885987,0.323543837252
(1,1,7),0.857818840168,0.791931818879,0.387110688801
(1,1,8),0.84481676109,0.77456657954,0.450767343042
(1,1,9),0.844106157986,0.767119173272,0.295465949856
(1,1,10),0.824399635475,0.744494205426,0.48964300215
(1,1,11),0.825630150668,0.752466217028,0.611865381761
(1,1,12),0.829353790183,0.754686638125,0.425616154934
(1,1,13),0.847572511454,0.761197450878,0.292793892053
(1,1,14),0.843309099118,0.767031867283,0.318437813292
(1,1,15),0.83766303478,0.762047802025,0.521176471546
(1,1,16),0.841392794133,0.764163232457,0.379317562851
(1,1,17),0.839803771086,0.757887155722,0.254740501399
(1,1,18),0.836459251319,0.770246145777,0.495409594488
(1,1,19),0.830296293642,0.729277489886,0.126041387129
(1,1,20),0.869892449367,0.791967495016,0.331009055879
(1,1,21),0.829682406646,0.753865380815,0.305489373441
(1,1,22),0.836917252461,0.757735436249,0.246131175998
(1,1,23),0.828054356665,0.749301958414,0.394776245743
(1,1,24),0.835784666458,0.75674619688,0.326015726044
(1,1,25),0.838561215645,0.762024675364,0.200721370233
(1,1,26),0.820314545295,0.738317924849,0.43854926566
(1,1,27),0.841652450862,0.768964213532,0.453344728133
(1,1,28),0.847298057439,0.765110494556,0.240951425186
(1,1,29),0.847071786492,0.779154307703,0.311398428386
(1,1,30),0.831860876018,0.756285401354,0.260251295157
(1,1,31),0.865408324347,0.80240047687,0.416353844527
(1,1,32),0.839156371261,0.766750945588,0.459950908567
(1,1,33),0.841776205872,0.76921165134,0.284327305867
(1,1,34),0.86514578481,0.776188115434,0.222268737021
(1,1,35),0.842066494061,0.765330461685,0.462359405245
(1,1,36),0.848924234381,0.772931967431,0.273544725948
(1,1,37),0.855243826438,0.784024173169,0.333062931959
(1,1,38),0.834549304776,0.750285771325,0.328090281235
(1,1,39),0.851185100814,0.775188420151,0.240077418855
(1,1,40),0.81593924208,0.73307938988,0.469537392074
(1,1,41),0.849055742911,0.76336820669,0.233652634548
(1,1,42),0.827424133716,0.73102301853,0.341624457824
(1,1,43),0.831302422492,0.721586501495,0.149396804238
(1,1,44),0.813041392068,0.72673061444,0.535380382719
(1,1,45),0.821020278565,0.721959356198,0.136065977269
(1,1,46),0.836887744902,0.749230532553,0.277052712353
(1,1,47),0.828178604495,0.750379845068,0.498073969871
(1,1,48),0.847881770745,0.764693953566,0.194795627609
(1,1,49),0.841970061728,0.74266083519,0.147763643671
(1,1,50),0.837604314973,0.74909396783,0.278878974082
(1,1,51),0.859168267037,0.795632303856,0.685693978363
(1,1,52),0.861925039246,0.789863858929,0.535677853396
(1,1,53),0.836011395179,0.761940644386,0.528377246585
(1,1,54),0.865109195025,0.792709178377,0.236317981474
(1,1,55),0.824379846457,0.719181894332,0.228393531817
(1,1,56),0.86271328089,0.787173432332,0.178212857259
(1,1,57),0.842195053228,0.769864944627,0.536246549711
(1,1,58),0.806062827649,0.708066273617,0.173367309143
(1,1,59),0.833812139205,0.749649491378,0.514342763575
(1,1,60),0.874336412285,0.803303498569,0.362504083107
(1,1,61),0.852451957965,0.770849627611,0.299847402399
(1,1,62),0.812851450964,0.735035903792,0.556572399471
(1,1,63),0.818940996421,0.730164303898,0.252599655832
(1,1,64),0.82913327806,0.734111556438,0.211877472255
(1,1,65),0.846805169999,0.77490438342,0.461395297685
(1,1,66),0.836478034888,0.741746770748,0.236739383039
(1,1,67),0.832099109957,0.734163417121,0.133169937684
(1,1,68),0.841316840342,0.757412456604,0.316854556751
(1,1,69),0.858748978049,0.778027235365,0.337127118862
(1,1,70),0.850908636319,0.756727026872,0.174872859731
(1,1,71),0.851629290366,0.757510677624,0.199896220573
(1,1,72),0.813178177287,0.724526046761,0.401544395054
(1,1,73),0.835922985353,0.750592104823,0.144000631232
(1,1,74),0.83681331194,0.757728669103,0.620516568179
(1,1,75),0.804365539649,0.70646115507,0.379641984356
(1,1,76),0.827385270593,0.742529868377,0.222037628982
(1,1,77),0.831912533053,0.754602849695,0.334744514144
(1,1,78),0.832857892302,0.7594582887,0.260228801303
(1,1,79),0.825397832709,0.741184454878,0.391109655512
(1,1,80),0.8257807958,0.746315204682,0.47507993403
(1,1,81),0.856914200719,0.764762103341,0.251762400256
(1,1,82),0.848748581466,0.772311838821,0.109849456779
(1,1,83),0.858096187084,0.775482254783,0.265571421414
(1,1,84),0.773854290253,0.665769262453,0.248389014291
(1,1,85),0.867213576594,0.797663904539,0.529737659651
(1,1,86),0.856365194771,0.788299581793,0.310802242774
(1,1,87),0.849039561479,0.771444488812,0.201630327441
(1,1,88),0.85320755357,0.780991598325,0.605200692015
(1,1,89),0.864264997715,0.786501267407,0.306370169052
(1,1,90),0.821412947374,0.708631200991,0.0431951040591
(1,1,91),0.851768140483,0.777936182022,0.261919844923
(1,1,92),0.830091688368,0.743253992745,0.476154513665
(1,1,93),0.844789139105,0.758773708144,0.292560939633
(1,1,94),0.846932257585,0.762650076992,0.385947548395
(1,1,95),0.866778514146,0.797082877414,0.510897605982
(1,1,96),0.847115634634,0.769367032738,0.558477557642
(1,1,97),0.84317982115,0.764970843417,0.353938116142
(1,1,98),0.82938551838,0.745415196485,0.393036751351
(1,1,99),0.845746327325,0.772980298791,0.466477304464
(1,1,100),0.821320185554,0.744061468185,0.429575911333
(1,1,101),0.857171495093,0.785053683399,0.583424351116
(1,1,102),0.844971549719,0.772662354754,0.556709766244
(1,1,103),0.840490802116,0.773815381538,0.592393516645
(1,1,104),0.884806234532,0.818299608599,0.561540787041
(1,1,105),0.85659200303,0.779156582725,0.448907260465
(1,1,106),0.835544355269,0.746201655703,0.340277060235
(1,1,107),0.765697491104,0.667533980126,0.302973857862
(1,1,108),0.836451720358,0.755247354303,0.409229417812
(1,1,109),0.865399204793,0.798943304864,0.579269240094
(1,1,110),0.813062873495,0.695952668326,0.313652275403
(1,1,111),0.842705472913,0.7634622518,0.287168308615
(1,1,112),0.824828247918,0.745762759548,0.260079089657
(1,1,113),0.793879654401,0.708169208975,0.46004590157
(1,1,114),0.849992718113,0.764690060872,0.303445218814
(1,1,115),0.819392006005,0.752471119866,0.710292455931
(1,1,116),0.877762005063,0.802708720354,0.511797442861
(1,1,117),0.848947933509,0.763131971478,0.252885652605
(1,1,118),0.858970774199,0.799308308764,0.651584782511
(1,1,119),0.844840988228,0.773127421486,0.516726101317
(1,1,120),0.836632652254,0.757900823042,0.356724118027
(1,1,121),0.860744445628,0.803067278722,0.713906380509
(1,1,122),0.87080592597,0.795608886917,0.292928149274
(1,1,123),0.88362035262,0.793529653199,0.253144626686
(1,1,124),0.856498551179,0.775152483865,0.472719165636
(1,1,125),0.795405541115,0.707242367111,0.430009551596
(1,1,126),0.83316833282,0.74199044204,0.353922416983
(1,1,127),0.851801779223,0.771606430488,0.27750692329
(1,1,128),0.833326270123,0.744868214439,0.326966926061
(1,1,129),0.881813053465,0.822705484326,0.742980047984
(1,1,130),0.83320807164,0.750781220849,0.30580557877
(1,1,131),0.842731866825,0.773680934129,0.607528923888
(1,1,132),0.823568723546,0.738095365673,0.468251891205
(1,1,133),0.829244651041,0.758499892052,0.405662769531
(1,1,134),0.859737627328,0.780688148055,0.356641221113
(1,1,135),0.851784752211,0.767298024991,0.209773545976
(1,1,136),0.845777021426,0.772544858083,0.3774707416
(1,1,137),0.862144410449,0.78940108986,0.226304516316
(1,1,138),0.845047316077,0.773884892624,0.546924199297
(1,1,139),0.843443564341,0.763519150226,0.18859237048
(1,1,140),0.838445296983,0.776091008607,0.826113497339
(1,1,141),0.85712596143,0.766686736582,0.275459329024
(1,1,142),0.859957835482,0.773865881222,0.328392561445
(1,1,143),0.847809341977,0.758079867146,0.124765159837
(1,1,144),0.818001613474,0.729347474741,0.417571322511
(1,1,145),0.829882336011,0.732098774773,0.472018682719
(1,1,146),0.845769042706,0.769701852789,0.256395663828
(1,1,147),0.844254370912,0.762355192465,0.374466063762
(1,1,148),0.856587215348,0.777870600717,0.482000156237
(1,1,149),0.837052410494,0.758815030633,0.308741062224
(1,1,150),0.837421367134,0.746029724027,0.22285345577
(1,1,151),0.807661591497,0.708225764509,0.381529355085
(1,1,152),0.842430139509,0.77156807739,0.397324449251
(1,1,153),0.832995741435,0.752171298595,0.367124014025
(1,1,154),0.874546938776,0.802714983939,0.56229292155
(1,1,155),0.836534334737,0.759575469042,0.266401144872
(1,1,156),0.835958936146,0.759626964344,0.49233004656
(1,1,157),0.856556870749,0.769697965333,0.358644319076
(1,1,158),0.872493092113,0.794164786297,0.451296781428
(1,1,159),0.896806900912,0.838175017944,0.505826309041
(1,1,160),0.850525152541,0.779990509762,0.274275504143
(1,1,161),0.80500093143,0.727451332145,0.533338428326
(1,1,162),0.831012794148,0.755882904477,0.432114072242
(1,1,163),0.866192484786,0.800728250968,0.491987743722
(1,1,164),0.818815453371,0.729851285786,0.444734342505
(1,1,165),0.845188945904,0.766945867986,0.148360179034
(1,1,166),0.858811004992,0.779401613346,0.307049721901
(1,1,167),0.820606670805,0.72340056017,0.216639244215
(1,1,168),0.859356981714,0.779844368464,0.17250984283
(1,1,169),0.857465163097,0.78851319119,0.530353533547
(1,1,170),0.855596094791,0.780942588295,0.469942412164
(1,1,171),0.84986215844,0.782767900778,0.691850737575
(1,1,172),0.863818411575,0.798333401165,0.530354842005
(1,1,173),0.838121143388,0.763515411986,0.422532293583
(1,1,174),0.852617925898,0.775358348291,0.34235835616
(1,1,175),0.842314098751,0.752752513354,0.406685282676
(1,1,176),0.849409410553,0.775103485316,0.448328621059
(1,1,177),0.841434485175,0.763061315519,0.276483277211
(1,1,178),0.831580409291,0.76780132771,0.594982085832
(1,1,179),0.840207055157,0.737174180769,0.0721606413921
(1,1,180),0.818480164182,0.716743824667,0.151153007929
(1,1,181),0.843340018779,0.771125476475,0.316769991478
(1,1,182),0.816613613223,0.730564460396,0.261673125201
(1,1,183),0.834017513201,0.740050086011,0.261255222542
(1,1,184),0.839239019961,0.766900237589,0.376164759405
(1,1,185),0.841708772637,0.768965011554,0.498075306819
(1,1,186),0.864870982345,0.787680847395,0.301595113833
(1,1,187),0.85814400129,0.774453980305,0.406581732049
(1,1,188),0.849862272897,0.758050929237,0.138095536132
(1,1,189),0.854467138398,0.794171465123,0.279241220436
(1,1,190),0.863137952753,0.787807022397,0.357275040983
(1,1,191),0.833148289363,0.753727437496,0.35893372622
(1,1,192),0.835498113629,0.754162311124,0.338326731788
(1,1,193),0.781157260701,0.709044473737,0.569771911702
(1,1,194),0.837549897631,0.764811495235,0.413363380889
(1,1,195),0.853928639986,0.774260996739,0.252273657306
(1,1,196),0.843079739317,0.772111703671,0.352913100873
(1,1,197),0.82718565509,0.738181626485,0.234556666061
(1,1,198),0.844036762883,0.770128335464,0.159056520344
(1,1,199),0.853171893558,0.789085349565,0.485798447627
(1,1,200),0.877447205501,0.810053592201,0.496997920269
(1,1,201),0.857847576531,0.782045449461,0.506750835758
(1,1,202),0.859327312554,0.790077261169,0.336806270438
(1,1,203),0.847363342785,0.758254548291,0.316368318241
(1,1,204),0.821034851914,0.733711719191,0.321449557621
(1,1,205),0.794419664739,0.695091918244,0.303131953111
(1,1,206),0.853170425062,0.782396567373,0.681137782455
(1,1,207),0.875461028706,0.814207196878,0.547379732546
(1,1,208),0.872828123684,0.799735876811,0.261745959757
(1,1,209),0.839340374355,0.760465112036,0.1904862305
(1,1,210),0.835681627062,0.75115989897,0.335440685182
(1,1,211),0.8195861678,0.723854775626,0.355495650198
(1,1,212),0.860743080861,0.770442835241,0.145647112174
(1,1,213),0.84271494316,0.757038960143,0.215089115717
(1,1,214),0.86118954184,0.784565964649,0.479436825766
(1,1,215),0.854116126735,0.786475185536,0.765390535877
(1,1,216),0.823479802536,0.744132160179,0.39500742161
(1,1,217),0.786759167445,0.675529536735,0.136494586768
(1,1,218),0.795699264003,0.681633260173,0.145180641294
(1,1,219),0.839616499772,0.754589215303,0.145988007169
(1,1,220),0.84796179164,0.76251842807,0.308878528171
(1,1,221),0.837127433335,0.746874584996,0.36256072701
(1,1,222),0.855152217242,0.779985728951,0.474740567639
(1,1,223),0.838510638298,0.75322969856,0.460342852356
(1,1,224),0.860454738616,0.776922939865,0.351743735609
(1,1,225),0.851992063984,0.778745443573,0.512863748199
(1,1,226),0.852697392362,0.77620641352,0.351944655409
(1,1,227),0.788445411893,0.695898272182,0.412256652102
(1,1,228),0.84564345903,0.751886495487,0.230884921899
(1,1,229),0.845662094039,0.756365673423,0.299066276093
(1,1,230),0.847045277677,0.771309700423,0.386816518789
(1,1,231),0.803341364117,0.710497358162,0.369586963006
(1,1,232),0.859620416405,0.773687597743,0.327233080209
(1,1,233),0.845839842209,0.75607950248,0.167285607605
(1,1,234),0.825842003572,0.745998697557,0.520849053924
(1,1,235),0.831306019887,0.741809553215,0.345479066107
(1,1,236),0.846783825568,0.77298816994,0.539201953662
(1,1,237),0.843224597953,0.763700543695,0.542417542629
(1,1,238),0.80834013536,0.720680050777,0.430684742697
(1,1,239),0.838626250031,0.745414187315,0.224297980563
(1,1,240),0.8476241925,0.772442148789,0.462260866582
(1,1,241),0.868276670985,0.81249566776,0.695015669904
(1,1,242),0.813520937787,0.705113090522,0.0953618313725
(1,1,243),0.849996392902,0.758118624831,0.167275851529
(1,1,244),0.861154397548,0.793195095441,0.367485504492
(1,1,245),0.854547864037,0.778088374675,0.290198727818
(1,1,246),0.87306284129,0.80725176282,0.284886148678
(1,1,247),0.823600528836,0.746239971979,0.405321442953
(1,1,248),0.842741695922,0.757229224886,0.492615598205
(1,1,249),0.847080078125,0.762336532935,0.228351758289
(1,1,250),0.849347220139,0.771208193038,0.294747139764
(1,1,251),0.836361455519,0.74691326568,0.378700180608
(1,1,252),0.83047589698,0.756410712828,0.571172651544
(1,1,253),0.836388597111,0.755926634417,0.366617596742
(1,1,254),0.840115403977,0.75093684035,0.28160200174
(1,1,255),0.85117526389,0.76738165073,0.178549365705
(1,1,256),0.843409520671,0.759927526464,0.38869453297
(1,1,257),0.81996394633,0.74858827227,0.702090470505
(1,1,258),0.872823681104,0.796044675618,0.495047372999
(1,1,259),0.862562819166,0.791233956552,0.432118580382
(1,1,260),0.854685356445,0.777415435108,0.474524054775
(1,1,261),0.873868620931,0.801608251426,0.529998537674
(1,1,262),0.876549791708,0.815949027794,0.584313144222
(1,1,263),0.843106230196,0.764534467201,0.406175304496
(1,1,264),0.836847397044,0.75124994733,0.2763383897
(1,1,265),0.855572779964,0.781527127545,0.41363290948
(1,1,266),0.852399519655,0.766067645076,0.174250623159
(1,1,267),0.850344481029,0.77376367577,0.390516054828
(1,1,268),0.83907926,0.771762578056,0.451816705135
(1,1,269),0.839373248435,0.759332823969,0.360098140285
(1,1,270),0.828222886449,0.741784291994,0.330421503708
(1,1,271),0.835752860467,0.752080613497,0.0888162897558
(1,1,272),0.858032900527,0.759768144569,0.202528198068
(1,1,273),0.881432818074,0.818839502108,0.680413795757
(1,1,274),0.847758695517,0.750608873426,0.174651758614
(1,1,275),0.822806758758,0.729527688651,0.299306470422
(1,1,276),0.844508837603,0.756407836572,0.244132407486
(1,1,277),0.879629575363,0.814628857777,0.548181711727
(1,1,278),0.833782355449,0.763010444867,0.42101909692
(1,1,279),0.852186896568,0.778381054259,0.333827052056
(1,1,280),0.821097175957,0.726640829524,0.313684671359
(1,1,281),0.830926275992,0.740573509848,0.399945207011
(1,1,282),0.847403030385,0.762043528358,0.167486234728
(1,1,283),0.859174084556,0.779187478268,0.516828852413
(1,1,284),0.881949158617,0.804060240037,0.475736313747
(1,1,285),0.834849096396,0.756560608412,0.348647244049
(1,1,286),0.843722150344,0.748924047893,0.101999898964
(1,1,287),0.87554150534,0.798466983718,0.325515093991
(1,1,288),0.814811980637,0.722350883693,0.400932557138
(1,1,289),0.828574755989,0.748965921634,0.306709644414
(1,1,290),0.731859803016,0.619045849955,0.20227485248
(1,1,291),0.859690941361,0.802291653723,0.39050716412
(1,1,292),0.835534356598,0.761894125757,0.628028903974
(1,1,293),0.852529287542,0.774945118186,0.43435555415
(1,1,294),0.863390773297,0.799930078727,0.536175013648
(1,1,295),0.83816646459,0.769139544447,0.362825357119
(1,1,296),0.826001925235,0.740564722964,0.249794010996
(1,1,297),0.842637095655,0.761149895413,0.480085736027
(1,1,298),0.846341564992,0.763830036445,0.199470231851
(1,1,299),0.852128154349,0.770975839558,0.35360988644
(1,1,300),0.854730927212,0.768596133028,0.453794318401
(1,1,301),0.840543193717,0.760883186168,0.250727119011
(1,1,302),0.85291105218,0.780059424204,0.448927482443
(1,1,303),0.859562597466,0.79181399054,0.588836292901
(1,1,304),0.853396104514,0.776124575611,0.403394596924
(1,1,305),0.832191281879,0.758257533547,0.436786729212
(1,1,306),0.8413570986,0.754659879828,0.296275222782
(1,1,307),0.826799948722,0.732382489207,0.204542243549
(1,1,308),0.856477050322,0.773237145483,0.177497917428
(1,1,309),0.856453496054,0.785564333097,0.19984681728
(1,1,310),0.870012372663,0.797796606316,0.504742424265
(1,1,311),0.866490205461,0.807288423254,0.624570856218
(1,1,312),0.790404171473,0.696666143868,0.247003184367
(1,1,313),0.846491196851,0.775136456649,0.451967595012
(1,1,314),0.831261515734,0.75890122146,0.354545453666
(1,1,315),0.892824106658,0.832995235238,0.648583575166
(1,1,316),0.820513546273,0.715863280587,0.262824775906
(1,1,317),0.851954785596,0.773503502925,0.243095244647
(1,1,318),0.821284037985,0.744525593809,0.344265220699
(1,1,319),0.845720018344,0.768429537462,0.23888514831
(1,1,320),0.862782255548,0.787948067552,0.393358710597
(1,1,321),0.869447617419,0.792275791836,0.269469185812
(1,1,322),0.858695487242,0.779366244298,0.44132922087
(1,1,323),0.869454232366,0.797545050299,0.392859859066
(1,1,324),0.840399121462,0.754290875486,0.301487130028
(1,1,325),0.843986205593,0.753620741224,0.33454576004
(1,1,326),0.843898195328,0.762854409485,0.653241584562
(1,1,327),0.87836789085,0.813455471478,0.434792323018
(1,1,328),0.824166916148,0.752226838414,0.608636255426
(1,1,329),0.832860167313,0.739515391666,0.163992564186
(1,1,330),0.843100792193,0.762132781062,0.408286446312
(1,1,331),0.806848882177,0.712103588621,0.367142778586
(1,1,332),0.807596126837,0.709987580524,0.255136690667
(1,1,333),0.831378628919,0.751976418968,0.412760683103
(1,1,334),0.819450101619,0.726146396437,0.192484031404
(1,1,335),0.836768677321,0.76779040606,0.628493716843
(1,1,336),0.820162465706,0.735275997405,0.435744378495
(1,1,337),0.849882464775,0.773353453893,0.262687104132
(1,1,338),0.814516298449,0.72917301346,0.493052230863
(1,1,339),0.835375191068,0.749001804396,0.266586875008
(1,1,340),0.854704496182,0.776243000621,0.484481770592
(1,1,341),0.832489408354,0.733681530024,0.161477269476
(1,1,342),0.841690173086,0.756594327653,0.232639603023
(1,1,343),0.821716467151,0.74101839985,0.575587578552
(1,1,344),0.841787372246,0.762516575086,0.140101087902
(1,1,345),0.849495476391,0.769040562969,0.338071094899
(1,1,346),0.838266837812,0.769201978745,0.449593925707
(1,1,347),0.831795182135,0.753251685655,0.326825972782
(1,1,348),0.873287623373,0.822189396707,0.88531015853
(1,1,349),0.870218716772,0.795812223787,0.343824677167
(1,1,350),0.753120427603,0.636401086778,0.200751435364
(1,1,351),0.805726123083,0.712293925204,0.355139320649
(1,1,352),0.851778351772,0.772037004361,0.242837306321
(1,1,353),0.828236271293,0.751490615711,0.519263200997
(1,1,354),0.80425620496,0.709031071843,0.367315885236
(1,1,355),0.846413053066,0.762241132189,0.105435468706
(1,1,356),0.843824623851,0.772791920358,0.613159925528
(1,1,357),0.874449406286,0.798966674596,0.384400178099
(1,1,358),0.846932640574,0.75609906157,0.315613195251
(1,1,359),0.845871109967,0.760464827839,0.332902983805
(1,1,360),0.857292091564,0.762365732531,0.213984730363
(1,1,361),0.74649162517,0.64678769472,0.31586248492
(1,1,362),0.849349970504,0.766022381927,0.0691923214046
(1,1,363),0.829097174264,0.747169974798,0.480751871949
(1,1,364),0.777363273741,0.656465704209,0.166537760525
(1,1,365),0.831109747835,0.731500512936,0.274100985044
(1,1,366),0.805141776938,0.703647514591,0.355031854835
(1,1,367),0.833760815294,0.760036359042,0.55448715089
(1,1,368),0.858668575253,0.797379699146,0.673456873592
(1,1,369),0.813003714826,0.735539975681,0.518125781512
(1,1,370),0.831615173932,0.749479031643,0.412231801089
(1,1,371),0.840370035364,0.768011109885,0.549735351253
(1,1,372),0.848822753562,0.765654860935,0.498914707902
(1,1,373),0.840410168687,0.750339073526,0.235886834277
(1,1,374),0.849572611931,0.760878136292,0.2913313878
(1,1,375),0.824804018596,0.740358662889,0.413058194962
(1,1,376),0.878235104103,0.805491425989,0.538809173776
(1,1,377),0.775006377551,0.669563948945,0.341697356138
(1,1,378),0.869068546531,0.795257835805,0.382010077971
(1,1,379),0.813799371094,0.71382105679,0.23835673168
(1,1,380),0.866879480287,0.779067217717,0.307201345502
(1,1,381),0.836126194588,0.750596577598,0.44012594407
(1,1,382),0.850858075134,0.768090971254,0.217349438051
(1,1,383),0.853210726812,0.765600744877,0.237658885679
(1,1,384),0.859781552361,0.775980016952,0.274461160643
(1,1,385),0.842649808601,0.761286565076,0.407975282421
(1,1,386),0.850279848077,0.779598336444,0.538393295048
(1,1,387),0.86247087759,0.790955240377,0.504426296948
(1,1,388),0.85598481596,0.771879719519,0.306581711744
(1,1,389),0.839871755373,0.743805309558,0.20697057726
(1,1,390),0.828068916177,0.74032452769,0.394088722133
(1,1,391),0.858995043163,0.771986948075,0.310732953506
(1,1,392),0.865072932134,0.774884219913,0.212033021178
(1,1,393),0.860021803814,0.785060625349,0.224004445957
(1,1,394),0.843318285105,0.760659506466,0.351167807304
(1,1,395),0.835821382936,0.766185370797,0.418638685812
(1,1,396),0.859996239073,0.785197614983,0.465223204582
(1,1,397),0.866441794233,0.787939622267,0.520321669878
(1,1,398),0.82710736637,0.729370946693,0.169312653743
(1,1,399),0.847563644136,0.780050551435,0.457146851752
(1,1,400),0.841706994156,0.757468335569,0.349636972816
(1,1,401),0.847395357727,0.777836490511,0.456373590137
(1,1,402),0.860628331578,0.79374894697,0.455374009619
(1,1,403),0.831004641975,0.735528629776,0.312538266052
(1,1,404),0.862500873736,0.79364018717,0.476160785797
(1,1,405),0.837790732733,0.747006390203,0.329196277263
(1,1,406),0.843489706404,0.767495847581,0.530636652444
(1,1,407),0.853184177708,0.776623880679,0.320696576379
(1,1,408),0.8642583278,0.773781915134,0.2230567306
(1,1,409),0.901704878159,0.862122468034,0.784898790182
(1,1,410),0.804535906751,0.721236226448,0.43263697809
(1,1,411),0.840649796882,0.769479061154,0.339559559266
(1,1,412),0.867439272788,0.794517478863,0.271648097018
(1,1,413),0.844202598353,0.775778667712,0.475108935095
(1,1,414),0.830786888384,0.752340280443,0.352667870719
(1,1,415),0.871110636651,0.801866355507,0.679898587853
(1,1,416),0.861022364217,0.787531961116,0.451802573852
(1,1,417),0.856238759583,0.769658436647,0.329818368153
(1,1,418),0.833687366555,0.7389906135,0.246500338859
(1,1,419),0.837129922716,0.75522891931,0.460409893145
(1,1,420),0.839715477067,0.769437651855,0.598630057814
(1,1,421),0.861888717304,0.788567447902,0.458789133462
(1,1,422),0.841256866892,0.759506548873,0.33436632404
(1,1,423),0.875569195583,0.788480254343,0.286285416209
(1,1,424),0.828560194995,0.740989485587,0.343145918397
(1,1,425),0.854975262996,0.777136261354,0.191543003077
(1,1,426),0.866177947131,0.790904043492,0.429928324772
(1,1,427),0.823064537284,0.741333904243,0.382268070237
(1,1,428),0.867554691063,0.796797685244,0.6067687301
(1,1,429),0.852747925697,0.757625551453,0.146305685245
(1,1,430),0.879212403545,0.816744778187,0.590385621836
(1,1,431),0.763707133059,0.640188107885,0.148148987694
(1,1,432),0.816411121787,0.730806305737,0.289451060911
(1,1,433),0.830536919484,0.738823705648,0.332349415638
(1,1,434),0.833297477281,0.745037469674,0.247889738801
(1,1,435),0.852276248763,0.754362806627,0.134274927713
(1,1,436),0.733849622586,0.650271278445,0.333195843427
(1,1,437),0.843303739749,0.750228057073,0.203395369582
(1,1,438),0.821297440745,0.726864429421,0.417435001518
(1,1,439),0.8350337191,0.742012460419,0.189587158647
(1,1,440),0.83334050174,0.755135961429,0.2712339401
(1,1,441),0.860717949917,0.782481469903,0.4836792232
(1,1,442),0.8018551521,0.71189259508,0.377187672407
(1,1,443),0.84588052085,0.772517678977,0.268897425177
(1,1,444),0.867860878908,0.796113142599,0.510107484755
(1,1,445),0.828722385701,0.74916321349,0.406574997894
(1,1,446),0.847654290143,0.772692418474,0.216832845607
(1,1,447),0.864849504567,0.793147529555,0.503674085712
(1,1,448),0.743917603806,0.630508955049,0.194851513851
(1,1,449),0.860095455077,0.797369615159,0.697150990519
(1,1,450),0.816746595556,0.738559064004,0.403930030358
(1,1,451),0.86963960255,0.780970064369,0.223527104869
(1,1,452),0.848643142197,0.777599392444,0.629032103268
(1,1,453),0.859028748407,0.788798456051,0.420139024705
(1,1,454),0.876907089127,0.800023212818,0.383201472014
(1,1,455),0.843266408657,0.758618396768,0.335097061307
(1,1,456),0.817142549984,0.721798842551,0.293925342423
(1,1,457),0.818135099735,0.736086664705,0.28726167435
(1,1,458),0.842463122364,0.764477578685,0.394485239439
(1,1,459),0.8548467761,0.785047289595,0.583312184069
(1,1,460),0.854885707663,0.767578503137,0.398683330162
(1,1,461),0.833843374996,0.74784986343,0.366003138876
(1,1,462),0.843012942138,0.76832643766,0.517137410887
(1,1,463),0.873869315878,0.807158746551,0.482639449014
(1,1,464),0.847730112873,0.775641421617,0.383534732446
(1,1,465),0.827247413055,0.749481925618,0.437382722004
(1,1,466),0.827223407736,0.751368049189,0.444517471151
(1,1,467),0.847309695376,0.761003530789,0.29221446317
(1,1,468),0.846624657709,0.776171764345,0.554066060978
(1,1,469),0.817594194541,0.728866552109,0.519101758633
(1,1,470),0.835028788725,0.747598750913,0.200227146189
(1,1,471),0.842078561749,0.764934246268,0.598778289698
(1,1,472),0.836305243077,0.759952244382,0.490959860849
(1,1,473),0.850728183646,0.782785837667,0.573986697517
(1,1,474),0.820107792375,0.741175970939,0.501749370321
(1,1,475),0.85524259756,0.775322151107,0.312208587759
(1,1,476),0.805053771795,0.707351458471,0.301399768661
(1,1,477),0.856823529412,0.792320235168,0.539618325527
(1,1,478),0.838801500295,0.756440962548,0.423556380017
(1,1,479),0.781022081384,0.67436196324,0.352388619349
(1,1,480),0.834482531931,0.754475713696,0.469080366908
(1,1,481),0.857330195412,0.776042815332,0.440067846205
(1,1,482),0.835539802187,0.754178741727,0.525793474204
(1,1,483),0.821491641325,0.724967488157,0.281789732826
(1,1,484),0.867695745156,0.799737984335,0.414623546934
(1,1,485),0.860598497659,0.801678138338,0.686662007111
(1,1,486),0.832275022957,0.766260612591,0.677748668945
(1,1,487),0.834389372974,0.746635342122,0.340906844019
(1,1,488),0.83753504932,0.761516028736,0.445482747118
(1,1,489),0.839049159518,0.76438442871,0.560818643807
(1,1,490),0.848459379353,0.774450024016,0.553575839739
(1,1,491),0.843761051562,0.755902541444,0.383003037201
(1,1,492),0.852741309172,0.763130437229,0.397247895102
(1,1,493),0.815669464308,0.723190026722,0.337379775678
(1,1,494),0.815192555892,0.742245432889,0.61005084621
(1,1,495),0.839522434637,0.757419778607,0.310172206027
(1,1,496),0.795250540133,0.696613393183,0.214495740177
(1,1,497),0.834293125022,0.737315180666,0.384037267158
(1,1,498),0.824521459774,0.735383719368,0.347584945457
(1,1,499),0.844513765604,0.768110601169,0.313759261243
(1,1,500),0.845557649496,0.778554002062,0.45295837691
(1,1,501),0.843235859711,0.759911347839,0.455675138353
(1,1,502),0.860557479224,0.795849713294,0.593329301054
(1,1,503),0.84069027129,0.759268048355,0.441826368922
(1,1,504),0.840033348039,0.751990358304,0.265873051607
(1,1,505),0.844604405529,0.757038286302,0.262551479862
(1,1,506),0.73322235434,0.616153285834,0.163365703956
(1,1,507),0.84898489127,0.757191547785,0.120340471917
(1,1,508),0.809293803302,0.739278814985,0.631622297528
(1,1,509),0.831561987676,0.747828763856,0.478435902384
(1,1,510),0.851869663756,0.780689001681,0.451385526047
(1,1,511),0.826982960922,0.734985092115,0.383479690565
(1,1,512),0.831501209277,0.732795376107,0.287735931514
(1,1,513),0.849912394888,0.773257775621,0.480816329622
(1,1,514),0.876849098688,0.812777522221,0.500484720731
(1,1,515),0.834329442363,0.748338330226,0.416319514631
(1,1,516),0.859150524586,0.787209969681,0.445855985671
(1,1,517),0.810255681818,0.73303125156,0.480581815257
(1,1,518),0.830499560958,0.748950131638,0.416452582438
(1,1,519),0.850640755956,0.767530857373,0.307820866884
(1,1,520),0.844794491127,0.747088434269,0.398219341602
(1,1,521),0.880721587508,0.814645186081,0.570562984796
(1,1,522),0.756802721088,0.662817864891,0.356677751221
(1,1,523),0.808957830341,0.709344797305,0.269546265909
(1,1,524),0.853263117317,0.762504925125,0.301523248218
(1,1,525),0.815851175643,0.719874283406,0.230981050261
(1,1,526),0.834598332768,0.739643638228,0.361339932852
(1,1,527),0.835957579201,0.733535519849,0.156302827626
(1,1,528),0.879498304611,0.801462855168,0.414500462915
(1,1,529),0.83413221475,0.739633805782,0.238638101952
(1,1,530),0.864416501412,0.780739133748,0.428891110558
(1,1,531),0.851217581846,0.76429793214,0.191267601833
(1,1,532),0.853935335556,0.769026980627,0.324084025067
(1,1,533),0.819098081295,0.734961803497,0.435782156753
(1,1,534),0.70350591716,0.597559803442,0.184729468276
(1,1,535),0.863889977908,0.785757247589,0.457829940679
(1,1,536),0.842216575983,0.749780005785,0.266427650932
(1,1,537),0.821898114915,0.718152503375,0.203164139041
(1,1,538),0.833602822095,0.749929917876,0.287857943527
(1,1,539),0.850029705644,0.76610871181,0.283330432476
(1,1,540),0.836516412131,0.746436493757,0.350347197398
(1,1,541),0.845237953607,0.771942244039,0.48032093255
(1,1,542),0.7143875,0.607551201191,0.155938228163
(1,1,543),0.85772785607,0.767403222413,0.462166079657
(1,1,544),0.859583261259,0.77985146341,0.385342007008
(1,1,545),0.882924593474,0.800979538553,0.482422261537
(1,1,546),0.818381393141,0.739211768731,0.425666303683
(1,1,547),0.853528872498,0.784582948064,0.485276942897
(1,1,548),0.831905968119,0.742250459725,0.422156471951
(1,1,549),0.831011699352,0.750497027957,0.596596605369
(1,1,550),0.832918542435,0.748373069467,0.184181953282
(1,1,551),0.827193472699,0.731379001265,0.27702438938
(1,1,552),0.821057910344,0.758183235034,0.609740568283
(1,1,553),0.848134707429,0.763285793795,0.407112003953
(1,1,554),0.862055638047,0.787632949124,0.352366987673
(1,1,555),0.829975090517,0.753278966458,0.640409705539
(1,1,556),0.798233032227,0.713382282838,0.453150927049
(1,1,557),0.805766758494,0.720289673626,0.499620036962
(1,1,558),0.844224930748,0.774683396834,0.581088005418
(1,1,559),0.803520133533,0.704890788789,0.160733498027
(1,1,560),0.870217706531,0.794230673098,0.32216959189
(1,1,561),0.827144994093,0.739321271679,0.458157612173
(1,1,562),0.85849024019,0.76733535119,0.265126642755
(1,1,563),0.821435752699,0.706453467899,0.0876131482504
(1,1,564),0.775706789882,0.661078319257,0.0769729891399
(1,1,565),0.861637263705,0.781228158543,0.426080634367
(1,1,566),0.821988119126,0.728489011068,0.27178783126
(1,1,567),0.802761109407,0.688822193243,0.0954697404017
(1,1,568),0.803430146952,0.705090456223,0.315342169248
(1,1,569),0.83189071188,0.734493480939,0.0873484111654
(1,1,570),0.836734710744,0.743311400115,0.201938019307
(1,1,571),0.823291625575,0.737550991714,0.451687902464
(1,1,572),0.793466971067,0.702484347258,0.495666831361
(1,1,573),0.856022306127,0.786185734733,0.591022778784
(1,1,574),0.824610998096,0.744434704762,0.344594074811
(1,1,575),0.840837065619,0.756064389269,0.418584225772
(1,1,576),0.845188195076,0.755542814949,0.1787818702
(1,1,577),0.868959981204,0.790444696458,0.609101456287
(1,1,578),0.847365207268,0.772124079841,0.561863457895
(1,1,579),0.83502798846,0.752141881991,0.357586123169
(1,1,580),0.859128057208,0.782860697362,0.600453322866
(1,1,581),0.806056866872,0.761390134786,0.815291502657
(1,1,582),0.878027638752,0.800997626493,0.486125392038
(1,1,583),0.841224598299,0.758374619362,0.417080250581
(1,1,584),0.838095754093,0.74555394485,0.112261274012
(1,1,585),0.761283570583,0.669407229151,0.281031645946
(1,1,586),0.855457976484,0.789043813063,0.685070047047
(1,1,587),0.752033531639,0.642441902612,0.250154876573
(1,1,588),0.860759181304,0.794985923001,0.67006549386
(1,1,589),0.816334110962,0.709886872781,0.239588413424
(1,1,590),0.801489366089,0.698782624617,0.205510817103
(1,1,591),0.816616094513,0.722728469851,0.401185376702
(1,1,592),0.797160037836,0.689534324862,0.355851979537
(1,1,593),0.82749598167,0.752046748091,0.526558340594
(1,1,594),0.820336666821,0.724874450376,0.197410900061
(1,1,595),0.867628244007,0.791829983759,0.599456058489
(1,1,596),0.786132979827,0.69955846632,0.412109726836
(1,1,597),0.716645764281,0.609457166572,0.118333757655
(1,1,598),0.816564458848,0.717044664724,0.369809990131
(1,1,599),0.823762393638,0.737337189864,0.423266528061
(1,1,600),0.865720524017,0.793268106229,0.587662410815
(1,1,601),0.832183305674,0.730778674204,0.335597879608
(1,1,602),0.846618559554,0.768621133643,0.454292640784
(1,1,603),0.788950570505,0.671683077496,0.165737280535
(1,1,604),0.849141976644,0.75045560903,0.129039208764
(1,1,605),0.839084018641,0.754872926818,0.342876466711
(1,1,606),0.830696660963,0.730304165998,0.101223471275
(1,1,607),0.808818663992,0.717790954039,0.292357874972
(1,1,608),0.835070604081,0.755575358048,0.378308743848
(1,1,609),0.83261484942,0.739564460118,0.32849742028
(1,1,610),0.835302146084,0.747224514292,0.493274266507
(1,1,611),0.840215966339,0.746782040125,0.192552665016
(1,1,612),0.806632219512,0.708015025076,0.231572157207
(1,1,613),0.73368158284,0.639669293137,0.28499054686
(1,1,614),0.760003559986,0.648079010814,0.111639668645
(1,1,615),0.83245237153,0.739350383235,0.298051638221
(1,1,616),0.867192147531,0.800518792269,0.592583100221
(1,1,617),0.823600406512,0.74315881933,0.416379295307
(1,1,618),0.845507254822,0.74626236573,0.32216145763
(1,1,619),0.868999194201,0.794799686207,0.410372080519
(1,1,620),0.855829955698,0.772658118023,0.44161789567
(1,1,621),0.855249936341,0.787120281052,0.530394647799
(1,1,622),0.876826279574,0.790702826619,0.345395206492
(1,1,623),0.824966181061,0.73451570619,0.301974554696
(1,1,624),0.855130995823,0.76555235838,0.235331714305
(1,1,625),0.859071475278,0.786921874581,0.499769323799
(1,1,626),0.873864738403,0.805737663365,0.50616302272
(1,1,627),0.883989538509,0.829235929667,0.714138602
(1,1,628),0.817205282456,0.727528136373,0.313168775416
(1,1,629),0.816906463594,0.724105503046,0.265143985904
(1,1,630),0.86384446365,0.777447512029,0.383485147254
(1,1,631),0.829292793164,0.725603883425,0.100168874533
(1,1,632),0.878662109375,0.793700685801,0.544169053307
(1,1,633),0.780964562377,0.700722291834,0.447495611273
(1,1,634),0.827046573838,0.747849128155,0.50792701319
(1,1,635),0.843814368331,0.763148478418,0.386041212779
(1,1,636),0.834760455432,0.750678291136,0.268714002036
(1,1,637),0.78921875,0.681249868232,0.271829000501
(1,1,638),0.824273554864,0.71939365242,0.273844597051
(1,1,639),0.822166805552,0.731930868531,0.322771421776
(1,1,640),0.839137892943,0.746064719094,0.280849348623
(1,1,641),0.842292524005,0.759855650794,0.495181993757
(1,1,642),0.762248302257,0.6616268182,0.260227990646
(1,1,643),0.815919673098,0.712472915555,0.157166204229
(1,1,644),0.833965601638,0.743897933716,0.423176010753
(1,1,645),0.849024287693,0.776571023568,0.55156079935
(1,1,646),0.880568597286,0.824829189054,0.704410096357
(1,1,647),0.857138684923,0.76736733982,0.234260901901
(1,1,648),0.773319577138,0.672805282519,0.325951721746
(1,1,649),0.835019335937,0.754096903306,0.392142262564
(1,1,650),0.861243516692,0.785753576958,0.53882353227
(1,1,651),0.808972598986,0.703008853981,0.151638481096
(1,1,652),0.853667370454,0.767183453046,0.400797382738
(1,1,653),0.855196262987,0.77249515574,0.305371324618
(1,1,654),0.875802174264,0.794381737653,0.43713493327
(1,1,655),0.854402161246,0.761588232728,0.279038129152
(1,1,656),0.837499869958,0.737256181232,0.232244722721
(1,1,657),0.7660608139,0.647569068851,0.177679811456
(1,1,658),0.836219683372,0.762775180926,0.525929457096
(1,1,659),0.850310862697,0.779166930512,0.695387922098
(1,1,660),0.841864961333,0.76059746734,0.394451178283
(1,1,661),0.810271899049,0.714913287618,0.343832801589
(1,1,662),0.801933288574,0.704737607319,0.31638186116
(1,1,663),0.767712402344,0.666415139573,0.167997361204
(1,1,664),0.764069137859,0.655067457075,0.113823282068
(1,1,665),0.76272059292,0.646999950317,0.159099709988
(1,1,666),0.82528245061,0.741570212299,0.297171260118
(1,1,667),0.837389709744,0.73952456392,0.174213484274
(1,1,668),0.838767405499,0.768783452525,0.398187146391
(1,1,669),0.826706073647,0.726218002097,0.135840916135
(1,1,670),0.815762268634,0.726961268252,0.416855742448
(1,1,671),0.784633333333,0.712739644832,0.551767238612
(1,1,672),0.847683659178,0.76518628514,0.334234437074
(1,1,673),0.80810759645,0.707413108538,0.295313069407
(1,1,674),0.812892192888,0.737353410107,0.547187473622
(1,1,675),0.88215671878,0.819070152882,0.56611843698
(1,1,676),0.816419214745,0.73813604247,0.488758764288
(1,1,677),0.774255983351,0.683916407278,0.317082156415
(1,1,678),0.815088757396,0.731500843113,0.45415564273
(1,1,679),0.83970125669,0.750893701089,0.292956287338
(1,1,680),0.8371963851,0.763454615676,0.508638284632
(1,1,681),0.838763670696,0.749864677935,0.313556633757
(1,1,682),0.826264177694,0.726674827714,0.346197224587
(1,1,683),0.852230322276,0.78242162131,0.416106355129
(1,1,684),0.732305483468,0.626764030983,0.245388291221
(1,1,685),0.826754923453,0.741115580196,0.300285510363
(1,1,686),0.861687079394,0.811888937227,0.702574079067
(1,1,687),0.762947034857,0.652233790334,0.208236310702
(1,1,688),0.800246229609,0.730320401447,0.556278967902
(1,1,689),0.83300690008,0.743063960713,0.165219336422
(1,1,690),0.812626336697,0.70496938934,0.06520143404
(1,1,691),0.796466670875,0.704334410288,0.422455285386
(1,1,692),0.769804957829,0.667524480116,0.331581444341
(1,1,693),0.836663594584,0.750466091154,0.372337221265
(1,1,694),0.828644494835,0.733781710602,0.268961439849
(1,1,695),0.767650108399,0.661600570387,0.313516721766
(1,1,696),0.829925976391,0.74042304471,0.300116710659
(1,1,697),0.831357162053,0.742173019168,0.379681041526
(1,1,698),0.802867647059,0.688530031213,0.206102358585
(1,1,699),0.867734946559,0.783342053864,0.252740318328
(1,1,700),0.866772543926,0.781197639321,0.400935392505
(1,1,701),0.853869635343,0.777929785997,0.466721406688
(1,1,702),0.85331758034,0.760451083221,0.429817584862
(1,1,703),0.819714659799,0.735852525574,0.542074897171
(1,1,704),0.779166942149,0.675798959078,0.297702327419
(1,1,705),0.795457026815,0.700903715251,0.387060153902
(1,1,706),0.813789346392,0.722413650787,0.459406709681
(1,1,707),0.808411386593,0.710290158033,0.442068588525
(1,1,708),0.85936973563,0.767245084206,0.391544142821
(1,1,709),0.811921830661,0.720828050668,0.391031759384
(1,1,710),0.855992865636,0.790625034684,0.686980314507
(1,1,711),0.859247342718,0.797720006336,0.619447143096
(1,1,712),0.865597430963,0.796169142127,0.555821712311
(1,1,713),0.737720651888,0.622382630527,0.211531267168
(1,1,714),0.872169466764,0.781517336597,0.440039890036
(1,1,715),0.828574380165,0.706283979157,0.310375765826
(1,1,716),0.862130620228,0.786126272574,0.415155123312
(1,1,717),0.819684355876,0.72858599772,0.282041900108
(1,1,718),0.818819444444,0.706436419062,0.358227187646
(1,1,719),0.820827215347,0.721350937286,0.315959283116
(1,1,720),0.849515020306,0.780950633492,0.604767024095
(1,1,721),0.888101703491,0.83052341646,0.616882455108
(1,1,722),0.796134161033,0.713318062633,0.311238644976
(1,1,723),0.848444483725,0.764374696986,0.459271889599
(1,1,724),0.821103395062,0.706588838633,0.223012896901
(1,1,725),0.835209293207,0.738651873238,0.0977770941768
(1,1,726),0.83223097503,0.780508466061,0.6893349982
(1,1,727),0.767382385849,0.659160990767,0.232452128814
(1,1,728),0.849978781683,0.778073094195,0.391398504148
(1,1,729),0.804041897992,0.726580565084,0.576833147311
(1,1,730),0.876720002801,0.808187554397,0.568394648354
(1,1,731),0.831627123237,0.785462057907,0.86981711144
(1,1,732),0.732048374906,0.644997968685,0.380850542379
(1,1,733),0.820501893163,0.747707558623,0.618734594269
(1,1,734),0.848465414483,0.776649256701,0.578440160678
(1,1,735),0.813114232859,0.718258740463,0.355050829056
(1,1,736),0.82023893597,0.727661843699,0.245394759552
(1,1,737),0.827738277245,0.734995355668,0.303610000487
(1,1,738),0.836408367261,0.738224245305,0.212123807412
(1,1,739),0.820496296296,0.737754415254,0.419106346019
(1,1,740),0.864221165279,0.77845368453,0.49825771207
(1,1,741),0.829768195544,0.73180420644,0.373216135392
(1,1,742),0.846921781476,0.749714962889,0.213853444393
(1,1,743),0.846738754325,0.766522355884,0.525259737833
(1,1,744),0.807523436573,0.707624119033,0.247311122651
(1,1,745),0.800808163265,0.732199571432,0.548983204931
(1,1,746),0.831604111552,0.726805389533,0.140503964259
(1,1,747),0.844042932637,0.775486691011,0.802329439792
(1,1,748),0.756763972944,0.649834566202,0.280386554332
(1,1,749),0.745074009996,0.651008156634,0.332247728686
(1,1,750),0.765344350688,0.65910090273,0.237474892285
(1,1,751),0.772567062948,0.662446531264,0.259589336094
(1,1,752),0.843261028372,0.77130443844,0.504979029359
(1,1,753),0.858267699161,0.780851877482,0.443063650794
(1,1,754),0.810373345936,0.708806484719,0.341200726569
(1,1,755),0.817811270234,0.719634150304,0.213356145336
(1,1,756),0.827625146137,0.712418623205,0.227233998714
(1,1,757),0.766940686785,0.655530502265,0.217860828364
(1,1,758),0.815048010974,0.742159588405,0.577059449722
(1,1,759),0.852379032258,0.780416576507,0.444257722674
(1,1,760),0.803288165849,0.726959084951,0.515670265361
(1,1,761),0.786403602484,0.699017940793,0.510830029371
(1,1,762),0.763239064253,0.659997924036,0.26295515553
(1,1,763),0.745556367178,0.637433470119,0.244638855424
(1,1,764),0.825480008361,0.742495786233,0.405217823415
(1,1,765),0.850697003685,0.762711545326,0.345286171083
(1,1,766),0.868522044386,0.794027251998,0.489864269567
(1,1,767),0.845944860594,0.765183492834,0.472011174629
(1,1,768),0.827487661489,0.743446473462,0.41104013619
(1,1,769),0.853112660932,0.78846912184,0.595429228077
(1,1,770),0.795713377269,0.71028186715,0.476250875971
(1,1,771),0.822305616461,0.714676248932,0.240940806599
(1,1,772),0.827269653423,0.734705662092,0.329794323857
(1,1,773),0.866872116494,0.807592663696,0.715776970841
(1,1,774),0.775044444444,0.665407722927,0.276051580277
(1,1,775),0.837500362897,0.736955882804,0.296693269303
(1,1,776),0.765668304359,0.669852081366,0.34460779575
(1,1,777),0.78913598495,0.672397364348,0.176531879611
(1,1,778),0.906646489518,0.856419934764,0.751365614403
(1,1,779),0.753385546458,0.647713240304,0.213096644548
(1,1,780),0.819889315269,0.72763907609,0.337934868523
(1,1,781),0.823284023669,0.724747879371,0.409667354533
(1,1,782),0.844394624412,0.749149335654,0.299429455858
(1,1,783),0.82984846514,0.722233746998,0.359889722276
(1,1,784),0.862872166783,0.776673307027,0.337225443434
(1,1,785),0.803432647393,0.702972383477,0.220054995854
(1,1,786),0.826848386413,0.738754071324,0.406757144729
(1,1,787),0.720694162661,0.607207443582,0.132011192587
(1,1,788),0.8286900316,0.738956498061,0.327539463674
(1,1,789),0.862496169417,0.789785222723,0.506290065602
(1,1,790),0.79869085653,0.705812057798,0.362603859832
(1,1,791),0.822447447447,0.725044560225,0.34319950084
(1,1,792),0.755990211118,0.64661027857,0.281301445877
(1,1,793),0.832207897082,0.733038407928,0.368266946504
(1,1,794),0.818402064968,0.731366662719,0.4458534334
(1,1,795),0.819375732792,0.716242315365,0.359196289778
(1,1,796),0.805154128547,0.692570514685,0.326101936678
(1,1,797),0.844526645052,0.763861523803,0.414478040708
(1,1,798),0.869751375517,0.782966450968,0.281361485074
(1,1,799),0.841667533819,0.774417592979,0.638755816727
(1,1,800),0.75549679186,0.654493907079,0.244288110542
(1,1,801),0.891395775941,0.852010189894,0.889898253258
(1,1,802),0.808912627551,0.735236309356,0.603810299068
(1,1,803),0.814970520554,0.715857865005,0.316069976252
(1,1,804),0.839971446885,0.790251954591,0.78308922321
(1,1,805),0.820745771478,0.715925083082,0.190933022272
(1,1,806),0.779757805326,0.672019179523,0.278936596122
(1,1,807),0.835250241382,0.74219195705,0.300072925473
(1,1,808),0.86994324357,0.769301706971,0.342116674306
(1,1,809),0.772127438967,0.666753437198,0.267445626341
(1,1,810),0.863184018778,0.806515555719,0.752045843135
(1,1,811),0.821060816084,0.728215056687,0.322007206196
(1,1,812),0.790682062299,0.691260472958,0.288749127773
(1,1,813),0.816393442623,0.696819958593,0.15465702975
(1,1,814),0.807972400775,0.705226418373,0.384871166774
(1,1,815),0.736353969754,0.623803834392,0.212337698659
(1,1,816),0.822216282238,0.752904678099,0.803178217567
(1,1,817),0.758369872176,0.659388311469,0.370378703094
(1,1,818),0.815629819008,0.711731315757,0.396878946182
(1,1,819),0.815661982249,0.742588568289,0.659966827852
(1,1,820),0.856457743196,0.765680241189,0.350349938828
(1,1,821),0.773653538326,0.661587665644,0.101623634698
(1,1,822),0.63962201904,0.536998010656,0.0529652864622
(1,1,823),0.842196843447,0.772819772331,0.582107135348
(1,1,824),0.839163301095,0.715975409805,0.160135086521
(1,1,825),0.822843512623,0.727727443939,0.426714266618
(1,1,826),0.831491117686,0.746517099701,0.448884004637
(1,1,827),0.845820176028,0.747750390118,0.290968735894
(1,1,828),0.824064890123,0.739058899816,0.575854176382
(1,1,829),0.819417013789,0.726859516218,0.467622034457
(1,1,830),0.908995890023,0.85787182652,0.774735670007
(1,1,831),0.869834710744,0.797097880362,0.500026302462
(1,1,832),0.835213459188,0.744239099654,0.29087413185
(1,1,833),0.811576494468,0.711287621942,0.250878047318
(1,1,834),0.85975831035,0.78041875049,0.603528655154
(1,1,835),0.840817,0.758658128455,0.388190118102
(1,1,836),0.808796128565,0.730644658052,0.489712103862
(1,1,837),0.886914117859,0.82177935829,0.62993080319
(1,1,838),0.829871432818,0.739955888615,0.497520812636
(1,1,839),0.831374,0.731355063846,0.332988800915
(1,1,840),0.848459929031,0.755380609028,0.320637476057
(1,1,841),0.869249131944,0.788289098309,0.520627387882
(1,1,842),0.819241638054,0.739366419757,0.41869811899
(1,1,843),0.615532879819,0.517269159203,0.0640063582835
(1,1,844),0.839585012503,0.761202500039,0.553233521666
(1,1,845),0.812534262667,0.75936670715,0.641565504859
(1,1,846),0.745671053333,0.640065747079,0.282998471063
(1,1,847),0.896647237975,0.816651754937,0.523539127459
(1,1,848),0.851905781445,0.753273103695,0.283556403352
(1,1,849),0.812043429031,0.708629993924,0.313662215456
(1,1,850),0.827775001157,0.725439779172,0.138698532945
(1,1,851),0.853038867199,0.824260716596,0.800099147827
(1,1,852),0.842650473822,0.760220897558,0.518157398387
(1,1,853),0.852271352369,0.776197992389,0.460556606687
(1,1,854),0.743165022,0.685702224197,0.582066744303
(1,1,855),0.844828,0.737436539831,0.251942414867
(1,1,856),0.815356882549,0.724084158399,0.222957027464
(1,1,857),0.8715873813,0.7875165388,0.587089510235
(1,1,858),0.824029435772,0.739546157509,0.492348358635
(1,1,859),0.783764057093,0.685184638201,0.233172034728
(1,1,860),0.81667238506,0.722938215982,0.424894937615
(1,1,861),0.833121748179,0.746250824271,0.515556616325
(1,1,862),0.810972222222,0.697638632783,0.300487581314
(1,1,863),0.841790222222,0.744559952281,0.327418019785
(1,1,864),0.766493481031,0.680327319598,0.453295534025
(1,1,865),0.799457886023,0.715538151223,0.464559720942
(1,1,866),0.811398160849,0.706585717768,0.317036575041
(1,1,867),0.850432783999,0.790472882815,0.624231712112
(1,1,868),0.82087757625,0.744941278244,0.537015818945
(1,1,869),0.782712953605,0.693067362017,0.420178164986
(1,1,870),0.776439288783,0.674103675806,0.322200518437
(1,1,871),0.859595538896,0.770510010457,0.381127210363
(1,1,872),0.833387536986,0.734604498049,0.342791144366
(1,1,873),0.793722750694,0.695951736748,0.369651789438
(1,1,874),0.720814213259,0.605161313492,0.15938314646
(1,1,875),0.867435351068,0.779347064259,0.377543488223
(1,1,876),0.814479166667,0.727844879819,0.47120440771
(1,1,877),0.85265670054,0.768181158217,0.31889071659
(1,1,878),0.670211819153,0.587751129538,0.285499445846
(1,1,879),0.858531167569,0.783224070395,0.615243682173
(1,1,880),0.821388711735,0.727656870556,0.457974975165
(1,1,881),0.720232058096,0.605642261016,0.0975523498039
(1,1,882),0.835254082187,0.764134691472,0.626941939933
(1,1,883),0.844172875806,0.751481466973,0.426351774601
(1,1,884),0.834662543403,0.773102640566,0.660702988666
(1,1,885),0.7644257766,0.685270179601,0.514658086954
(1,1,886),0.811354665243,0.729219871664,0.514455107063
(1,1,887),0.887949297366,0.827932967488,0.686560253193
(1,1,888),0.850112507389,0.757862036797,0.373971428805
(1,1,889),0.849719964483,0.781927461023,0.588245721408
(1,1,890),0.753099934254,0.645652901763,0.177990108161
(1,1,891),0.834972196715,0.782126498563,0.731678611055
(1,1,892),0.767721200804,0.705954346979,0.623323769898
(1,1,893),0.772642605352,0.692009340896,0.442009350651
(1,1,894),0.864525,0.81160785943,0.804710340676
(1,1,895),0.770432453878,0.69305807248,0.457469794221
(1,1,896),0.792060249307,0.695755535876,0.430835402468
(1,1,897),0.74768707483,0.626119901223,0.19882738693
(1,1,898),0.793269230769,0.684774361119,0.346438298733
(1,1,899),0.766146547782,0.658622074239,0.217223575903
(1,1,900),0.810939788818,0.724405540391,0.474150182139
(1,1,901),0.831941879553,0.73280047963,0.34503717863
(1,1,902),0.759684917355,0.661510887665,0.315839359237
(1,1,903),0.741576265615,0.66748286618,0.409984170636
(1,1,904),0.804702856172,0.729962585706,0.580243868482
(1,1,905),0.787649650506,0.702806642584,0.536714643503
(1,1,906),0.825941950604,0.732683925653,0.507464167786
(1,1,907),0.720022213678,0.61596531239,0.19233487816
(1,1,908),0.71365016783,0.616291431232,0.196795349248
(1,1,909),0.823840607032,0.711800598255,0.22823085086
(1,1,910),0.814612167428,0.721379272008,0.400989982932
(1,1,911),0.877248066983,0.796611322706,0.521733981156
(1,1,912),0.720952380952,0.625919760779,0.315282448039
(1,1,913),0.81817442768,0.711741718729,0.381697075528
(1,1,914),0.788432542632,0.733969698959,0.751637120947
(1,1,915),0.810721936695,0.72314418161,0.410028795515
(1,1,916),0.842134116925,0.803553172531,0.828765572614
(1,1,917),0.799025609632,0.713635027345,0.500411644317
(1,1,918),0.852003309462,0.758202475544,0.35810815317
(1,1,919),0.719224243567,0.630910187228,0.366711563337
(1,1,920),0.80477189429,0.698698471997,0.380126691196
(1,1,921),0.849437869822,0.769704894616,0.549215601851
(1,1,922),0.807598702001,0.694498162618,0.297818395714
(1,1,923),0.799623842593,0.697980372582,0.353564840915
(1,1,924),0.760808512322,0.667202953813,0.314737293895
(1,1,925),0.719934040865,0.608722998701,0.173048234527
(1,1,926),0.878945605401,0.815320708843,0.646669940507
(1,1,927),0.751709660665,0.704115413232,0.647451591556
(1,1,928),0.7814,0.713625562711,0.586221112447
(1,1,929),0.773800725611,0.668534389731,0.305329818766
(1,1,930),0.820000867152,0.726062788632,0.499367369446
(1,1,931),0.789263744714,0.689120572685,0.331052928837
(1,1,932),0.860659910223,0.795707213939,0.681845726534
(1,1,933),0.842797304107,0.752923319962,0.496900850614
(1,1,934),0.793461492821,0.708208457686,0.535859832885
(1,1,935),0.780193478609,0.679478306267,0.357104800901
(1,1,936),0.808700160241,0.728772710828,0.564810560927
(1,1,937),0.781325562651,0.710661752588,0.485177916058
(1,1,938),0.741279368011,0.65201754397,0.316807694541
(1,1,939),0.749253472222,0.658222320087,0.377371897393
(1,1,940),0.785018929151,0.666773294312,0.2003170909
(1,1,941),0.776455026455,0.711903114061,0.574815409556
(1,1,942),0.832470414201,0.731841253329,0.366950950195
(1,1,943),0.845999099381,0.762487835956,0.380259679364
(1,1,944),0.72385,0.655364080831,0.458401044963
(1,1,945),0.802453513773,0.705776951778,0.376738148132
(1,1,946),0.862862683137,0.771874051708,0.453564914618
(1,1,947),0.767272727273,0.67605563723,0.406598980168
(1,1,948),0.873190020049,0.798118805716,0.62213584527
(1,1,949),0.799862825789,0.75292698917,0.749825454385
(1,1,950),0.817444368199,0.723852259283,0.43520620084
(1,1,951),0.847974049141,0.77108889254,0.570056459635
(1,1,952),0.745946837591,0.640162565023,0.290012264362
(1,1,953),0.791219723183,0.682626052075,0.280637574848
(1,1,954),0.775582529844,0.673462085215,0.300377248838
(1,1,955),0.797407303666,0.694624932023,0.350160783706
(1,1,956),0.844317372731,0.782764752118,0.679843069529
(1,1,957),0.810877412189,0.712646973202,0.429856322863
(1,1,958),0.79361599201,0.682751611696,0.289492050334
(1,1,959),0.740194428078,0.640510361697,0.261751911352
(1,1,960),0.810565647828,0.731506423179,0.450187882061
(1,1,961),0.78853912554,0.70338764515,0.43015300259
(1,1,962),0.831385439494,0.72087923984,0.360693300918
(1,1,963),0.719006970005,0.608676056361,0.214748647679
