(0,1,0),0.847024825218,0.912323860191,1.0
(1,0,0),0.990617153774,0.988971994494,1.0
(0,0,0),0.74899335887,0.670397185129,0.0049201616581
(1,1,0),0.852175831645,0.796421185684,0.708824523711
(1,1,1),0.833084847501,0.756506906216,0.429336695765
(1,1,2),0.833314255983,0.759471555215,0.509018391299
(1,1,3),0.844966716604,0.773150966005,0.417481300017
(1,1,4),0.865488139842,0.794801206328,0.490790218248
(1,1,5),0.831519082181,0.762484440364,0.514137340278
(1,1,6),0.831155981959,0.757480667984,0.285422511793
(1,1,7),0.85797244245,0.788958505142,0.396233138983
(1,1,8),0.85110322697,0.78241199738,0.679804537862
(1,1,9),0.840873821394,0.762683234594,0.305299038221
(1,1,10),0.854303321783,0.770840808314,0.434334739069
(1,1,11),0.845368434024,0.765042703408,0.467683124226
(1,1,12),0.824976714094,0.746258833979,0.188460181973
(1,1,13),0.846901291129,0.761437708296,0.347480103369
(1,1,14),0.840704849111,0.76698080036,0.354000237705
(1,1,15),0.836372237612,0.755450193154,0.412348877008
(1,1,16),0.834233642239,0.764084735369,0.570822669444
(1,1,17),0.851704060777,0.776059162281,0.386672638931
(1,1,18),0.836883895186,0.772206676253,0.638019553884
(1,1,19),0.856852544435,0.772628535555,0.31336291192
(1,1,20),0.867872374066,0.795374063894,0.535077789532
(1,1,21),0.833583029884,0.755569407631,0.260309687592
(1,1,22),0.854489550184,0.785248773035,0.263470900837
(1,1,23),0.823437793207,0.748936160294,0.393174836532
(1,1,24),0.839940065758,0.763694959898,0.449509685123
(1,1,25),0.860223412024,0.796990589982,0.541696679413
(1,1,26),0.853998505613,0.781895786424,0.359759658915
(1,1,27),0.821854148538,0.757120699854,0.665075583771
(1,1,28),0.852963262186,0.783658018722,0.364921312335
(1,1,29),0.858307093179,0.789215192556,0.365425535785
(1,1,30),0.836783215315,0.763863904532,0.454041698304
(1,1,31),0.836242916102,0.753154137171,0.350724411524
(1,1,32),0.84820470581,0.780409762029,0.44489606286
(1,1,33),0.857641200515,0.791975019447,0.62914365159
(1,1,34),0.808038880304,0.698770368415,0.077090288707
(1,1,35),0.859582260071,0.798745667996,0.590805380515
(1,1,36),0.86058934098,0.789142543626,0.387010693
(1,1,37),0.865361020211,0.795063591436,0.312925980281
(1,1,38),0.825068060854,0.752772382775,0.466735398816
(1,1,39),0.858861274157,0.789646324675,0.51036139093
(1,1,40),0.820916613251,0.73303384931,0.415473037657
(1,1,41),0.858251493384,0.782565672511,0.284017118477
(1,1,42),0.831073786937,0.754839962365,0.476821800054
(1,1,43),0.799369684748,0.700025702799,0.253907941746
(1,1,44),0.839346745288,0.757598716148,0.491186299966
(1,1,45),0.845741261517,0.762144402283,0.269113631859
(1,1,46),0.872447763934,0.805157398971,0.410795395905
(1,1,47),0.805441461156,0.713681157921,0.361722425103
(1,1,48),0.852278914801,0.774035882462,0.497931632664
(1,1,49),0.826572993827,0.731993289658,0.300697962547
(1,1,50),0.814903378791,0.713997634631,0.228302190222
(1,1,51),0.837518169954,0.761043531044,0.553563616002
(1,1,52),0.868322213501,0.797779903197,0.22582905983
(1,1,53),0.846863221329,0.782095124971,0.521033315893
(1,1,54),0.832586938822,0.743215922306,0.18208124554
(1,1,55),0.866028027468,0.796049458887,0.603775992669
(1,1,56),0.853336618003,0.785445259399,0.564285164809
(1,1,57),0.825143745212,0.739057179498,0.289953761485
(1,1,58),0.812380038388,0.712621476178,0.256352913153
(1,1,59),0.854347324233,0.781009740063,0.360669349382
(1,1,60),0.849186934167,0.774552013675,0.457978195022
(1,1,61),0.837724622016,0.749723590671,0.246415463561
(1,1,62),0.786871394441,0.706769150399,0.478067126937
(1,1,63),0.83158434438,0.75296723017,0.464147439315
(1,1,64),0.839330678553,0.761575856347,0.419773305857
(1,1,65),0.839953268068,0.771552466052,0.501128579412
(1,1,66),0.837123602706,0.746089924028,0.145666013154
(1,1,67),0.861416970673,0.794401801209,0.620966006651
(1,1,68),0.85143186517,0.774904047545,0.397773583436
(1,1,69),0.84823633157,0.775318242769,0.479281042927
(1,1,70),0.816830596562,0.728705518388,0.402996705867
(1,1,71),0.85207751137,0.775145439305,0.3440578975
(1,1,72),0.769540761837,0.660843900602,0.138766012623
(1,1,73),0.842601445896,0.77173269416,0.346794711306
(1,1,74),0.802675844936,0.729485441585,0.483814622907
(1,1,75),0.823824228673,0.738676972265,0.469082222424
(1,1,76),0.840297951599,0.764334353316,0.415649954069
(1,1,77),0.845513690796,0.774376072599,0.356966210661
(1,1,78),0.853143303965,0.789886063424,0.481181294115
(1,1,79),0.847509497216,0.764504062531,0.303260479727
(1,1,80),0.827694846277,0.742799090925,0.286708790208
(1,1,81),0.814850657329,0.707462904191,0.209720407847
(1,1,82),0.838353442016,0.766559038072,0.422286667201
(1,1,83),0.829368299031,0.741204228275,0.333292394469
(1,1,84),0.776282450884,0.678237741986,0.305094708113
(1,1,85),0.859281591059,0.781271190093,0.325255600102
(1,1,86),0.858245488906,0.789702006109,0.241726014927
(1,1,87),0.850986151519,0.773885197564,0.159121665924
(1,1,88),0.859074314078,0.779122363162,0.374799624724
(1,1,89),0.859786602502,0.796994848084,0.713932802585
(1,1,90),0.861635759546,0.780711326428,0.238291982615
(1,1,91),0.859859615955,0.793463683435,0.315768095842
(1,1,92),0.805433485243,0.714610175472,0.42113116465
(1,1,93),0.857229683572,0.781413808776,0.353111080805
(1,1,94),0.877518218322,0.810920044782,0.469098506872
(1,1,95),0.838451554417,0.746095003772,0.358333136063
(1,1,96),0.838087399228,0.756978776308,0.416106106632
(1,1,97),0.861928510718,0.787110769444,0.28518682864
(1,1,98),0.836334063482,0.762943060569,0.382775896763
(1,1,99),0.837782203,0.767171623905,0.505472574197
(1,1,100),0.831904874166,0.757452192378,0.671556652304
(1,1,101),0.848396877588,0.782504750252,0.731027693474
(1,1,102),0.832523831074,0.770400902442,0.623046652916
(1,1,103),0.845993429054,0.779670506351,0.65262366124
(1,1,104),0.863520521718,0.785724907137,0.381959779223
(1,1,105),0.830216253545,0.749247419619,0.611803306226
(1,1,106),0.785897150936,0.695008367547,0.345061300906
(1,1,107),0.84308139273,0.774974007489,0.656008270953
(1,1,108),0.858471286888,0.786265801195,0.20646283726
(1,1,109),0.814216151807,0.734231913304,0.349336709635
(1,1,110),0.857735039138,0.814915990113,0.759552377305
(1,1,111),0.853169559706,0.771716823606,0.122901345623
(1,1,112),0.836597738236,0.765352112509,0.352718564534
(1,1,113),0.803418709706,0.72452446777,0.528662829016
(1,1,114),0.81503979674,0.728357634259,0.221543586467
(1,1,115),0.827583036217,0.757109843272,0.662031792423
(1,1,116),0.852981982517,0.776958162039,0.273201930945
(1,1,117),0.856434400105,0.76986757749,0.271443907162
(1,1,118),0.842231044417,0.767817790822,0.429923173132
(1,1,119),0.830584721752,0.755019169174,0.531345185223
(1,1,120),0.844546022816,0.765957165575,0.477597165207
(1,1,121),0.829657613618,0.768662630314,0.631857100875
(1,1,122),0.873583440491,0.807898723602,0.646628674221
(1,1,123),0.870434856463,0.787193604593,0.365649106184
(1,1,124),0.788067977132,0.675704062922,0.110178409502
(1,1,125),0.799187900389,0.700431180682,0.366916419747
(1,1,126),0.853676179152,0.773012666123,0.342143810161
(1,1,127),0.823063117275,0.737977738765,0.473286733306
(1,1,128),0.874347372837,0.80549902799,0.330046305802
(1,1,129),0.871527016826,0.804320317924,0.729614031218
(1,1,130),0.845837866971,0.775329053574,0.376715935082
(1,1,131),0.83384078478,0.766272460255,0.565236266339
(1,1,132),0.816192668498,0.722195542799,0.362779409591
(1,1,133),0.839894198968,0.780433383076,0.481729297725
(1,1,134),0.862224427798,0.785867853454,0.18005578212
(1,1,135),0.857233527971,0.779683156134,0.289383345999
(1,1,136),0.845342155206,0.767324756433,0.113673367844
(1,1,137),0.857269441287,0.792106368301,0.21605138575
(1,1,138),0.868072048596,0.80125510803,0.316000472145
(1,1,139),0.834113089701,0.754078879803,0.228000881805
(1,1,140),0.823482182205,0.750551573823,0.560516600088
(1,1,141),0.840029839575,0.735263377957,0.0937151273476
(1,1,142),0.829883015198,0.735465686678,0.291916010317
(1,1,143),0.839683845029,0.758800178475,0.330314940007
(1,1,144),0.811466807689,0.715078389962,0.287876198304
(1,1,145),0.851632432712,0.782062837594,0.479590926974
(1,1,146),0.835749673931,0.763659426747,0.458408002797
(1,1,147),0.844988678812,0.778865591971,0.401130268195
(1,1,148),0.866755885565,0.794821104312,0.473581132576
(1,1,149),0.830335563137,0.753008682352,0.408830360484
(1,1,150),0.8512685378,0.787042880755,0.813548020941
(1,1,151),0.843912668773,0.750037391292,0.379809272226
(1,1,152),0.851029676912,0.77716427956,0.23868384415
(1,1,153),0.827473878321,0.756410342098,0.485268868945
(1,1,154),0.82827755102,0.725646665742,0.277184448318
(1,1,155),0.843536072741,0.768925163139,0.432359423422
(1,1,156),0.862422864147,0.798537210015,0.42209728712
(1,1,157),0.849005005855,0.760622050584,0.430405119349
(1,1,158),0.838437264001,0.741558091966,0.318453646301
(1,1,159),0.868093429036,0.79780951641,0.315530940288
(1,1,160),0.849209728992,0.771998211938,0.243527999956
(1,1,161),0.836699182035,0.740794936421,0.390737027849
(1,1,162),0.823714809585,0.722541519025,0.232564582574
(1,1,163),0.865924127479,0.788899531009,0.170650953421
(1,1,164),0.83699907096,0.76321853947,0.6197854234
(1,1,165),0.852475600533,0.778739140944,0.34906202937
(1,1,166),0.858933270515,0.790190952287,0.35310602659
(1,1,167),0.832994973429,0.749825308025,0.447544730963
(1,1,168),0.837620650954,0.743851986594,0.0985129280099
(1,1,169),0.849236220419,0.773661239351,0.313250262973
(1,1,170),0.854821451684,0.786595295879,0.377890387007
(1,1,171),0.861369015825,0.794633044337,0.50235848046
(1,1,172),0.852834388389,0.777414208581,0.266740518635
(1,1,173),0.843746038131,0.773933586582,0.29060387823
(1,1,174),0.845309304505,0.773557228671,0.313788453362
(1,1,175),0.841710291493,0.766805426827,0.426121702605
(1,1,176),0.865775859669,0.802748175973,0.555114188181
(1,1,177),0.858752632623,0.785551823582,0.278540372302
(1,1,178),0.867912606539,0.797639835157,0.544456681946
(1,1,179),0.847126583673,0.756942808913,0.191938404007
(1,1,180),0.817402650781,0.710974137892,0.174688163933
(1,1,181),0.851340257663,0.777973706571,0.554006293984
(1,1,182),0.837892774405,0.761443313493,0.298320174253
(1,1,183),0.821959265712,0.734131089758,0.269459273401
(1,1,184),0.818312607666,0.742378672019,0.339361693758
(1,1,185),0.845700043612,0.774707641842,0.339650675032
(1,1,186),0.818043860973,0.713149589654,0.104884420472
(1,1,187),0.859842654802,0.787286991797,0.487918501098
(1,1,188),0.860904350258,0.790757390694,0.451899447194
(1,1,189),0.840822027055,0.770693162468,0.452730944591
(1,1,190),0.851550640918,0.785666272396,0.356376575168
(1,1,191),0.848569190628,0.779287067911,0.526255884618
(1,1,192),0.845303873222,0.773042061082,0.520576839102
(1,1,193),0.830057592676,0.769344521676,0.613897862472
(1,1,194),0.842146885214,0.769260814413,0.49959010803
(1,1,195),0.855640929309,0.783720179646,0.444095934104
(1,1,196),0.866469870942,0.798086177297,0.352221508332
(1,1,197),0.837196587754,0.752721410689,0.331701271459
(1,1,198),0.848082273714,0.776148150277,0.263182874211
(1,1,199),0.862964336821,0.799714212231,0.452565579493
(1,1,200),0.871833847342,0.79661343637,0.305667352916
(1,1,201),0.85713408801,0.783921277511,0.427943265633
(1,1,202),0.867652453344,0.802849526094,0.427286021808
(1,1,203),0.823879076087,0.737215217582,0.21384820742
(1,1,204),0.861241884223,0.796431883906,0.494102434324
(1,1,205),0.75673953534,0.650485876022,0.241829343031
(1,1,206),0.855496264159,0.784078817605,0.471677279986
(1,1,207),0.849463473749,0.7752491641,0.39038600732
(1,1,208),0.827431196588,0.734862181916,0.342991520933
(1,1,209),0.85101336032,0.780334709144,0.382822105686
(1,1,210),0.842699415419,0.765629095768,0.415141848815
(1,1,211),0.816382751448,0.736913282467,0.522366655265
(1,1,212),0.840979743025,0.763215751985,0.388287106075
(1,1,213),0.835070132214,0.752218148181,0.421333779581
(1,1,214),0.852641543974,0.773015011915,0.297460304012
(1,1,215),0.825228408686,0.74157944579,0.441542859819
(1,1,216),0.854424824055,0.782458058669,0.499995020113
(1,1,217),0.823825823306,0.715238770199,0.131607306212
(1,1,218),0.821434265065,0.713008264542,0.220925669024
(1,1,219),0.850104883841,0.766584170656,0.273443122753
(1,1,220),0.865974938831,0.79428016152,0.384996048817
(1,1,221),0.788756315373,0.695704536694,0.361663891819
(1,1,222),0.814012460024,0.715159922863,0.145228341338
(1,1,223),0.825151652331,0.723495960728,0.361889880941
(1,1,224),0.799322431377,0.690160781843,0.191118591444
(1,1,225),0.843647329517,0.766770645174,0.27429155397
(1,1,226),0.844039085762,0.761678171948,0.328078945583
(1,1,227),0.810020354521,0.721127897102,0.376199375688
(1,1,228),0.856242266454,0.786000804136,0.581757951015
(1,1,229),0.83290582073,0.753310241238,0.404623405408
(1,1,230),0.817967251003,0.729508336224,0.356941157188
(1,1,231),0.717596111727,0.611857558541,0.0515843718656
(1,1,232),0.828806660396,0.736824902021,0.178338503553
(1,1,233),0.820662458909,0.730752401075,0.172835836346
(1,1,234),0.849223848544,0.787603499885,0.424687731365
(1,1,235),0.833455760713,0.743017791517,0.221614092945
(1,1,236),0.853509622052,0.775467749114,0.317261993432
(1,1,237),0.829249143967,0.761250183446,0.818445533554
(1,1,238),0.827608293938,0.738348343056,0.322601477435
(1,1,239),0.871431413229,0.803529410576,0.512087272901
(1,1,240),0.857939995776,0.794349464899,0.690691697693
(1,1,241),0.831338538567,0.759302787594,0.610143910813
(1,1,242),0.856115387331,0.770312035033,0.346666495274
(1,1,243),0.840270580923,0.750676240648,0.311756981856
(1,1,244),0.856447354268,0.789219021845,0.440337223471
(1,1,245),0.847626351721,0.767922735848,0.252501233713
(1,1,246),0.859868907466,0.782435235193,0.338517742173
(1,1,247),0.813048253884,0.732116639868,0.35302177244
(1,1,248),0.842234095907,0.776938000968,0.585071009306
(1,1,249),0.804985351562,0.711537056627,0.273815558674
(1,1,250),0.849804119316,0.789627717515,0.754523630079
(1,1,251),0.789243800662,0.687611421039,0.132043530247
(1,1,252),0.841173609637,0.768449363834,0.447028157511
(1,1,253),0.850990858936,0.776888212396,0.472104632976
(1,1,254),0.859577176726,0.782598431245,0.520380446036
(1,1,255),0.830219159922,0.745757328758,0.448354711201
(1,1,256),0.827405746612,0.737332661465,0.137248813349
(1,1,257),0.875677628516,0.815895508302,0.681801224722
(1,1,258),0.846559115718,0.756189235729,0.294740047907
(1,1,259),0.849226773073,0.773462198158,0.449626070283
(1,1,260),0.834434450461,0.748196926234,0.424038477524
(1,1,261),0.850040920501,0.77740827995,0.520164323448
(1,1,262),0.853747189711,0.778109279042,0.387167897475
(1,1,263),0.836133919216,0.751677534544,0.181250137301
(1,1,264),0.870762959958,0.813355315934,0.671849015522
(1,1,265),0.865874091888,0.805296878593,0.610452906599
(1,1,266),0.869591584158,0.786658531261,0.20266102225
(1,1,267),0.852946405897,0.773274897305,0.352844011616
(1,1,268),0.83647472,0.763863599847,0.339041347513
(1,1,269),0.83797484663,0.761027428265,0.323777936167
(1,1,270),0.832886263246,0.73985675744,0.361237262981
(1,1,271),0.852671165148,0.781125916607,0.414229468087
(1,1,272),0.86327623758,0.768513724555,0.212100734624
(1,1,273),0.831828180737,0.746421914411,0.431149402307
(1,1,274),0.806113987228,0.728262201901,0.455308632837
(1,1,275),0.840050008098,0.761937674259,0.413921265675
(1,1,276),0.856463609239,0.787290025741,0.550904568038
(1,1,277),0.86944183397,0.798679421376,0.365253936965
(1,1,278),0.845696112764,0.788846549354,0.695855700332
(1,1,279),0.861345401286,0.787603660202,0.25607836385
(1,1,280),0.778843923933,0.683021177629,0.380222699969
(1,1,281),0.83918163201,0.771232920084,0.677088093753
(1,1,282),0.835573342268,0.752688236285,0.277334398385
(1,1,283),0.859793829727,0.79604962618,0.633594775172
(1,1,284),0.816414666335,0.716650180034,0.212790082144
(1,1,285),0.831841247957,0.757277772933,0.261479191379
(1,1,286),0.854222073593,0.778877128904,0.459218681575
(1,1,287),0.83633201958,0.745089945873,0.235219684539
(1,1,288),0.812068496412,0.720153913752,0.401375738218
(1,1,289),0.824713408048,0.748425359084,0.331667191958
(1,1,290),0.807036780548,0.710788120799,0.420057383111
(1,1,291),0.850695923584,0.773659900514,0.32286863869
(1,1,292),0.879946350058,0.82557648816,0.775872496608
(1,1,293),0.851597277237,0.780843349868,0.560034768792
(1,1,294),0.844472735496,0.77245574055,0.346721982718
(1,1,295),0.841957677284,0.776221778522,0.380887914437
(1,1,296),0.862312476867,0.793657683255,0.271654209122
(1,1,297),0.858818085057,0.775347140135,0.360379866364
(1,1,298),0.86460394366,0.793727593054,0.393070611517
(1,1,299),0.874314334009,0.807163449433,0.511262837915
(1,1,300),0.88419236463,0.835970554314,0.756380153695
(1,1,301),0.842287397892,0.765218422178,0.241103385485
(1,1,302),0.859554358972,0.791375761653,0.424688209564
(1,1,303),0.837654383488,0.764652215879,0.593687462641
(1,1,304),0.847304461363,0.764257897979,0.170797365345
(1,1,305),0.847483329983,0.772970710589,0.345115777922
(1,1,306),0.836083534645,0.74305960446,0.234413864869
(1,1,307),0.84692576669,0.760140503978,0.494375621719
(1,1,308),0.860948897211,0.785948726405,0.416862380511
(1,1,309),0.848420995396,0.776753949132,0.304703162047
(1,1,310),0.85047784079,0.779131930512,0.485005229392
(1,1,311),0.867617062419,0.796382955741,0.333659203851
(1,1,312),0.818772106882,0.715319316886,0.246237530715
(1,1,313),0.838959330169,0.761202220972,0.457779161106
(1,1,314),0.84472810466,0.784037681564,0.806514477091
(1,1,315),0.841712079471,0.753955079217,0.342154375313
(1,1,316),0.835753936012,0.753935207148,0.340286312407
(1,1,317),0.843916298156,0.766764365753,0.43818364115
(1,1,318),0.84167707701,0.781646541664,0.508127957652
(1,1,319),0.839640222709,0.760990541593,0.297885122127
(1,1,320),0.859522218061,0.785190140129,0.44392135669
(1,1,321),0.85887327796,0.785078100355,0.32215632947
(1,1,322),0.850934105119,0.772724349537,0.258423623076
(1,1,323),0.850580419948,0.781849487187,0.563348834415
(1,1,324),0.842940294816,0.767724175417,0.39830002937
(1,1,325),0.791603678508,0.696019119599,0.375873437123
(1,1,326),0.803683911016,0.72846184039,0.498471580645
(1,1,327),0.879056005184,0.817849237647,0.629170779726
(1,1,328),0.842811968935,0.753156688929,0.397353930695
(1,1,329),0.829091673292,0.731260850315,0.233349421409
(1,1,330),0.805915408021,0.709850192858,0.283694812332
(1,1,331),0.841487867282,0.776516038784,0.635722554573
(1,1,332),0.849113245529,0.766276617602,0.519567820967
(1,1,333),0.858269004599,0.786495610632,0.464056141943
(1,1,334),0.846990423861,0.763433394326,0.296119275229
(1,1,335),0.84616088151,0.778724282219,0.381999697724
(1,1,336),0.747722693759,0.631160377673,0.130093741549
(1,1,337),0.847472444177,0.779534221959,0.231181591403
(1,1,338),0.819694338434,0.739940257338,0.451647390401
(1,1,339),0.839830929307,0.766672733209,0.414961441249
(1,1,340),0.886485059855,0.834730138071,0.825058465029
(1,1,341),0.84521531037,0.765198314022,0.418048763661
(1,1,342),0.857991419542,0.785839404433,0.471878562041
(1,1,343),0.806005278537,0.709213467986,0.238535240665
(1,1,344),0.848674342991,0.776476552117,0.307991175306
(1,1,345),0.861333808145,0.790018966939,0.325072474758
(1,1,346),0.850567450482,0.791258071123,0.802791846887
(1,1,347),0.843779035435,0.770955902016,0.413353340104
(1,1,348),0.857069613067,0.798127674101,0.746499503779
(1,1,349),0.866389100036,0.802408438937,0.467248862436
(1,1,350),0.822531278927,0.710106803655,0.322133365438
(1,1,351),0.839338705259,0.75893016477,0.467395612149
(1,1,352),0.84412290226,0.766070446237,0.443267761856
(1,1,353),0.848262550891,0.76658168742,0.531546960567
(1,1,354),0.826103999698,0.73944501273,0.284800482043
(1,1,355),0.832233954784,0.747984727487,0.276181825166
(1,1,356),0.803570667104,0.722134937936,0.660630219291
(1,1,357),0.800842536427,0.705802496365,0.226299936184
(1,1,358),0.839662727486,0.750790751002,0.480680714715
(1,1,359),0.868137532451,0.803134139148,0.431779691012
(1,1,360),0.83679098764,0.748948797696,0.219677391195
(1,1,361),0.762960615663,0.658614325064,0.298690296306
(1,1,362),0.869597412794,0.808392890958,0.496872150723
(1,1,363),0.847320774318,0.782721476359,0.681420257891
(1,1,364),0.829789023453,0.734486297023,0.43700976538
(1,1,365),0.872271382775,0.802769686081,0.441746112754
(1,1,366),0.801583175803,0.699691358552,0.2502107143
(1,1,367),0.827998358469,0.764814647224,0.56515990252
(1,1,368),0.811300936942,0.726388296171,0.384403555742
(1,1,369),0.837129544272,0.752470630597,0.374615108218
(1,1,370),0.81904747372,0.735176740333,0.439595004157
(1,1,371),0.87383951734,0.79817567661,0.407373328403
(1,1,372),0.845418959088,0.755923115218,0.383424088517
(1,1,373),0.837230580979,0.752828955167,0.277775562687
(1,1,374),0.859357188175,0.779776958479,0.34239930426
(1,1,375),0.819497460915,0.734622091343,0.391586093165
(1,1,376),0.860595289238,0.793103972094,0.472396083411
(1,1,377),0.680510204082,0.570866095422,0.167106731382
(1,1,378),0.859639132712,0.789683559132,0.701935372412
(1,1,379),0.841909850184,0.769920308188,0.490952365678
(1,1,380),0.866205630709,0.801917222039,0.631998860853
(1,1,381),0.826131299966,0.729709111921,0.32955432868
(1,1,382),0.84870232339,0.765620258898,0.266790222828
(1,1,383),0.837602693096,0.752594621415,0.18351477108
(1,1,384),0.843558692782,0.767480379732,0.516700647833
(1,1,385),0.859091759022,0.79513924564,0.554445930474
(1,1,386),0.851340678274,0.778127904213,0.351625143584
(1,1,387),0.853599244504,0.784623431119,0.6163324297
(1,1,388),0.85215849809,0.776012079709,0.29929330237
(1,1,389),0.830577303434,0.731682475315,0.217964179293
(1,1,390),0.86372893501,0.783544441357,0.31012278549
(1,1,391),0.834274879638,0.73887997334,0.15078611945
(1,1,392),0.870553760154,0.81014556269,0.680598862352
(1,1,393),0.851725440041,0.774300818267,0.257024994917
(1,1,394),0.861092119287,0.803730550359,0.777568351041
(1,1,395),0.853690721852,0.784327602553,0.467376253339
(1,1,396),0.857986667235,0.782918350491,0.280413053005
(1,1,397),0.839629761481,0.760853899691,0.498916423675
(1,1,398),0.796924888451,0.68391833963,0.0927296906627
(1,1,399),0.866771995627,0.794679299356,0.303564098866
(1,1,400),0.831402084094,0.735244611402,0.270265877006
(1,1,401),0.847163084797,0.757067093406,0.393833630825
(1,1,402),0.840011700421,0.757390927541,0.30699169663
(1,1,403),0.852349530864,0.764218745055,0.205309574815
(1,1,404),0.85473197051,0.786800038206,0.562054351055
(1,1,405),0.80682454789,0.704377210769,0.173597472101
(1,1,406),0.781966268904,0.682517605779,0.380618711023
(1,1,407),0.839794190173,0.758595295507,0.349760764023
(1,1,408),0.879196308155,0.802072428767,0.212142950855
(1,1,409),0.853351200396,0.804802155011,0.763149841467
(1,1,410),0.790848125893,0.703454525711,0.457887062908
(1,1,411),0.830413602108,0.762447600038,0.604774917454
(1,1,412),0.852229756502,0.772599658558,0.290049724051
(1,1,413),0.842340603581,0.774664153117,0.375438248858
(1,1,414),0.842743797913,0.768253579964,0.55481915439
(1,1,415),0.81984234431,0.732333705853,0.12570477318
(1,1,416),0.807399215568,0.721520049633,0.392954878525
(1,1,417),0.842996399785,0.760083277253,0.216014260369
(1,1,418),0.850560294641,0.777487194733,0.424714029373
(1,1,419),0.766072378685,0.673864769901,0.37934163232
(1,1,420),0.835800180662,0.742297959834,0.272594434393
(1,1,421),0.839088594692,0.755553298165,0.266039644355
(1,1,422),0.837791010599,0.763207951503,0.316165392445
(1,1,423),0.893058397228,0.832689935426,0.609466097082
(1,1,424),0.854898629363,0.784126240819,0.684288817061
(1,1,425),0.854387016852,0.779629334633,0.310055699066
(1,1,426),0.893032475641,0.833652345204,0.51387236876
(1,1,427),0.834524989521,0.763127994134,0.465170193339
(1,1,428),0.881101352939,0.809033263801,0.367870176336
(1,1,429),0.829927850896,0.730493997257,0.144483968488
(1,1,430),0.84914468201,0.766065871125,0.290724103141
(1,1,431),0.776879286694,0.685752564978,0.384613396378
(1,1,432),0.840361269388,0.745476505056,0.30083228616
(1,1,433),0.864199660984,0.783526062995,0.299832226989
(1,1,434),0.870195183872,0.806624850189,0.561662104589
(1,1,435),0.859797974489,0.784910807169,0.597871240392
(1,1,436),0.757327712969,0.667662289593,0.389666518144
(1,1,437),0.839254995758,0.744890193114,0.212185471386
(1,1,438),0.794907215803,0.71955312998,0.487972816485
(1,1,439),0.835977834327,0.765474674744,0.363371153807
(1,1,440),0.835898932731,0.761972671884,0.467498717649
(1,1,441),0.867462430186,0.804003363863,0.639097874107
(1,1,442),0.838138632432,0.757038135972,0.335611190477
(1,1,443),0.847364215379,0.77327336508,0.488102596592
(1,1,444),0.857253928638,0.780854401845,0.296503598334
(1,1,445),0.83631828159,0.747014495689,0.299976377273
(1,1,446),0.846565581322,0.771017369114,0.404163758765
(1,1,447),0.857075980155,0.788891202531,0.745726748888
(1,1,448),0.761840397924,0.673996854548,0.32705430478
(1,1,449),0.832295808413,0.748391210101,0.323741485655
(1,1,450),0.837544782222,0.762825239456,0.2801328793
(1,1,451),0.833227574255,0.729131820199,0.126957304328
(1,1,452),0.850562906952,0.779539988336,0.484970571526
(1,1,453),0.819364228583,0.722707272263,0.240345311505
(1,1,454),0.852709222512,0.769719776226,0.401161533123
(1,1,455),0.838157612803,0.750358061634,0.328698638449
(1,1,456),0.839188040402,0.784202064209,0.832332187029
(1,1,457),0.844957628456,0.775677182807,0.591064690785
(1,1,458),0.829471941661,0.748603058397,0.383940374656
(1,1,459),0.839986105746,0.769821865762,0.563772938914
(1,1,460),0.834971468306,0.723131125129,0.168423803949
(1,1,461),0.83784244679,0.758437360694,0.447936511603
(1,1,462),0.888760341627,0.840033688766,0.704466862996
(1,1,463),0.813212539175,0.719682619662,0.185528117318
(1,1,464),0.833148263236,0.740581681505,0.109682364588
(1,1,465),0.817746785149,0.73114689869,0.281113546315
(1,1,466),0.831386941483,0.763957586769,0.445757401778
(1,1,467),0.833650450789,0.751826431278,0.389476972766
(1,1,468),0.823958099127,0.743124915322,0.314068047199
(1,1,469),0.646626297578,0.55304045011,0.178572134639
(1,1,470),0.865839548985,0.805994523373,0.612960533387
(1,1,471),0.846271688011,0.767174513927,0.360641763576
(1,1,472),0.833964651244,0.757627575649,0.518773538473
(1,1,473),0.844105257756,0.779582396906,0.614869936165
(1,1,474),0.837498595701,0.764688844476,0.508698282625
(1,1,475),0.813050806954,0.721412948152,0.40917817511
(1,1,476),0.830298350912,0.739364192536,0.37759095183
(1,1,477),0.857651211073,0.794653141694,0.678345812224
(1,1,478),0.861420308686,0.790469584964,0.355222001174
(1,1,479),0.780242442533,0.701263386162,0.578519880534
(1,1,480),0.857976572638,0.781891760905,0.224472400509
(1,1,481),0.855429847807,0.770520005272,0.475786609286
(1,1,482),0.845409148497,0.766211316184,0.343751345577
(1,1,483),0.81246579516,0.72033805264,0.306648407089
(1,1,484),0.85519742092,0.793039558857,0.581531099927
(1,1,485),0.79445239334,0.692761061737,0.30192022949
(1,1,486),0.805550964187,0.727406693033,0.389508600305
(1,1,487),0.834819281915,0.755380819481,0.435621330531
(1,1,488),0.830099335775,0.748970843494,0.320381663074
(1,1,489),0.885234741303,0.829623154979,0.768553414549
(1,1,490),0.872862140112,0.799510577251,0.506927759651
(1,1,491),0.828800499416,0.741934811726,0.458110277878
(1,1,492),0.820868678347,0.733580514147,0.407289159888
(1,1,493),0.821717111018,0.732238243167,0.434815913137
(1,1,494),0.79900433218,0.7117387092,0.237069577491
(1,1,495),0.830669656943,0.737035722338,0.247468407898
(1,1,496),0.83498374032,0.739591014555,0.293640334474
(1,1,497),0.812820619494,0.729597390517,0.435181039814
(1,1,498),0.811922592983,0.727905471097,0.300410163098
(1,1,499),0.837866682178,0.761299954966,0.578196037744
(1,1,500),0.843726553373,0.776733973917,0.639833608363
(1,1,501),0.809541494121,0.713675024811,0.376864456701
(1,1,502),0.833360457064,0.742980775462,0.333235148155
(1,1,503),0.846412577677,0.779859815164,0.643468320258
(1,1,504),0.828941752608,0.735522128781,0.159609435452
(1,1,505),0.846686286737,0.774886695165,0.519979098646
(1,1,506),0.757514863258,0.659425090587,0.39189749618
(1,1,507),0.87445475362,0.807719742425,0.281878672874
(1,1,508),0.776012797421,0.720676387245,0.6525719433
(1,1,509),0.747809373057,0.647728567549,0.338850443434
(1,1,510),0.860410922891,0.79176399466,0.539333087827
(1,1,511),0.836637077849,0.760859964924,0.37243261719
(1,1,512),0.804245339495,0.713349190941,0.230399044912
(1,1,513),0.83616315559,0.758636459948,0.435324779592
(1,1,514),0.861606041419,0.800756507534,0.55314911037
(1,1,515),0.828565293898,0.749748766406,0.530131217702
(1,1,516),0.853995897023,0.773529899961,0.428649679169
(1,1,517),0.806767820248,0.736827477687,0.518040593051
(1,1,518),0.822533272499,0.735273392108,0.243531070379
(1,1,519),0.841239771268,0.776278164242,0.478250227584
(1,1,520),0.847183817015,0.766486017841,0.498966179163
(1,1,521),0.847422733484,0.76634030394,0.4374692147
(1,1,522),0.771550807823,0.69768269153,0.506066628562
(1,1,523),0.809254910467,0.751831756251,0.624007066447
(1,1,524),0.810014970026,0.70897597326,0.250202081191
(1,1,525),0.841357983883,0.748703326324,0.325139742522
(1,1,526),0.835060606852,0.777757324809,0.828852364575
(1,1,527),0.852569137268,0.772577271202,0.185640337378
(1,1,528),0.865942519096,0.790854287852,0.387061172419
(1,1,529),0.842874911964,0.7564053118,0.3712951679
(1,1,530),0.836891713238,0.746790631998,0.379280893937
(1,1,531),0.856433982302,0.772310940288,0.193170614648
(1,1,532),0.816165591305,0.730654762749,0.3330215006
(1,1,533),0.802098089015,0.728117113358,0.602238783062
(1,1,534),0.739289940828,0.658992995069,0.385317313877
(1,1,535),0.836234575674,0.74816055256,0.419106366621
(1,1,536),0.843512136219,0.773365116543,0.532281661245
(1,1,537),0.828805280734,0.735669280511,0.305037984349
(1,1,538),0.849311386426,0.771313993818,0.460159596516
(1,1,539),0.845888275915,0.755932727756,0.387385402286
(1,1,540),0.846948705071,0.747928246872,0.222347429616
(1,1,541),0.849066950738,0.778504477096,0.413139365313
(1,1,542),0.8310125,0.741662949746,0.465219850844
(1,1,543),0.807938172293,0.728526825343,0.346215098502
(1,1,544),0.85882204473,0.791729226983,0.488983214423
(1,1,545),0.822052024657,0.733739193671,0.454155349997
(1,1,546),0.85360877075,0.797501001282,0.578626452686
(1,1,547),0.801957862775,0.716207802244,0.432088359942
(1,1,548),0.847200792824,0.761380092594,0.17306920234
(1,1,549),0.795692702634,0.70129702075,0.372089515585
(1,1,550),0.847199286868,0.779183499917,0.530150476553
(1,1,551),0.859140762681,0.786585036976,0.553840403565
(1,1,552),0.82113422292,0.763512117116,0.679085250669
(1,1,553),0.860017379839,0.77563289889,0.13438296253
(1,1,554),0.865713490261,0.794596099583,0.476507787177
(1,1,555),0.805354735053,0.721253246328,0.488209699517
(1,1,556),0.896377563477,0.838249615738,0.709675000803
(1,1,557),0.867392102847,0.814112326564,0.733745171628
(1,1,558),0.851791689751,0.77214754433,0.411011885039
(1,1,559),0.822642785053,0.713267288791,0.119748078452
(1,1,560),0.845477505865,0.761870467772,0.298758981494
(1,1,561),0.840916366817,0.763774457792,0.400977168633
(1,1,562),0.835773093918,0.73984277891,0.24476762158
(1,1,563),0.795826950707,0.696645591012,0.154327538306
(1,1,564),0.87515173467,0.808013762774,0.514744229513
(1,1,565),0.830616491543,0.75386194241,0.489479156327
(1,1,566),0.799501751522,0.694699092269,0.239149075359
(1,1,567),0.842745189824,0.749077925895,0.20735658086
(1,1,568),0.806481686295,0.719841902837,0.452953426219
(1,1,569),0.874562808364,0.81371612984,0.71532566493
(1,1,570),0.799511983471,0.703693476593,0.18669594527
(1,1,571),0.870559561966,0.803151170549,0.60670021346
(1,1,572),0.841298121667,0.770280591135,0.603077686361
(1,1,573),0.793343278124,0.691571874221,0.207646819976
(1,1,574),0.841071892313,0.755204763555,0.311425540667
(1,1,575),0.845378611475,0.765380307549,0.552129972023
(1,1,576),0.803166483145,0.699116073682,0.211411395299
(1,1,577),0.893585593582,0.836814688378,0.744660436199
(1,1,578),0.83666368015,0.758891983726,0.519276290751
(1,1,579),0.841531506296,0.760856027382,0.481823341138
(1,1,580),0.785860224746,0.686104098155,0.325986197794
(1,1,581),0.834857454314,0.772580212803,0.614897269682
(1,1,582),0.871022465166,0.788793842473,0.318550403022
(1,1,583),0.859938046432,0.791548588341,0.602298223082
(1,1,584),0.850855918377,0.775589449987,0.323577609456
(1,1,585),0.769431944494,0.66823851834,0.174395881001
(1,1,586),0.846984322834,0.767726943337,0.554683388992
(1,1,587),0.819913466739,0.753767189145,0.55530102987
(1,1,588),0.799261140949,0.719563955087,0.40575639247
(1,1,589),0.807839930144,0.724670761611,0.481643390791
(1,1,590),0.820314036635,0.727777154737,0.344365514392
(1,1,591),0.772420820167,0.665618917145,0.197052647009
(1,1,592),0.83061573803,0.732361686097,0.452543787831
(1,1,593),0.808053589139,0.734545569677,0.566844707431
(1,1,594),0.826968757377,0.748806109601,0.613386447218
(1,1,595),0.835732317742,0.750232175315,0.429317065837
(1,1,596),0.756479452425,0.665939730517,0.449502363693
(1,1,597),0.84450864463,0.767523157781,0.527571584943
(1,1,598),0.81648198102,0.724299392426,0.400479350904
(1,1,599),0.835695663602,0.755489039441,0.316705629209
(1,1,600),0.805886615434,0.732845423977,0.552191316834
(1,1,601),0.76982948535,0.660367714382,0.184201849761
(1,1,602),0.829514095446,0.73825758541,0.238943238419
(1,1,603),0.824603577454,0.713235533318,0.219143600794
(1,1,604),0.806987727076,0.705529371998,0.219604350847
(1,1,605),0.839600196661,0.751417402399,0.220561311568
(1,1,606),0.862725732673,0.779043090707,0.388956697686
(1,1,607),0.839484186474,0.753623973507,0.43400417462
(1,1,608),0.852345373638,0.787604652277,0.508004040947
(1,1,609),0.819732582595,0.726247070013,0.256281576567
(1,1,610),0.798137769451,0.709831942161,0.401332140373
(1,1,611),0.825276441975,0.739574595348,0.488144106882
(1,1,612),0.819744067688,0.737916479186,0.42889725089
(1,1,613),0.796482063609,0.700483590337,0.372021052324
(1,1,614),0.837130651477,0.747439632797,0.383819021405
(1,1,615),0.802938973373,0.700435243854,0.318804698617
(1,1,616),0.788596073766,0.705114936377,0.470243538934
(1,1,617),0.808306443989,0.713676746199,0.192495958251
(1,1,618),0.81413160655,0.697371447418,0.198941121232
(1,1,619),0.844491715746,0.761565094525,0.268582658756
(1,1,620),0.811930760439,0.723346107848,0.312035411504
(1,1,621),0.83098172758,0.74918425831,0.62027654593
(1,1,622),0.838872655293,0.756568084502,0.347608649428
(1,1,623),0.747606659729,0.632290930039,0.115412188473
(1,1,624),0.843885529668,0.762868243084,0.304884777772
(1,1,625),0.875164227152,0.809010496074,0.480848493595
(1,1,626),0.827014919738,0.737624959862,0.186569852991
(1,1,627),0.867112010101,0.8176563217,0.696028210176
(1,1,628),0.814988055745,0.757437099206,0.708324310682
(1,1,629),0.812230813645,0.72217642247,0.473262203958
(1,1,630),0.823226572001,0.722246306121,0.18394138686
(1,1,631),0.842227388324,0.757369678587,0.38225325651
(1,1,632),0.857373046875,0.796223625317,0.682099344947
(1,1,633),0.861349577986,0.788609309616,0.62429302355
(1,1,634),0.830197704082,0.763244623167,0.7472431323
(1,1,635),0.812173403976,0.721123479556,0.218856611082
(1,1,636),0.849473424655,0.773791350983,0.592213689162
(1,1,637),0.875107421875,0.796052410873,0.557494808562
(1,1,638),0.805400326713,0.722618826302,0.420469076664
(1,1,639),0.819955639162,0.73208508733,0.360855009329
(1,1,640),0.828864095442,0.74473165643,0.329909319721
(1,1,641),0.829561042524,0.743688530981,0.527178710304
(1,1,642),0.846322545682,0.780643956376,0.550717399139
(1,1,643),0.852548123069,0.768582222997,0.190006277218
(1,1,644),0.754411044856,0.655364821619,0.292729785512
(1,1,645),0.808346641981,0.742241925516,0.659789691443
(1,1,646),0.862949070024,0.787127071094,0.497154407889
(1,1,647),0.805713819816,0.704327410658,0.202981230975
(1,1,648),0.764571202442,0.660783387239,0.324235145659
(1,1,649),0.833298046875,0.752935940268,0.505894411641
(1,1,650),0.774253049894,0.682448280199,0.286041398702
(1,1,651),0.842280399101,0.762733355041,0.494588807004
(1,1,652),0.8099871409,0.707252796442,0.263099765879
(1,1,653),0.840072090181,0.762383351177,0.601413351686
(1,1,654),0.859233822642,0.789391322226,0.617015680595
(1,1,655),0.84697988006,0.758142786835,0.264063405824
(1,1,656),0.856872184597,0.777015406337,0.371187776163
(1,1,657),0.848632068282,0.769942478,0.539197992105
(1,1,658),0.809081168144,0.725992298436,0.401419752048
(1,1,659),0.809475180042,0.739614993303,0.635740152697
(1,1,660),0.803319452707,0.709218978644,0.314613003278
(1,1,661),0.758424343594,0.663835221621,0.306206862583
(1,1,662),0.785892486572,0.677585895393,0.219428416077
(1,1,663),0.707354736328,0.598068291688,0.0584202972249
(1,1,664),0.852357351104,0.770321198366,0.389809232727
(1,1,665),0.749713308841,0.657604874525,0.323077206249
(1,1,666),0.85279407634,0.781582877586,0.590006665942
(1,1,667),0.841645950772,0.760787053744,0.456855600507
(1,1,668),0.85031123921,0.786156098837,0.629375341303
(1,1,669),0.80765410289,0.708543988145,0.226902706335
(1,1,670),0.805629652064,0.713300987523,0.354552624682
(1,1,671),0.736166666667,0.645749109478,0.301551104943
(1,1,672),0.804051341812,0.711921581814,0.324707276352
(1,1,673),0.832864478159,0.761323453581,0.528727365107
(1,1,674),0.827163460029,0.745521469639,0.391898756903
(1,1,675),0.880528069074,0.821239465282,0.653593449967
(1,1,676),0.781084492621,0.719332450734,0.605542207451
(1,1,677),0.807070759625,0.718012525044,0.375329649371
(1,1,678),0.826628728414,0.731502324028,0.395618466133
(1,1,679),0.837419603829,0.754027583456,0.408159704347
(1,1,680),0.844696358279,0.775057296801,0.445147797292
(1,1,681),0.81748782697,0.728221976911,0.314478086178
(1,1,682),0.848489025415,0.765889515187,0.500677631436
(1,1,683),0.876946642628,0.835198923046,0.863061958036
(1,1,684),0.826815407536,0.716659208755,0.224270339371
(1,1,685),0.858212714968,0.788158066674,0.482654369818
(1,1,686),0.846241400116,0.786782741481,0.776787281206
(1,1,687),0.804422815754,0.709961042386,0.342541379177
(1,1,688),0.794186672822,0.721328608792,0.569444681663
(1,1,689),0.837144792984,0.751447116975,0.328298916349
(1,1,690),0.867107031372,0.783904542412,0.25682173498
(1,1,691),0.823207297058,0.727486910681,0.422882666327
(1,1,692),0.831994079801,0.731970826206,0.318205579205
(1,1,693),0.760030899119,0.652287120816,0.179693553008
(1,1,694),0.841446208113,0.764681890413,0.397188924357
(1,1,695),0.733033273636,0.662212861298,0.467741409663
(1,1,696),0.839441874734,0.752693285137,0.233261360271
(1,1,697),0.839204514915,0.766231199964,0.595882418193
(1,1,698),0.846686851211,0.771353248229,0.561300818819
(1,1,699),0.884155664152,0.821650323452,0.613570201827
(1,1,700),0.835090810111,0.747447391464,0.30994749974
(1,1,701),0.834972498217,0.763393175463,0.56424527329
(1,1,702),0.805004725898,0.71801077527,0.477402740365
(1,1,703),0.812862491343,0.73952999807,0.642970643191
(1,1,704),0.782740495868,0.675322592405,0.293050392398
(1,1,705),0.709510655952,0.596426999905,0.109377397694
(1,1,706),0.798281270579,0.729336199276,0.600172568162
(1,1,707),0.789614325069,0.674422044566,0.189586834584
(1,1,708),0.846797017138,0.763681443659,0.466894869457
(1,1,709),0.848447845818,0.769445294384,0.401845126771
(1,1,710),0.739322235434,0.664802613603,0.45442742823
(1,1,711),0.819841999425,0.729375599742,0.398310182493
(1,1,712),0.856127454784,0.793471412526,0.500629776968
(1,1,713),0.798599872031,0.704454901421,0.389466578513
(1,1,714),0.859590942294,0.775030697026,0.448619372118
(1,1,715),0.899380165289,0.823370875247,0.597974666501
(1,1,716),0.849317207088,0.755340067332,0.259035186015
(1,1,717),0.877749066608,0.823050446519,0.623218127923
(1,1,718),0.849809027778,0.754936351753,0.468416676074
(1,1,719),0.816555748365,0.726568619705,0.399521844934
(1,1,720),0.845775327066,0.753269705619,0.287963728855
(1,1,721),0.845141254849,0.766958348477,0.533738648087
(1,1,722),0.846362059837,0.753876292061,0.347869464737
(1,1,723),0.815269816419,0.700091737337,0.236264254557
(1,1,724),0.76537808642,0.663956364017,0.301530752183
(1,1,725),0.858463140869,0.780866384754,0.372819436434
(1,1,726),0.81807372176,0.712801756189,0.369874805469
(1,1,727),0.818344078001,0.728235854305,0.40583122909
(1,1,728),0.830662590178,0.744707223495,0.386745916668
(1,1,729),0.757160516992,0.673766311981,0.463584974022
(1,1,730),0.84005189672,0.74300798864,0.228021714926
(1,1,731),0.8553616488,0.784738611145,0.633690157587
(1,1,732),0.751527462837,0.678394912138,0.456302381221
(1,1,733),0.832922191808,0.757414911783,0.527979561532
(1,1,734),0.826304021521,0.743165831845,0.470222698404
(1,1,735),0.810577812464,0.766292038582,0.740505346237
(1,1,736),0.835321307734,0.740952458907,0.255620618144
(1,1,737),0.814743778666,0.728936431979,0.348521972144
(1,1,738),0.797362928059,0.696422086201,0.276119480294
(1,1,739),0.81875617284,0.73219716443,0.485875226578
(1,1,740),0.730398335315,0.613917721225,0.126974677269
(1,1,741),0.79978394419,0.717238419838,0.43839127992
(1,1,742),0.868484036486,0.788645926922,0.395697802482
(1,1,743),0.797076124567,0.720328414157,0.552335162729
(1,1,744),0.786163522013,0.685605879405,0.306900190333
(1,1,745),0.823134693878,0.736702882549,0.465496095816
(1,1,746),0.809776746347,0.71711115614,0.349546665615
(1,1,747),0.84114881193,0.777105359155,0.599749156551
(1,1,748),0.754383232467,0.684876562909,0.5344674365
(1,1,749),0.786716647443,0.692232957517,0.376321865997
(1,1,750),0.819395329295,0.705902576286,0.241588585131
(1,1,751),0.772986206371,0.684030917631,0.365950462687
(1,1,752),0.809233316052,0.700864826288,0.12536545559
(1,1,753),0.856628928856,0.774831144853,0.417233576417
(1,1,754),0.765359168242,0.644494596334,0.182842400822
(1,1,755),0.821974319445,0.742540384122,0.30818758737
(1,1,756),0.83869167818,0.75413909442,0.48932870827
(1,1,757),0.837221644121,0.766937320663,0.601914973546
(1,1,758),0.795048010974,0.711051212136,0.450995877665
(1,1,759),0.826980033819,0.733797000981,0.26768923111
(1,1,760),0.878382490162,0.823135658942,0.71133738359
(1,1,761),0.841526167214,0.754845872068,0.367936572015
(1,1,762),0.814172408268,0.735833130649,0.547025138213
(1,1,763),0.737501014528,0.628239525493,0.257047280764
(1,1,764),0.834828227179,0.744333079911,0.366673738708
(1,1,765),0.811036692838,0.71522889754,0.311746131015
(1,1,766),0.866692449575,0.794722080729,0.465233606876
(1,1,767),0.833971217361,0.748455852662,0.396554211019
(1,1,768),0.844589200174,0.773484220296,0.537552712655
(1,1,769),0.767127534927,0.677953503527,0.45184053198
(1,1,770),0.809638397503,0.721096894506,0.470681051217
(1,1,771),0.802565356721,0.70923149531,0.295476894302
(1,1,772),0.82516000483,0.744007218319,0.461111249504
(1,1,773),0.879727748943,0.840923363915,0.933181774713
(1,1,774),0.727622222222,0.631326122498,0.276099140506
(1,1,775),0.850489911453,0.776939325746,0.503049218403
(1,1,776),0.831018518519,0.763321903244,0.61456940354
(1,1,777),0.889218288095,0.838934086805,0.726941698297
(1,1,778),0.754403064191,0.629737744724,0.121788734342
(1,1,779),0.790733357067,0.679780681318,0.187137093204
(1,1,780),0.810350153584,0.739005083214,0.520698752393
(1,1,781),0.838224852071,0.735747119967,0.393435245782
(1,1,782),0.798973576035,0.68785045295,0.187477576072
(1,1,783),0.893746748179,0.844328188406,0.764038257595
(1,1,784),0.845687942178,0.745633443628,0.223978788889
(1,1,785),0.760895089004,0.640325686791,0.0227532379545
(1,1,786),0.838853188334,0.731217840109,0.231313123045
(1,1,787),0.78627741997,0.685725716812,0.239965539847
(1,1,788),0.816552714737,0.726014066392,0.441135405491
(1,1,789),0.871901259657,0.805132709425,0.609445964747
(1,1,790),0.859207740187,0.788946133615,0.586715590776
(1,1,791),0.732347212077,0.613920101971,0.129735117873
(1,1,792),0.767331433998,0.66117280992,0.300615069262
(1,1,793),0.825524894186,0.744887822732,0.499391913421
(1,1,794),0.807050778891,0.727384519433,0.452424749747
(1,1,795),0.766142869399,0.656793358215,0.239815729611
(1,1,796),0.870097896393,0.784319088527,0.468682788392
(1,1,797),0.758916051748,0.647921019765,0.0683870303256
(1,1,798),0.867497681369,0.788406065757,0.40139154283
(1,1,799),0.845884495317,0.756835888893,0.366399193778
(1,1,800),0.808169346828,0.739894003425,0.537398440144
(1,1,801),0.77898989899,0.713646336155,0.622861835698
(1,1,802),0.796581034758,0.710687611724,0.391612116085
(1,1,803),0.79217671328,0.691465455577,0.298519011478
(1,1,804),0.785939047841,0.674024870825,0.242580245649
(1,1,805),0.767982377824,0.677838017096,0.36259229092
(1,1,806),0.754060491276,0.664264414922,0.40244920035
(1,1,807),0.816202293924,0.745787838276,0.592758701258
(1,1,808),0.824719236807,0.728952734386,0.344305909646
(1,1,809),0.814173107739,0.739579166812,0.559679743959
(1,1,810),0.850946256541,0.801293060447,0.747893367291
(1,1,811),0.779936283474,0.672924576195,0.266572541784
(1,1,812),0.833530018656,0.762933842485,0.605244011191
(1,1,813),0.781504971782,0.676841996077,0.152988035495
(1,1,814),0.845085960616,0.775526422627,0.673090718738
(1,1,815),0.70261548913,0.629297376288,0.343699042111
(1,1,816),0.847580941562,0.78403530595,0.656400204515
(1,1,817),0.788663049941,0.675824718965,0.314927303521
(1,1,818),0.761626491356,0.664158144997,0.366291246678
(1,1,819),0.809874260355,0.724653132178,0.387902521137
(1,1,820),0.786013302736,0.689579404791,0.35514784845
(1,1,821),0.790043995438,0.6873884673,0.240361823822
(1,1,822),0.846545385993,0.784669561638,0.642434184183
(1,1,823),0.809062836977,0.787904103766,0.827808520922
(1,1,824),0.754377457753,0.631940362279,0.164565915924
(1,1,825),0.84560615057,0.778100184906,0.600049703206
(1,1,826),0.806397306397,0.723097600303,0.420969718728
(1,1,827),0.822569537759,0.72526926173,0.339023769271
(1,1,828),0.819381075183,0.73484599268,0.483157571519
(1,1,829),0.87307885665,0.811728653241,0.573624251369
(1,1,830),0.862838364512,0.786741829011,0.641329611395
(1,1,831),0.81734319072,0.731642709977,0.383125311981
(1,1,832),0.847123598416,0.773703917551,0.520906306038
(1,1,833),0.762404102318,0.645591048768,0.0567013169972
(1,1,834),0.770784947017,0.679907952747,0.39181772001
(1,1,835),0.837812,0.749884718036,0.221657647557
(1,1,836),0.891180580715,0.86155651686,0.876112769325
(1,1,837),0.808562446855,0.759127749819,0.832645289824
(1,1,838),0.749145362663,0.648976711423,0.31628057991
(1,1,839),0.830584,0.731135041646,0.323486268133
(1,1,840),0.836419609707,0.750715367235,0.405705041255
(1,1,841),0.786181037809,0.66381052745,0.177804285317
(1,1,842),0.866541607191,0.800033277056,0.600486039931
(1,1,843),0.806961451247,0.706239019295,0.400056755603
(1,1,844),0.864323061979,0.786162843622,0.500725557094
(1,1,845),0.825201660271,0.768785239296,0.654891846649
(1,1,846),0.796326389259,0.701632033791,0.407489011748
(1,1,847),0.716774312119,0.606091132047,0.187676479813
(1,1,848),0.837821480633,0.757510644485,0.458784781768
(1,1,849),0.798309774271,0.686137162669,0.174624244603
(1,1,850),0.81667777315,0.737096963889,0.467585651211
(1,1,851),0.770628168522,0.676885654069,0.402480070516
(1,1,852),0.843808641396,0.78339473542,0.746065780526
(1,1,853),0.802610260079,0.698427729798,0.211109515881
(1,1,854),0.690824042035,0.580664812169,0.0908421773517
(1,1,855),0.8744,0.812130532885,0.659615622367
(1,1,856),0.816891074032,0.715505043059,0.234878416729
(1,1,857),0.843727173119,0.746221967877,0.422638562605
(1,1,858),0.813061167228,0.732884893515,0.532656410788
(1,1,859),0.801855806661,0.713085482778,0.362261060395
(1,1,860),0.851178805999,0.764412417666,0.459473382184
(1,1,861),0.733964620187,0.627383565016,0.220903073421
(1,1,862),0.695989583333,0.584863343444,0.146777828262
(1,1,863),0.877248,0.807224754874,0.60322299989
(1,1,864),0.73571218508,0.676707751033,0.474143293799
(1,1,865),0.793934376613,0.717816341486,0.600376772221
(1,1,866),0.793921150231,0.690718483152,0.283828924528
(1,1,867),0.823206513766,0.727051012205,0.438953856665
(1,1,868),0.787053972125,0.698585513342,0.462140248272
(1,1,869),0.84153620259,0.769409643908,0.56513896224
(1,1,870),0.727311785313,0.627361332918,0.264025023364
(1,1,871),0.813393724837,0.719399713804,0.280037124799
(1,1,872),0.822310064024,0.734834590462,0.311663404483
(1,1,873),0.742064671687,0.63929852312,0.22611266547
(1,1,874),0.857791933341,0.781867952819,0.563321405574
(1,1,875),0.818565361685,0.740445162385,0.509688325663
(1,1,876),0.739166666667,0.625161140675,0.212791302654
(1,1,877),0.833648274124,0.754621196045,0.540186921188
(1,1,878),0.625823246707,0.522097019972,0.030632142016
(1,1,879),0.854643898376,0.779844583074,0.527754025184
(1,1,880),0.76197783801,0.650254461177,0.233763577766
(1,1,881),0.805732484076,0.728469455734,0.586119209676
(1,1,882),0.824437358804,0.742390459832,0.486718778517
(1,1,883),0.853904240035,0.785236004167,0.544973738322
(1,1,884),0.824754503038,0.745040397468,0.434215946878
(1,1,885),0.795725612632,0.706747713634,0.40814777501
(1,1,886),0.847142503003,0.767041265094,0.469881259019
(1,1,887),0.81660899654,0.718362518187,0.359798867812
(1,1,888),0.854336301749,0.766707578354,0.443281611328
(1,1,889),0.691670650912,0.609978672467,0.351004935466
(1,1,890),0.815174227482,0.719635361072,0.358254983905
(1,1,891),0.792176818692,0.684483120846,0.234793735796
(1,1,892),0.781977161735,0.724812080461,0.600107813301
(1,1,893),0.79236099984,0.709011588446,0.437792745528
(1,1,894),0.786158333333,0.688383015376,0.366350884223
(1,1,895),0.758368875223,0.651438281285,0.290782988094
(1,1,896),0.833444425208,0.765545266492,0.714555098198
(1,1,897),0.719546485261,0.608131695724,0.258897515378
(1,1,898),0.843860946746,0.758011567358,0.473796754531
(1,1,899),0.824598003353,0.724338173366,0.409739696353
(1,1,900),0.816566467285,0.725429436085,0.364684814432
(1,1,901),0.804666393078,0.709150323233,0.213997904389
(1,1,902),0.814517691116,0.726863075548,0.452862920744
(1,1,903),0.769035585141,0.693727602654,0.469296344191
(1,1,904),0.812013152467,0.719032298854,0.412888318016
(1,1,905),0.854606632957,0.799746326171,0.704788886568
(1,1,906),0.87218316207,0.798409509742,0.601269269267
(1,1,907),0.710581400316,0.594065617445,0.107932519531
(1,1,908),0.783592626139,0.681784202926,0.373796033335
(1,1,909),0.898046469978,0.827925552726,0.547688564042
(1,1,910),0.848612604139,0.77523220174,0.466131965005
(1,1,911),0.818157546243,0.700977451452,0.272441538504
(1,1,912),0.896009070295,0.836445498646,0.673524169518
(1,1,913),0.774274843913,0.667422463314,0.335115717434
(1,1,914),0.814255983351,0.753525551015,0.672668031
(1,1,915),0.840154872692,0.763130479985,0.514385447925
(1,1,916),0.816192272269,0.736233053767,0.461570199863
(1,1,917),0.751862054892,0.64387394861,0.290424434499
(1,1,918),0.813530815972,0.715157703464,0.400337187262
(1,1,919),0.741752285795,0.620754966956,0.19402928222
(1,1,920),0.804060570988,0.6897012977,0.285149715692
(1,1,921),0.721627218935,0.639168377158,0.333237142632
(1,1,922),0.805555555556,0.724649152642,0.530047657567
(1,1,923),0.785903742284,0.696879784824,0.449152757673
(1,1,924),0.818262726949,0.722830763668,0.358621703432
(1,1,925),0.685417079944,0.588698886539,0.175109326345
(1,1,926),0.885464711794,0.839843868581,0.774902670652
(1,1,927),0.714475848338,0.642155836133,0.422941124061
(1,1,928),0.7826,0.677089006323,0.357773261512
(1,1,929),0.847050524053,0.733788791406,0.359628919258
(1,1,930),0.824950861371,0.730672194645,0.420659091934
(1,1,931),0.756391772395,0.683898574843,0.486574731048
(1,1,932),0.727463094081,0.634802115557,0.349913506445
(1,1,933),0.721671075838,0.603685256447,0.150427200574
(1,1,934),0.838040425616,0.754054019897,0.461315645762
(1,1,935),0.759553757411,0.666952342199,0.359840248726
(1,1,936),0.779126213592,0.744930940632,0.726089910244
(1,1,937),0.703530907062,0.611529561421,0.23229680565
(1,1,938),0.773956089053,0.708941814205,0.578569978568
(1,1,939),0.760868055556,0.703555124056,0.61475808455
(1,1,940),0.854921579232,0.763253158836,0.402779784696
(1,1,941),0.804563492063,0.704841489615,0.325127626868
(1,1,942),0.731701183432,0.623137514334,0.29224405403
(1,1,943),0.732271516955,0.639012798627,0.268076969949
(1,1,944),0.7865,0.708186059689,0.547420962746
(1,1,945),0.824710959561,0.739458386409,0.514424445408
(1,1,946),0.847996265441,0.759498661529,0.522811646442
(1,1,947),0.718760330579,0.619430777378,0.27697501751
(1,1,948),0.896928603252,0.832071418737,0.651880727802
(1,1,949),0.705692729767,0.619177745014,0.258707225491
(1,1,950),0.805803352612,0.724015819728,0.484090463324
(1,1,951),0.797792478073,0.681270038754,0.24000025957
(1,1,952),0.790673013479,0.704282761198,0.476175109098
(1,1,953),0.819896193772,0.733007938936,0.506451193306
(1,1,954),0.826109102388,0.733245518845,0.473555695752
(1,1,955),0.84963761773,0.769518597752,0.502787014379
(1,1,956),0.634411712353,0.542524201964,0.0941628622207
(1,1,957),0.776262205562,0.687577581888,0.425007476715
(1,1,958),0.860475640585,0.794082646719,0.555709628054
(1,1,959),0.669009342648,0.581231827309,0.21365530873
(1,1,960),0.819576605152,0.742072179235,0.491047201383
(1,1,961),0.61513651717,0.526939620409,0.0480165851447
(1,1,962),0.862348835322,0.778632726289,0.538071515202
(1,1,963),0.684724723941,0.577786247536,0.181136150821
