(0,1,0),0.929581084392,0.949643858597,1.0
(1,0,0),0.991411376026,0.991561997408,1.0
(0,0,0),0.894893753901,0.929941759688,1.0
(1,1,0),0.839890365653,0.768086578042,0.218831892826
(1,1,1),0.845060215685,0.76984809061,0.14732475748
(1,1,2),0.818493756504,0.739863035586,0.483761189396
(1,1,3),0.842621385466,0.760638710494,0.404865942014
(1,1,4),0.85978331306,0.780981644387,0.258413877078
(1,1,5),0.837673395255,0.764307417114,0.527437991334
(1,1,6),0.832718816028,0.761685326589,0.316343433599
(1,1,7),0.859072793594,0.785378697671,0.27301473432
(1,1,8),0.829883520625,0.744513768611,0.375657003889
(1,1,9),0.82847498501,0.738073274028,0.379377044193
(1,1,10),0.813877921707,0.719144551533,0.262535849446
(1,1,11),0.820002428507,0.741575681489,0.516558317119
(1,1,12),0.848174260517,0.774939872635,0.493479888451
(1,1,13),0.837563848397,0.753851938542,0.285331726692
(1,1,14),0.846472547895,0.76805151732,0.077833809251
(1,1,15),0.840217728532,0.755252064023,0.290812938559
(1,1,16),0.835247543298,0.755885378625,0.302661199518
(1,1,17),0.829854502795,0.742344876544,0.244955163457
(1,1,18),0.838088133866,0.766568611951,0.330090049873
(1,1,19),0.811760577666,0.704422484195,0.254004622408
(1,1,20),0.814619950842,0.71266252795,0.207380432754
(1,1,21),0.837739863623,0.757768212443,0.209612190258
(1,1,22),0.836957031108,0.752961045494,0.225915046471
(1,1,23),0.836621395509,0.764797706207,0.43918369648
(1,1,24),0.833181247916,0.75524725233,0.422846329067
(1,1,25),0.854467808239,0.788731003405,0.471185332573
(1,1,26),0.85100933132,0.774681804343,0.14988598763
(1,1,27),0.841669368673,0.766463441837,0.55182115282
(1,1,28),0.830551133429,0.752797508002,0.287593967699
(1,1,29),0.845854705343,0.769193198132,0.339259247417
(1,1,30),0.833364624855,0.747847396222,0.112779687029
(1,1,31),0.835524780673,0.741716401981,0.0981253277382
(1,1,32),0.835069069234,0.757122459837,0.371864436729
(1,1,33),0.848555815414,0.774975521781,0.26820118788
(1,1,34),0.862366653976,0.784254452934,0.392826462723
(1,1,35),0.852245788257,0.778744107665,0.413532298126
(1,1,36),0.849855232148,0.772153635811,0.23893141926
(1,1,37),0.846788509632,0.761967379711,0.131943650491
(1,1,38),0.825392660005,0.750366756625,0.466874528477
(1,1,39),0.852268876583,0.777419472056,0.315570223153
(1,1,40),0.851091622477,0.771762919257,0.391598179336
(1,1,41),0.853326049149,0.767111531155,0.0344182157171
(1,1,42),0.811528973569,0.708410265576,0.192913341594
(1,1,43),0.836040737312,0.728309880694,0.052824394526
(1,1,44),0.813650132963,0.712910227944,0.286629533165
(1,1,45),0.825343105388,0.736001001829,0.426037446806
(1,1,46),0.853958444352,0.77547275103,0.191986055564
(1,1,47),0.804715091322,0.720426350281,0.40730097987
(1,1,48),0.797833539289,0.684964924596,0.130803967191
(1,1,49),0.806675925926,0.695026783884,0.0498393003321
(1,1,50),0.821761533384,0.723988422289,0.139792068681
(1,1,51),0.834587104372,0.741909409629,0.432224064642
(1,1,52),0.839874373566,0.75146457633,0.086447009969
(1,1,53),0.835300986121,0.764611899106,0.380855886942
(1,1,54),0.866563502517,0.785509163949,0.301800541514
(1,1,55),0.838123529185,0.758265599059,0.506180133709
(1,1,56),0.862656440517,0.790078662265,0.288543572178
(1,1,57),0.842357949793,0.765641978908,0.453033285228
(1,1,58),0.773399191721,0.677121756299,0.297954669137
(1,1,59),0.849420355598,0.769019526467,0.374155869453
(1,1,60),0.843817089121,0.761712115392,0.44042945765
(1,1,61),0.845101007721,0.752877272526,0.103070065656
(1,1,62),0.755637783346,0.667397405319,0.352816728841
(1,1,63),0.83531892747,0.75827150088,0.504581622779
(1,1,64),0.845648538617,0.765170436955,0.289015616799
(1,1,65),0.846577501843,0.78064658808,0.499133347853
(1,1,66),0.822151512994,0.720880587955,0.108497914514
(1,1,67),0.815375248395,0.706471482451,0.0316170702254
(1,1,68),0.81570485054,0.719197766587,0.0497983200166
(1,1,69),0.844561962351,0.760717074837,0.266673464309
(1,1,70),0.797601693739,0.694053131343,0.126228634665
(1,1,71),0.822197250911,0.721999381985,0.0869004262766
(1,1,72),0.78128248487,0.670115909895,0.219100707462
(1,1,73),0.848022509885,0.766332348876,0.14650336701
(1,1,74),0.789282904612,0.693570139975,0.154327497426
(1,1,75),0.8246017453,0.740920107548,0.347180891133
(1,1,76),0.855672880013,0.777378565433,0.118295712083
(1,1,77),0.843972430205,0.764758188574,0.191914362121
(1,1,78),0.843527748505,0.76872939122,0.15214326072
(1,1,79),0.856191025349,0.782825674386,0.354413906059
(1,1,80),0.833763754232,0.749624930794,0.378768517824
(1,1,81),0.835057880101,0.732674666777,0.237419268366
(1,1,82),0.859099985073,0.789042202479,0.216046756846
(1,1,83),0.836165850303,0.742637472402,0.280949395604
(1,1,84),0.697409961994,0.594583547581,0.175642032486
(1,1,85),0.839336653517,0.745972871893,0.107962056486
(1,1,86),0.854054903279,0.779969821493,0.256706209213
(1,1,87),0.844310994756,0.766369350151,0.21623079152
(1,1,88),0.823190865056,0.725394468526,0.200858566193
(1,1,89),0.842033387488,0.761214024483,0.385292675623
(1,1,90),0.81656879156,0.721203448624,0.115976296187
(1,1,91),0.863775238938,0.787739738899,0.285650080803
(1,1,92),0.85700141059,0.790363563866,0.643951333205
(1,1,93),0.831504105686,0.734663260457,0.174607479805
(1,1,94),0.842663221297,0.752356493183,0.23273027725
(1,1,95),0.867999863865,0.80187828088,0.646906455983
(1,1,96),0.842923405683,0.76403912529,0.477365598322
(1,1,97),0.833015166067,0.736441998087,0.148227617713
(1,1,98),0.822213635265,0.735937984706,0.284357620226
(1,1,99),0.838576723984,0.764852482678,0.27901405481
(1,1,100),0.823239987881,0.738851529014,0.274496030625
(1,1,101),0.849754560061,0.769695543026,0.465699301362
(1,1,102),0.82156456369,0.723636726163,0.246350004048
(1,1,103),0.854197939,0.786499471827,0.475548881386
(1,1,104),0.859764977429,0.784849065887,0.569110641609
(1,1,105),0.829135909683,0.732342471485,0.188532031173
(1,1,106),0.816076766014,0.720185339011,0.274155699795
(1,1,107),0.841594973199,0.786364166282,0.724642950516
(1,1,108),0.834039182288,0.754448380735,0.469879941889
(1,1,109),0.832927094085,0.74446497706,0.249894015116
(1,1,110),0.834273209326,0.732751198423,0.424575023414
(1,1,111),0.828635349283,0.739246117625,0.190647583771
(1,1,112),0.843871014736,0.770006684888,0.437356711696
(1,1,113),0.801171001272,0.727708783261,0.570878381252
(1,1,114),0.839257934802,0.748843188363,0.227633224081
(1,1,115),0.80290110715,0.716377730883,0.531958337727
(1,1,116),0.841966991021,0.753243294019,0.390264016199
(1,1,117),0.853243302953,0.769546057837,0.413319108376
(1,1,118),0.847001652908,0.771442771433,0.472896897802
(1,1,119),0.836337093129,0.755132668527,0.551972148843
(1,1,120),0.835287319914,0.751937414981,0.244873167722
(1,1,121),0.795677047259,0.695285514869,0.40124266326
(1,1,122),0.84469764793,0.759329821412,0.259167827362
(1,1,123),0.856895473211,0.761195586215,0.187672443348
(1,1,124),0.840283499099,0.742365888266,0.22438738891
(1,1,125),0.83343671235,0.752119564997,0.386609092626
(1,1,126),0.846213796039,0.76783670816,0.23875741144
(1,1,127),0.83807253242,0.74788064203,0.342699127621
(1,1,128),0.842958104994,0.747053400207,0.178309764704
(1,1,129),0.884670173132,0.823278577941,0.669580296767
(1,1,130),0.826003858192,0.7430690569,0.256259220967
(1,1,131),0.828581153389,0.744353685054,0.350341144342
(1,1,132),0.839236652558,0.739514852872,0.326873183645
(1,1,133),0.836462480918,0.768968554666,0.266585447122
(1,1,134),0.83457534436,0.742642068893,0.315004607952
(1,1,135),0.847386569678,0.760796536181,0.163581568841
(1,1,136),0.843271175397,0.760321129163,0.118483420737
(1,1,137),0.841005604695,0.761328585937,0.270460914657
(1,1,138),0.855381937997,0.783079369835,0.350019364294
(1,1,139),0.844484380819,0.766980180447,0.242643412409
(1,1,140),0.839879806096,0.774796346346,0.642359842557
(1,1,141),0.844608776189,0.765024610485,0.301715962906
(1,1,142),0.796624121799,0.693474621197,0.178686645663
(1,1,143),0.815779254194,0.721022145734,0.218361073845
(1,1,144),0.858021289419,0.76729571106,0.213831840774
(1,1,145),0.82905313725,0.73737679523,0.221947717555
(1,1,146),0.837457318942,0.757401436279,0.291698452398
(1,1,147),0.842862387632,0.757507974085,0.322570695
(1,1,148),0.854621394806,0.775934871127,0.532958379557
(1,1,149),0.842971961539,0.768403656734,0.307915216959
(1,1,150),0.830274694432,0.750465485562,0.390643786967
(1,1,151),0.84885377765,0.766013314761,0.498976613982
(1,1,152),0.846804408333,0.767227812028,0.212286911784
(1,1,153),0.851620129276,0.773445697778,0.364332061783
(1,1,154),0.794186734694,0.67900187089,0.206967455917
(1,1,155),0.840863774189,0.764365317039,0.366992693716
(1,1,156),0.841550942727,0.76863510226,0.424519252696
(1,1,157),0.84647820138,0.762056966831,0.357848791105
(1,1,158),0.831677817694,0.740293716118,0.257542469552
(1,1,159),0.860050885975,0.779241874392,0.214321575833
(1,1,160),0.84866264359,0.76746487644,0.18297049654
(1,1,161),0.808961625091,0.701966736671,0.271874096479
(1,1,162),0.828599655742,0.734649156352,0.179949204503
(1,1,163),0.851659693071,0.769691442535,0.486810705582
(1,1,164),0.841231504646,0.761529611383,0.366855395988
(1,1,165),0.846830935769,0.76723115312,0.186462739511
(1,1,166),0.842234527009,0.762325222725,0.20977359473
(1,1,167),0.830068434041,0.733738132067,0.163014183839
(1,1,168),0.848817467605,0.767317565025,0.293016503884
(1,1,169),0.87462146824,0.811274065207,0.580038129313
(1,1,170),0.846919148723,0.764541429137,0.516482030311
(1,1,171),0.864622634346,0.801027719548,0.325862534883
(1,1,172),0.847029399386,0.76507155185,0.237791533241
(1,1,173),0.836250758465,0.753425620403,0.282322711029
(1,1,174),0.833535598637,0.749643032928,0.467024595068
(1,1,175),0.844425936942,0.772990621094,0.620550426393
(1,1,176),0.851097100472,0.776196088245,0.262873530756
(1,1,177),0.850321703518,0.765666691837,0.229766282812
(1,1,178),0.795724917296,0.699493719497,0.288269386999
(1,1,179),0.792218441239,0.684455182384,0.169176000117
(1,1,180),0.855419308252,0.782016074068,0.451287173381
(1,1,181),0.847933500552,0.768008871859,0.212517049738
(1,1,182),0.846036115245,0.769635498475,0.342926586772
(1,1,183),0.827955927545,0.728538225793,0.257967866731
(1,1,184),0.833476487318,0.753582155881,0.45192473377
(1,1,185),0.864484837507,0.795971149443,0.182726522154
(1,1,186),0.844194708516,0.74425658946,0.103886274626
(1,1,187),0.84796804284,0.766665212933,0.19304288985
(1,1,188),0.861975265065,0.783446454638,0.318938794247
(1,1,189),0.846235288241,0.771509043476,0.162944780146
(1,1,190),0.832287684357,0.744662563411,0.162366129484
(1,1,191),0.854425663476,0.780205557155,0.508245182439
(1,1,192),0.814693261937,0.714520289919,0.25458163953
(1,1,193),0.782172677431,0.697836277937,0.484789997541
(1,1,194),0.850869841118,0.765402915063,0.164167381127
(1,1,195),0.839270549391,0.751219818068,0.11681864299
(1,1,196),0.855356746949,0.784040627101,0.364980825928
(1,1,197),0.838425998899,0.752547744282,0.238815194622
(1,1,198),0.853539892465,0.782890772774,0.169564739627
(1,1,199),0.860510802791,0.790419728757,0.265019926159
(1,1,200),0.849091141881,0.762718072293,0.143359490848
(1,1,201),0.831584821429,0.738085296368,0.264402238109
(1,1,202),0.861957657961,0.784199601237,0.177163265092
(1,1,203),0.815513580393,0.724419520878,0.286418348972
(1,1,204),0.837240813905,0.749780320505,0.251012034341
(1,1,205),0.865197039506,0.798589043932,0.64616157919
(1,1,206),0.806465504742,0.728581700475,0.567097718232
(1,1,207),0.851508674485,0.764997729495,0.198511221827
(1,1,208),0.809470022825,0.698735024902,0.104354971878
(1,1,209),0.853049033522,0.778739001227,0.348097934916
(1,1,210),0.850811835395,0.769300860267,0.145373509694
(1,1,211),0.807243351886,0.721528353813,0.406608326214
(1,1,212),0.842725193117,0.757844238796,0.33331574
(1,1,213),0.848973066079,0.754547960708,0.156594541298
(1,1,214),0.845371651034,0.762989181853,0.261384269939
(1,1,215),0.841022783909,0.756248184106,0.3232808601
(1,1,216),0.843182182022,0.757086911956,0.476741543221
(1,1,217),0.808679039301,0.693833630831,0.139625352827
(1,1,218),0.798394489319,0.694384939529,0.166502293986
(1,1,219),0.823512012858,0.722872386512,0.0390412622465
(1,1,220),0.852309430365,0.781619966806,0.496131299543
(1,1,221),0.777995968653,0.677226267993,0.167527833347
(1,1,222),0.769083459078,0.664280805373,0.0461555037116
(1,1,223),0.793693979176,0.680569559746,0.25540256717
(1,1,224),0.814445568439,0.717066246976,0.196909803047
(1,1,225),0.845272249433,0.763567464115,0.307381580195
(1,1,226),0.829528325072,0.73120589566,0.200543596013
(1,1,227),0.826525585231,0.746183474284,0.495663269577
(1,1,228),0.819202709891,0.72141491783,0.0838329168016
(1,1,229),0.879392252769,0.814066563629,0.557468731421
(1,1,230),0.877893169102,0.800581360909,0.364664639643
(1,1,231),0.783927375093,0.677161659532,0.164519095543
(1,1,232),0.833222289408,0.738218897065,0.203428835736
(1,1,233),0.807570808679,0.700077872569,0.181943236229
(1,1,234),0.836692254586,0.757944866507,0.26954857613
(1,1,235),0.818720564668,0.721481481802,0.221546140851
(1,1,236),0.853155414061,0.777375336212,0.31016925715
(1,1,237),0.803683585334,0.712918303134,0.412152563531
(1,1,238),0.835110362888,0.745127987388,0.402828834474
(1,1,239),0.858491177013,0.782075052443,0.254284486483
(1,1,240),0.81295269863,0.73310536967,0.461238334114
(1,1,241),0.837431462484,0.745612182801,0.458279579316
(1,1,242),0.826946543323,0.724456408103,0.167743262416
(1,1,243),0.822393247235,0.725959306559,0.272796980731
(1,1,244),0.831744942577,0.746684037372,0.390096380826
(1,1,245),0.851270031201,0.775185788394,0.207281186342
(1,1,246),0.849727762084,0.764993385968,0.110810885016
(1,1,247),0.841344688659,0.76756561178,0.404656711259
(1,1,248),0.809801608734,0.713884487469,0.251592434486
(1,1,249),0.841210801866,0.745832799198,0.103552889483
(1,1,250),0.858369589761,0.791901333972,0.436935127095
(1,1,251),0.843280275435,0.761754190964,0.457288385736
(1,1,252),0.839540051092,0.760350308695,0.196506287777
(1,1,253),0.826346976683,0.742796513131,0.34077128271
(1,1,254),0.826255500999,0.729825612688,0.191042204289
(1,1,255),0.833255844515,0.753142833275,0.36914089797
(1,1,256),0.826873180645,0.73790361407,0.266063214668
(1,1,257),0.836605875762,0.749304084771,0.263133340107
(1,1,258),0.84367090787,0.760560787415,0.328359765799
(1,1,259),0.836651845882,0.744423450695,0.162165464103
(1,1,260),0.859570196312,0.781340030418,0.289833854217
(1,1,261),0.853498945448,0.778522848516,0.468263356754
(1,1,262),0.839203255527,0.746284865906,0.358506821755
(1,1,263),0.836907404193,0.749543589827,0.0622142019388
(1,1,264),0.847796423402,0.761327288163,0.294488844011
(1,1,265),0.834531560238,0.744060597599,0.392340222772
(1,1,266),0.827132143907,0.718748063327,0.0851489661601
(1,1,267),0.839886849254,0.751848956211,0.27169739644
(1,1,268),0.84044854,0.768425878478,0.442855856642
(1,1,269),0.839096475473,0.755968992878,0.271695635878
(1,1,270),0.793297001423,0.686999082685,0.194558059246
(1,1,271),0.844651463952,0.760420805365,0.0953105907923
(1,1,272),0.810270106833,0.697983165668,0.199261028251
(1,1,273),0.876087990488,0.787273319228,0.396480376749
(1,1,274),0.814168190836,0.731121924755,0.361039222895
(1,1,275),0.837767972835,0.744616699049,0.200648811955
(1,1,276),0.82248477995,0.728565714277,0.364582409959
(1,1,277),0.827617572644,0.736408239637,0.251047918879
(1,1,278),0.822737260011,0.750400047943,0.337128866932
(1,1,279),0.849761176248,0.76361059584,0.220775107018
(1,1,280),0.829469688185,0.736103913257,0.199557314308
(1,1,281),0.83870405377,0.751656359479,0.514589660293
(1,1,282),0.811650523123,0.716235298822,0.241467573773
(1,1,283),0.865080866148,0.800278109939,0.562814399347
(1,1,284),0.797033971556,0.681986723948,0.0834038290877
(1,1,285),0.842273333873,0.769199631019,0.377364423632
(1,1,286),0.820874248936,0.731150865596,0.102963331513
(1,1,287),0.820983797903,0.71874095878,0.14021817056
(1,1,288),0.816095863234,0.73319887577,0.462960611052
(1,1,289),0.823574707766,0.748518551491,0.678826618907
(1,1,290),0.686807479224,0.595669058367,0.244027194809
(1,1,291),0.853959462244,0.77162910038,0.145586787244
(1,1,292),0.829955080078,0.754066542317,0.570956345353
(1,1,293),0.84131863887,0.756414949237,0.328832717197
(1,1,294),0.858581062146,0.784952298679,0.260804941554
(1,1,295),0.837369949745,0.762494868805,0.313508137694
(1,1,296),0.827129687425,0.743741417045,0.287026598375
(1,1,297),0.822814568004,0.718381875709,0.206447486017
(1,1,298),0.838926308801,0.75324106694,0.157511977823
(1,1,299),0.863204306437,0.790400430436,0.350646255611
(1,1,300),0.816032818332,0.728685645747,0.557138306501
(1,1,301),0.847796764069,0.776011033262,0.298566162024
(1,1,302),0.857997740502,0.775888858979,0.139105204065
(1,1,303),0.827649500749,0.739583800184,0.41924677357
(1,1,304),0.858729248004,0.780871366256,0.291034697419
(1,1,305),0.835097570579,0.753135995278,0.221485828002
(1,1,306),0.809905641495,0.708772091618,0.266184091243
(1,1,307),0.832952505988,0.74079429452,0.271599405561
(1,1,308),0.845662943656,0.755144207094,0.169665479745
(1,1,309),0.851536276192,0.78184171856,0.46129442718
(1,1,310),0.743289389046,0.63051458771,0.0767165169016
(1,1,311),0.843237851129,0.765559290696,0.451615121447
(1,1,312),0.80358035371,0.702703774614,0.289272819733
(1,1,313),0.850083969688,0.770665008306,0.201789171827
(1,1,314),0.836290673146,0.753090077828,0.372151637102
(1,1,315),0.866878481369,0.787990630656,0.553534005988
(1,1,316),0.782445871517,0.664030974565,0.0568434562983
(1,1,317),0.841905973398,0.751421080312,0.24623841527
(1,1,318),0.849663459107,0.782151179398,0.44485152162
(1,1,319),0.843541026308,0.764729073229,0.269682756739
(1,1,320),0.841598676522,0.753820992073,0.244728225359
(1,1,321),0.843941167893,0.74789367628,0.0864442273019
(1,1,322),0.798968742837,0.696811383161,0.12585357334
(1,1,323),0.848745865982,0.770823372079,0.273380543483
(1,1,324),0.833103293035,0.75199536327,0.395856593864
(1,1,325),0.824389014865,0.713542669979,0.252708318024
(1,1,326),0.826821187721,0.735479439107,0.352304509562
(1,1,327),0.84071617194,0.762340311101,0.307579036018
(1,1,328),0.82664531034,0.735607113941,0.342965463127
(1,1,329),0.796477067196,0.68977540224,0.0659077727031
(1,1,330),0.829959705052,0.747411142399,0.359835864977
(1,1,331),0.838262677383,0.757410664388,0.399302917854
(1,1,332),0.775417628975,0.68342671422,0.395971176584
(1,1,333),0.837188399908,0.755301708626,0.442706294611
(1,1,334),0.7838068826,0.675008164145,0.171355625818
(1,1,335),0.85106938601,0.775202020877,0.480212960115
(1,1,336),0.798107424554,0.698772714142,0.319726679087
(1,1,337),0.853994445963,0.786530906118,0.217009169353
(1,1,338),0.833810440811,0.753448616007,0.518763195833
(1,1,339),0.832927235201,0.758289210148,0.33077753775
(1,1,340),0.809589028184,0.723801698276,0.375046036261
(1,1,341),0.866941788422,0.795083429483,0.411097701008
(1,1,342),0.854649102079,0.772626955442,0.219158576377
(1,1,343),0.828858987652,0.746108566931,0.482316589412
(1,1,344),0.84554080121,0.764106208671,0.133794955654
(1,1,345),0.848649586944,0.765335125871,0.309996018427
(1,1,346),0.844102088247,0.769747911985,0.332421037518
(1,1,347),0.840106765656,0.7589530076,0.392564422888
(1,1,348),0.850019215652,0.768805657228,0.565388531843
(1,1,349),0.848951843365,0.759417815041,0.272730754553
(1,1,350),0.803002478426,0.688616612144,0.273782043922
(1,1,351),0.829702908145,0.759636752638,0.613234012404
(1,1,352),0.806562223288,0.704658455875,0.128992804141
(1,1,353),0.793885568007,0.700155209106,0.411302127077
(1,1,354),0.806221266011,0.699617821507,0.106872446753
(1,1,355),0.852720928181,0.784498025663,0.570824200247
(1,1,356),0.812433792373,0.717697505262,0.320165002452
(1,1,357),0.795545624182,0.689685133034,0.18166849317
(1,1,358),0.800634221094,0.690321390668,0.157180140923
(1,1,359),0.821373533192,0.722533492976,0.148164669931
(1,1,360),0.842540256007,0.75883682664,0.402115457221
(1,1,361),0.781077410593,0.680824459435,0.354584009907
(1,1,362),0.857701244927,0.785304447929,0.301770818365
(1,1,363),0.837953792875,0.755236058043,0.398815614487
(1,1,364),0.838842031911,0.75908949953,0.565770548172
(1,1,365),0.865085266706,0.794022631554,0.423553443735
(1,1,366),0.730165406427,0.616894748024,0.119245783404
(1,1,367),0.801084094251,0.725312916746,0.465272230083
(1,1,368),0.865853658537,0.795109223485,0.601627559863
(1,1,369),0.745050702348,0.639647337441,0.207429839516
(1,1,370),0.840877620444,0.750909810251,0.355742607606
(1,1,371),0.853342629757,0.775342954246,0.408290167389
(1,1,372),0.82025016183,0.729018465292,0.316684795413
(1,1,373),0.818209554371,0.72186626802,0.165369452095
(1,1,374),0.856355174208,0.768235600499,0.318048531935
(1,1,375),0.852130223212,0.773661121883,0.382856382444
(1,1,376),0.84562565279,0.759444170931,0.243904230559
(1,1,377),0.879260204082,0.831983021897,0.765992071319
(1,1,378),0.831300792845,0.73690123627,0.277285747005
(1,1,379),0.790610979811,0.68647309757,0.342381784387
(1,1,380),0.840216354492,0.764588370421,0.526779645618
(1,1,381),0.847753869029,0.759816147766,0.353540381255
(1,1,382),0.826156139464,0.736385562931,0.449597729321
(1,1,383),0.824635139465,0.731278194178,0.287219044883
(1,1,384),0.844267087184,0.758891558849,0.299585118883
(1,1,385),0.83204347198,0.747183255487,0.205881419273
(1,1,386),0.858331811302,0.781830655985,0.404049720534
(1,1,387),0.807527461979,0.705463980265,0.20858756974
(1,1,388),0.839740194156,0.753187766267,0.290447847488
(1,1,389),0.831974981046,0.740251827862,0.215877889449
(1,1,390),0.841241903279,0.754976126582,0.166133398709
(1,1,391),0.820632768339,0.731511819588,0.275097393354
(1,1,392),0.759515678225,0.644097364418,0.0722015706881
(1,1,393),0.876958068444,0.802463947659,0.195283407927
(1,1,394),0.799106155362,0.691361410215,0.229652984043
(1,1,395),0.845922413831,0.767400527838,0.228264730339
(1,1,396),0.859124903545,0.782039771193,0.248138310115
(1,1,397),0.824496262015,0.732978568283,0.299955290818
(1,1,398),0.792786346442,0.685947893401,0.118543696166
(1,1,399),0.8623727563,0.781555739335,0.222626544615
(1,1,400),0.795520367285,0.699090176587,0.178849954627
(1,1,401),0.849732687039,0.765385298143,0.409576832035
(1,1,402),0.832800181142,0.732340854637,0.0954886061866
(1,1,403),0.84095091358,0.748354045298,0.343554955146
(1,1,404),0.819506424742,0.731245180853,0.370784814599
(1,1,405),0.81241137235,0.714536140212,0.215685386827
(1,1,406),0.819238096645,0.728974202615,0.340530318775
(1,1,407),0.820874922186,0.734678468153,0.382447076101
(1,1,408),0.841008127744,0.752541063409,0.269174834199
(1,1,409),0.885500653124,0.817569004864,0.627753453628
(1,1,410),0.85091079699,0.793877613964,0.750374696072
(1,1,411),0.826402130148,0.73164335201,0.294619562054
(1,1,412),0.836069030213,0.751953239761,0.227920682662
(1,1,413),0.847047922941,0.769099768703,0.273451425191
(1,1,414),0.836597227661,0.756845655372,0.33006584373
(1,1,415),0.863750028306,0.790227973923,0.4329394718
(1,1,416),0.841053675142,0.744991654215,0.269368205661
(1,1,417),0.815800128978,0.702947596172,0.0989190426719
(1,1,418),0.837069736481,0.755151291207,0.260618740831
(1,1,419),0.778605181758,0.682849327089,0.274920943218
(1,1,420),0.836601809228,0.749420419774,0.136535581646
(1,1,421),0.838271950133,0.766329483087,0.514402056259
(1,1,422),0.859858106731,0.788523822023,0.293130889308
(1,1,423),0.853814040961,0.772125033972,0.52462214655
(1,1,424),0.831690232595,0.741879037395,0.214564977595
(1,1,425),0.855257220758,0.774811863371,0.144266067607
(1,1,426),0.804400585364,0.704790732848,0.270999144188
(1,1,427),0.838404744475,0.750925814102,0.203739670877
(1,1,428),0.855077320656,0.770320559514,0.359229458074
(1,1,429),0.842723368963,0.751923347742,0.192273792434
(1,1,430),0.831779625635,0.743492604205,0.399314161941
(1,1,431),0.852297668038,0.773168665813,0.471757609133
(1,1,432),0.861722167877,0.785133783353,0.355871733965
(1,1,433),0.84421581819,0.754948456467,0.341988872788
(1,1,434),0.842218383285,0.757377533301,0.204033721092
(1,1,435),0.815930818952,0.711381846818,0.05726904293
(1,1,436),0.703264385845,0.607543748286,0.329835631244
(1,1,437),0.83216637996,0.751022752626,0.405706709384
(1,1,438),0.789240682431,0.6894252208,0.238768010272
(1,1,439),0.863284655144,0.788183473401,0.288409818926
(1,1,440),0.807224373551,0.719127272042,0.310701912893
(1,1,441),0.860980438358,0.786481169901,0.447125500373
(1,1,442),0.789439342811,0.697860018721,0.31573606474
(1,1,443),0.843625620815,0.768366755474,0.483557267319
(1,1,444),0.846703539437,0.765413895122,0.175283280359
(1,1,445),0.827821256687,0.744367403783,0.280371656574
(1,1,446),0.853012284161,0.775301660152,0.300638100685
(1,1,447),0.841104842387,0.777344267025,0.607952055803
(1,1,448),0.717749783737,0.621562511244,0.256255025907
(1,1,449),0.820867459237,0.733281020097,0.375920921962
(1,1,450),0.838919537778,0.764669272467,0.360880030078
(1,1,451),0.849187696562,0.765294879068,0.2271971128
(1,1,452),0.832436462928,0.746779442549,0.464826205367
(1,1,453),0.830951486679,0.729282999864,0.188954285771
(1,1,454),0.819985126612,0.719342275272,0.196890975842
(1,1,455),0.814218621532,0.727862870796,0.358586916614
(1,1,456),0.858689437975,0.787152045371,0.469329406108
(1,1,457),0.850197970585,0.769738100638,0.411930056903
(1,1,458),0.840253144202,0.748820965962,0.19566373313
(1,1,459),0.827590437523,0.733428396744,0.188661790874
(1,1,460),0.799397909515,0.684140109363,0.194621504945
(1,1,461),0.835669244686,0.756774697132,0.426506111192
(1,1,462),0.838105007687,0.74410366468,0.326998445243
(1,1,463),0.872523934251,0.800301362503,0.337440015161
(1,1,464),0.828428345875,0.740182038554,0.261679297145
(1,1,465),0.81214782798,0.73600051774,0.544816239589
(1,1,466),0.828141217628,0.758098349695,0.616065435627
(1,1,467),0.841467369032,0.746599616632,0.250139558155
(1,1,468),0.846476058921,0.768111730527,0.28957631052
(1,1,469),0.728806228374,0.622982679801,0.246956104294
(1,1,470),0.786409901906,0.684270270205,0.186606256417
(1,1,471),0.858930777713,0.785477984311,0.528406031782
(1,1,472),0.809698102924,0.721436156366,0.382723006354
(1,1,473),0.82899696318,0.75574335625,0.593854714847
(1,1,474),0.806715938303,0.723710049389,0.362500076124
(1,1,475),0.830886282228,0.743564173289,0.395224833116
(1,1,476),0.75935260183,0.65013295085,0.217246428695
(1,1,477),0.828071972318,0.724165379967,0.175683417208
(1,1,478),0.844198378714,0.768221462961,0.373716142745
(1,1,479),0.728201549218,0.644901207862,0.392089232755
(1,1,480),0.853224335769,0.765057724667,0.123520681842
(1,1,481),0.809751290303,0.711030588034,0.245668117988
(1,1,482),0.838481586228,0.758004229973,0.25899831566
(1,1,483),0.814673241519,0.711377621369,0.273874284709
(1,1,484),0.840208433081,0.757124204955,0.213251371865
(1,1,485),0.833279136316,0.743104641523,0.440767815759
(1,1,486),0.786758494031,0.706751460213,0.422627280199
(1,1,487),0.844897749056,0.751223319831,0.188081917778
(1,1,488),0.855622160167,0.775021251895,0.227316200359
(1,1,489),0.808588071497,0.704846187641,0.271871507132
(1,1,490),0.865321372839,0.785443681259,0.428163577186
(1,1,491),0.836077843908,0.750808408643,0.302844311322
(1,1,492),0.830442169009,0.764942588618,0.612973309883
(1,1,493),0.808814741368,0.702305830401,0.142942591603
(1,1,494),0.816639349419,0.730902947387,0.331952871589
(1,1,495),0.813742106492,0.716531464169,0.332472802081
(1,1,496),0.794097884757,0.693580410458,0.242216227544
(1,1,497),0.801231514876,0.706063980582,0.456397208933
(1,1,498),0.836164493852,0.758432076673,0.481166748333
(1,1,499),0.842004941151,0.762044239872,0.242543502121
(1,1,500),0.837403513412,0.759545929004,0.599023832416
(1,1,501),0.859489094418,0.780837342397,0.376995181516
(1,1,502),0.810798130194,0.706355739416,0.252655093045
(1,1,503),0.809707668785,0.717674179853,0.278594737007
(1,1,504),0.828605618525,0.727961067776,0.160799989454
(1,1,505),0.851865785578,0.756615957385,0.243748462521
(1,1,506),0.647752675386,0.548072499709,0.0741044925175
(1,1,507),0.841648471633,0.752354244956,0.161581529186
(1,1,508),0.814239618267,0.747444424008,0.729776151997
(1,1,509),0.758550511617,0.640304734352,0.265080189374
(1,1,510),0.839824306982,0.753208787975,0.357233483216
(1,1,511),0.805267829813,0.72589080261,0.588861891591
(1,1,512),0.83669226901,0.74265885272,0.246710091989
(1,1,513),0.826520461454,0.745895948254,0.267581383523
(1,1,514),0.823624635392,0.740454440562,0.360359423468
(1,1,515),0.825032179437,0.73881961999,0.394790096044
(1,1,516),0.811283336687,0.71799550755,0.221906902296
(1,1,517),0.790430010331,0.703610471104,0.291967271542
(1,1,518),0.83376921885,0.740605119727,0.28010137065
(1,1,519),0.846454644344,0.773857604619,0.394504218942
(1,1,520),0.756510241886,0.646594381719,0.211073184044
(1,1,521),0.821727504978,0.720570889906,0.154643436818
(1,1,522),0.780204790249,0.71099688508,0.517488189918
(1,1,523),0.771975284191,0.688724781552,0.397466770237
(1,1,524),0.801244242946,0.693156670467,0.294671353781
(1,1,525),0.838555859837,0.749526094813,0.328150904669
(1,1,526),0.832123806789,0.753876350178,0.560749179504
(1,1,527),0.839774459144,0.752216798627,0.27827509822
(1,1,528),0.837303519736,0.747301547214,0.296390415888
(1,1,529),0.835238168996,0.744663760101,0.359964722681
(1,1,530),0.822911483685,0.724898419715,0.222114837581
(1,1,531),0.837040965584,0.741814141707,0.185141166034
(1,1,532),0.83540915543,0.747988017032,0.367803427653
(1,1,533),0.83730136521,0.762252860719,0.495349935132
(1,1,534),0.814127218935,0.758836065946,0.618829306853
(1,1,535),0.837548433529,0.75500681544,0.403433675067
(1,1,536),0.814400664132,0.71374263648,0.233085716323
(1,1,537),0.812880372023,0.694342948257,0.204422576823
(1,1,538),0.825432803246,0.736023793548,0.23107913176
(1,1,539),0.840309787431,0.74719737883,0.231048770778
(1,1,540),0.748969078978,0.642781094427,0.183543925095
(1,1,541),0.826530987924,0.735683324846,0.18782497556
(1,1,542),0.7977125,0.693727244528,0.35079847295
(1,1,543),0.824867717371,0.741116340203,0.303255415298
(1,1,544),0.855342223325,0.765849903099,0.170938733822
(1,1,545),0.766410484642,0.649716949431,0.224301234927
(1,1,546),0.856582018116,0.788028754796,0.597171548944
(1,1,547),0.838344498647,0.745097403302,0.176724887355
(1,1,548),0.797727173329,0.702953959952,0.171970731738
(1,1,549),0.786897146705,0.683040412472,0.294098502331
(1,1,550),0.833621054973,0.746090599298,0.217481384426
(1,1,551),0.823656693003,0.725857760508,0.161619353476
(1,1,552),0.850126293121,0.775942749312,0.471889376729
(1,1,553),0.8504923609,0.768787589099,0.335846901302
(1,1,554),0.854252991528,0.767667147756,0.351529017878
(1,1,555),0.824051049435,0.737631535858,0.502769347962
(1,1,556),0.810073852539,0.733047483422,0.543971982199
(1,1,557),0.866464646465,0.788171623359,0.548740895129
(1,1,558),0.800128531856,0.710309313273,0.454680866692
(1,1,559),0.844778673464,0.752415375686,0.309647066291
(1,1,560),0.789463638099,0.683186228289,0.0910622676829
(1,1,561),0.786663916168,0.678560552409,0.119824085478
(1,1,562),0.83549821429,0.747333712187,0.34896172724
(1,1,563),0.851165689927,0.76191078938,0.271118024975
(1,1,564),0.860055970515,0.811786798871,0.895427781824
(1,1,565),0.831619063797,0.754934784456,0.356185260945
(1,1,566),0.819763998005,0.714952748633,0.18085295819
(1,1,567),0.82610478677,0.726420263371,0.246536578728
(1,1,568),0.796269670503,0.696745072484,0.266609381155
(1,1,569),0.804226838437,0.694953093014,0.0588372526805
(1,1,570),0.859804132231,0.784472402627,0.412867617532
(1,1,571),0.824546196992,0.761662608464,0.66425215042
(1,1,572),0.816790586227,0.7291957363,0.417608549825
(1,1,573),0.842238419591,0.763498298628,0.475787078238
(1,1,574),0.847826675035,0.753636264214,0.374943037538
(1,1,575),0.822446242344,0.735027111945,0.279827781993
(1,1,576),0.803093845378,0.700256818431,0.212969113576
(1,1,577),0.820272186981,0.73084808153,0.523849418673
(1,1,578),0.838475207154,0.754357213404,0.434010028748
(1,1,579),0.846549413013,0.781615166086,0.689282659628
(1,1,580),0.7827203894,0.705619989541,0.493071657188
(1,1,581),0.796264894245,0.706171931692,0.489556665312
(1,1,582),0.836151606391,0.749511216685,0.383791577283
(1,1,583),0.80599266009,0.699245346655,0.181936249087
(1,1,584),0.829729994075,0.743572636873,0.244450650627
(1,1,585),0.788937842877,0.699503824859,0.280213725009
(1,1,586),0.847719190013,0.752545609596,0.432094686827
(1,1,587),0.821584640346,0.726121102784,0.337686820935
(1,1,588),0.779409203077,0.693443796463,0.31325373082
(1,1,589),0.771634584056,0.67944167909,0.331397391591
(1,1,590),0.876272532025,0.819785536988,0.644198781789
(1,1,591),0.744496911807,0.659694678084,0.425644838246
(1,1,592),0.726712760686,0.611784511847,0.13623801966
(1,1,593),0.817890633015,0.738810747521,0.477416548411
(1,1,594),0.818654610459,0.731605449036,0.31536971802
(1,1,595),0.856889460566,0.766540051635,0.527651661763
(1,1,596),0.656629602576,0.557633501818,0.175173772151
(1,1,597),0.775008211652,0.676952488186,0.384369713529
(1,1,598),0.821377282695,0.715394167724,0.307634887642
(1,1,599),0.801245629371,0.703459624505,0.318686949656
(1,1,600),0.798459220839,0.712922834273,0.425178766529
(1,1,601),0.827862210188,0.73692449529,0.341917149827
(1,1,602),0.832379040254,0.737103476277,0.239707438294
(1,1,603),0.788264248334,0.68200204132,0.177945248303
(1,1,604),0.825556336505,0.733715680567,0.150244493436
(1,1,605),0.822115215584,0.722740101703,0.124675634356
(1,1,606),0.787850486403,0.679690733468,0.107917436222
(1,1,607),0.773921899071,0.664183466267,0.199393265099
(1,1,608),0.840446603259,0.757122005865,0.251861339615
(1,1,609),0.798166835057,0.701099419793,0.245355204154
(1,1,610),0.799904909548,0.694704216016,0.208190878031
(1,1,611),0.817631587826,0.714262273835,0.177334215919
(1,1,612),0.821105506976,0.73218870172,0.315994971476
(1,1,613),0.810165495562,0.702227441402,0.262381658024
(1,1,614),0.783873264507,0.670144746317,0.125447046755
(1,1,615),0.842193594889,0.748514348263,0.333024503678
(1,1,616),0.833521713266,0.750429993043,0.466399148064
(1,1,617),0.815740404422,0.716230762967,0.212763469613
(1,1,618),0.818651302372,0.70869796677,0.179299135829
(1,1,619),0.844572253596,0.764744378212,0.325775842149
(1,1,620),0.835843976812,0.750272287699,0.489459798567
(1,1,621),0.815965865321,0.716271889863,0.144593470104
(1,1,622),0.845533980583,0.766316614706,0.508441950825
(1,1,623),0.771758584807,0.662192906978,0.062947852219
(1,1,624),0.826996628103,0.734363406007,0.253790061174
(1,1,625),0.842928424124,0.744664504204,0.212034890465
(1,1,626),0.814802820192,0.715485630839,0.185618026577
(1,1,627),0.847065113762,0.754859318463,0.435873432561
(1,1,628),0.779227710671,0.701188045836,0.420059039015
(1,1,629),0.809027886146,0.721371153263,0.391934058447
(1,1,630),0.793936646998,0.686062713619,0.190565346733
(1,1,631),0.841101203178,0.757839706482,0.37438852222
(1,1,632),0.852119140625,0.782020200665,0.614906603548
(1,1,633),0.882681523876,0.813806576217,0.61013558694
(1,1,634),0.828149358702,0.743863127151,0.504424280986
(1,1,635),0.839659632219,0.7440430376,0.246073062232
(1,1,636),0.796145719492,0.687510991055,0.106803733898
(1,1,637),0.81060546875,0.700236524079,0.297844739632
(1,1,638),0.841632440215,0.757250282343,0.3952422242
(1,1,639),0.853193952845,0.766116784362,0.251825174989
(1,1,640),0.856167466229,0.779868187083,0.433074618645
(1,1,641),0.7593021262,0.644410859937,0.265563084858
(1,1,642),0.802888279226,0.738866488722,0.538766297468
(1,1,643),0.825591777348,0.726073111028,0.125073284831
(1,1,644),0.838944019224,0.768338009862,0.611793589248
(1,1,645),0.814671193962,0.714248861515,0.275822079329
(1,1,646),0.817386593623,0.72332771265,0.542364214155
(1,1,647),0.791440222351,0.676466857958,0.105895561028
(1,1,648),0.859248685624,0.80936300932,0.732922906281
(1,1,649),0.8565265625,0.790697677056,0.629743653098
(1,1,650),0.826028197823,0.736758778174,0.380348548362
(1,1,651),0.828737462842,0.735902002666,0.32993606874
(1,1,652),0.797240347252,0.69278622839,0.208089202503
(1,1,653),0.828722418336,0.733190919733,0.118391929521
(1,1,654),0.80492184379,0.710057394668,0.325674424115
(1,1,655),0.840205815913,0.753057175478,0.511051482543
(1,1,656),0.836758632169,0.751339967179,0.471656115629
(1,1,657),0.841049382716,0.737578842707,0.352647883396
(1,1,658),0.816134099538,0.741604984624,0.525302601666
(1,1,659),0.78551782105,0.687464216142,0.256756140752
(1,1,660),0.822804878049,0.74113476099,0.413931681777
(1,1,661),0.784220801268,0.67004907751,0.181673612083
(1,1,662),0.743049621582,0.628769714171,0.104377516782
(1,1,663),0.789758300781,0.69007551152,0.205067052696
(1,1,664),0.774610578925,0.683749781477,0.281555243853
(1,1,665),0.783330501816,0.675617126394,0.265755819061
(1,1,666),0.823951148528,0.737322243986,0.368921448854
(1,1,667),0.837361261861,0.74928590531,0.374595622653
(1,1,668),0.826953729739,0.738384062585,0.413468017705
(1,1,669),0.832115109541,0.732066595324,0.126313848399
(1,1,670),0.818212792228,0.706375325235,0.158770665232
(1,1,671),0.785055555556,0.724675952712,0.698752350741
(1,1,672),0.807490309529,0.69926516166,0.177603980057
(1,1,673),0.81028137953,0.712775141029,0.315993531094
(1,1,674),0.808317786949,0.713945899922,0.388545729449
(1,1,675),0.801040104607,0.690772296153,0.262840100795
(1,1,676),0.766652249135,0.676510354062,0.437780631843
(1,1,677),0.780105359001,0.681957551473,0.249339758625
(1,1,678),0.799118463954,0.709798651066,0.484582370933
(1,1,679),0.861915693962,0.786319790965,0.419627623416
(1,1,680),0.83755633651,0.749908222995,0.269932680562
(1,1,681),0.799100082432,0.706503130525,0.353001769232
(1,1,682),0.828280888994,0.750449394226,0.504008040661
(1,1,683),0.847364681167,0.781646846495,0.463845205355
(1,1,684),0.764711889658,0.66508612491,0.293260105666
(1,1,685),0.782186456551,0.679199846142,0.275247465117
(1,1,686),0.822790756189,0.746846625393,0.439288003986
(1,1,687),0.847899502037,0.753764523341,0.294468725352
(1,1,688),0.843759618344,0.778582292181,0.64361710769
(1,1,689),0.848480304829,0.760740060973,0.294904943631
(1,1,690),0.845686957695,0.767108284832,0.31130052185
(1,1,691),0.76813218028,0.666398737708,0.286188395248
(1,1,692),0.818217452422,0.727658094302,0.357568734894
(1,1,693),0.848946097289,0.757628968504,0.308579939467
(1,1,694),0.847024439405,0.758317422204,0.361288165061
(1,1,695),0.711589216703,0.613978780938,0.295661521984
(1,1,696),0.857044394245,0.768250565967,0.296947156972
(1,1,697),0.760803547433,0.656191913192,0.242755403667
(1,1,698),0.802889273356,0.70380020792,0.312263222585
(1,1,699),0.843988745046,0.755506019714,0.323859386124
(1,1,700),0.841489525867,0.759386090663,0.360066851468
(1,1,701),0.843268266457,0.783456422874,0.677427568606
(1,1,702),0.844655009452,0.764302165717,0.559342912167
(1,1,703),0.803150969529,0.721230341519,0.511000301604
(1,1,704),0.759583471074,0.668000161594,0.380307710881
(1,1,705),0.747385142807,0.627100034412,0.106749201079
(1,1,706),0.837636642282,0.759608622997,0.542887020257
(1,1,707),0.836363636364,0.753969857014,0.560825607836
(1,1,708),0.710159250691,0.594762672376,0.106396842636
(1,1,709),0.834509847529,0.765944395824,0.562218778922
(1,1,710),0.836884661118,0.75447904054,0.509172209333
(1,1,711),0.769037632864,0.659644428751,0.217738099374
(1,1,712),0.854523261769,0.786555094615,0.624758202428
(1,1,713),0.859742557115,0.778183782747,0.50806029331
(1,1,714),0.792907231556,0.680558161564,0.263180598366
(1,1,715),0.684752066116,0.57594643099,0.158896974116
(1,1,716),0.798034098407,0.696298015077,0.327807399453
(1,1,717),0.76670945413,0.664546616208,0.203820741723
(1,1,718),0.695225694444,0.594227748986,0.242536186598
(1,1,719),0.871517514922,0.785920602755,0.461526916176
(1,1,720),0.836591856058,0.758365124023,0.492382005315
(1,1,721),0.880250042166,0.812756595562,0.374522062189
(1,1,722),0.761064985689,0.654921529283,0.156788731822
(1,1,723),0.884769324007,0.83099160742,0.690621048129
(1,1,724),0.769591049383,0.655193491242,0.244005215822
(1,1,725),0.824700519557,0.727334629894,0.129225229937
(1,1,726),0.683616973841,0.567676122973,0.0815577327188
(1,1,727),0.906454792477,0.869919335606,0.861711990127
(1,1,728),0.832573588982,0.743256681548,0.355877862583
(1,1,729),0.821922495337,0.719364059987,0.326743491687
(1,1,730),0.822847005824,0.714806053287,0.150674195809
(1,1,731),0.851449643516,0.786264076818,0.605767421704
(1,1,732),0.666257243638,0.57061421385,0.19058170047
(1,1,733),0.832758281565,0.752690743958,0.521735616389
(1,1,734),0.834516889065,0.755374935365,0.497369269017
(1,1,735),0.837546248121,0.7592030364,0.536172863615
(1,1,736),0.80790312091,0.710617754061,0.250912654559
(1,1,737),0.828679229064,0.737601030745,0.23059396144
(1,1,738),0.775944468556,0.670830035971,0.193029689161
(1,1,739),0.805440740741,0.717383558689,0.342230912468
(1,1,740),0.654994054697,0.545606353506,0.0447877117183
(1,1,741),0.793829394002,0.689263846102,0.273833360448
(1,1,742),0.84577486405,0.742897566266,0.180011851922
(1,1,743),0.722776816609,0.602267303503,0.170597642178
(1,1,744),0.796091926743,0.703071984712,0.444499450051
(1,1,745),0.81747755102,0.732876789125,0.474383988635
(1,1,746),0.813040320295,0.716182015445,0.279714749464
(1,1,747),0.835272690723,0.748137305524,0.400998533253
(1,1,748),0.728595585618,0.638182598509,0.334298053959
(1,1,749),0.74281526336,0.668881113166,0.447889094269
(1,1,750),0.8486572599,0.753352751998,0.446584585042
(1,1,751),0.810013717421,0.714283718651,0.415333966518
(1,1,752),0.823079166274,0.733600321578,0.330839868686
(1,1,753),0.838169225835,0.745935444766,0.290090271424
(1,1,754),0.872526287807,0.802743259215,0.61607043416
(1,1,755),0.817869284758,0.724236890753,0.20744914625
(1,1,756),0.750385269423,0.639563035877,0.159822783744
(1,1,757),0.764172736733,0.658774460295,0.323967793348
(1,1,758),0.783209876543,0.702884920909,0.481319937181
(1,1,759),0.799292403746,0.691905322866,0.155034215364
(1,1,760),0.785569394296,0.684231965662,0.392478375482
(1,1,761),0.839194491386,0.773111807244,0.667670752466
(1,1,762),0.78804478449,0.686087513527,0.283816398263
(1,1,763),0.755762519276,0.657220306885,0.322458929449
(1,1,764),0.806486831497,0.705101207904,0.246459069776
(1,1,765),0.795042461144,0.685600392516,0.213893825562
(1,1,766),0.785627162152,0.678025526255,0.273902250831
(1,1,767),0.869494664722,0.825376375518,0.793605187608
(1,1,768),0.832899368559,0.764903040027,0.66340448115
(1,1,769),0.816686893883,0.739825357083,0.458758612171
(1,1,770),0.764235749798,0.682785304745,0.514041067861
(1,1,771),0.782948220611,0.673263266739,0.149025537814
(1,1,772),0.761235358049,0.650804047975,0.102985916396
(1,1,773),0.825217464437,0.732784388817,0.415496601351
(1,1,774),0.691777777778,0.582116902786,0.148046867572
(1,1,775),0.774762665118,0.66436435668,0.215000540386
(1,1,776),0.833931720836,0.75157789077,0.491068371396
(1,1,777),0.71602475813,0.591719187181,0.0269005925988
(1,1,778),0.768296227899,0.662845699786,0.211134570798
(1,1,779),0.76487006052,0.651946315476,0.101948820128
(1,1,780),0.748307533001,0.651339200047,0.3878938867
(1,1,781),0.754852071006,0.647116412377,0.248246315515
(1,1,782),0.835214022301,0.767492536499,0.534476232394
(1,1,783),0.778095733611,0.673879134061,0.311923544504
(1,1,784),0.836561872216,0.736909361558,0.183887501562
(1,1,785),0.746213861886,0.641249593223,0.149552357078
(1,1,786),0.835092860674,0.732378293044,0.391790326697
(1,1,787),0.812294903392,0.712067490444,0.238980397905
(1,1,788),0.806969261706,0.719240972331,0.377776658467
(1,1,789),0.796126272157,0.686074026634,0.161458212849
(1,1,790),0.798474843858,0.712273845911,0.373747208674
(1,1,791),0.744085301518,0.639575848416,0.249968953505
(1,1,792),0.774508729637,0.663562809781,0.309925067937
(1,1,793),0.82461990421,0.750163767504,0.553287377765
(1,1,794),0.78682375317,0.697612963053,0.484593635911
(1,1,795),0.721002888272,0.599925654142,0.0791123572872
(1,1,796),0.724680962648,0.633608840102,0.334466252503
(1,1,797),0.762494527597,0.658575535499,0.322491457586
(1,1,798),0.825260779152,0.72706267871,0.213376892687
(1,1,799),0.860531997919,0.795797556132,0.697342804131
(1,1,800),0.724824827512,0.63984824933,0.345093507879
(1,1,801),0.854370982553,0.798348409776,0.703222424411
(1,1,802),0.790118781888,0.680162309991,0.20844912417
(1,1,803),0.785817867404,0.690575323058,0.35190284678
(1,1,804),0.840918361401,0.764308521199,0.558445015093
(1,1,805),0.80459518869,0.702032464697,0.242265618798
(1,1,806),0.807607323232,0.717398313296,0.429162436506
(1,1,807),0.787103841951,0.685830544141,0.336668285897
(1,1,808),0.797073119189,0.70201285393,0.369512230344
(1,1,809),0.771603119992,0.664674212506,0.248847075469
(1,1,810),0.83890410289,0.743448238326,0.419946424984
(1,1,811),0.810766578527,0.729780708082,0.566480124431
(1,1,812),0.761670388377,0.650667700064,0.195287686502
(1,1,813),0.807476484816,0.695350893943,0.142395117058
(1,1,814),0.881829660239,0.810822930708,0.535726589383
(1,1,815),0.755168950851,0.65566181749,0.317307241408
(1,1,816),0.782328362309,0.682302738343,0.227610863751
(1,1,817),0.804641052319,0.687445516781,0.297003454789
(1,1,818),0.774916808701,0.673630689407,0.330736225496
(1,1,819),0.860369822485,0.808613405227,0.787081134919
(1,1,820),0.831663021263,0.756930092314,0.484491868315
(1,1,821),0.804378456613,0.713676419688,0.34820580719
(1,1,822),0.694104062588,0.577644486385,0.144225605753
(1,1,823),0.784114302519,0.727850491534,0.58783026718
(1,1,824),0.868815761505,0.795491638625,0.598228746833
(1,1,825),0.806955222047,0.711044245397,0.412865808371
(1,1,826),0.758460021086,0.661460057869,0.22988320362
(1,1,827),0.850128493684,0.770214149983,0.495295404558
(1,1,828),0.746451321387,0.642915011294,0.223477041373
(1,1,829),0.814901429187,0.697537427474,0.157002516706
(1,1,830),0.798752834467,0.693409217205,0.265456019303
(1,1,831),0.813380793089,0.712440458911,0.179821573763
(1,1,832),0.793344055559,0.692369248439,0.214657505329
(1,1,833),0.78763295475,0.673581819607,0.130828860828
(1,1,834),0.854514443315,0.7968992976,0.776085073972
(1,1,835),0.822537,0.731541709984,0.275565559282
(1,1,836),0.791121059987,0.692701534065,0.420162560162
(1,1,837),0.770317452137,0.701239885593,0.581366577946
(1,1,838),0.764751783591,0.647973480506,0.270552797043
(1,1,839),0.777452,0.67005858725,0.188360866129
(1,1,840),0.817734892314,0.71448340865,0.129176456964
(1,1,841),0.768783757716,0.661020567043,0.269512515901
(1,1,842),0.817216253231,0.713396012467,0.221560149783
(1,1,843),0.703718820862,0.602037641495,0.2068361302
(1,1,844),0.852081481941,0.7601658533,0.35325034944
(1,1,845),0.698958414911,0.607713526611,0.266376768785
(1,1,846),0.699944056689,0.6035774647,0.248976392627
(1,1,847),0.673972117202,0.571129849215,0.0891523624096
(1,1,848),0.870524325802,0.794703406861,0.415965471973
(1,1,849),0.755259697567,0.643001708843,0.208072689557
(1,1,850),0.84791660882,0.761715884664,0.25968024232
(1,1,851),0.831288969174,0.755665390663,0.570599028762
(1,1,852),0.760183078439,0.650883688931,0.138535244454
(1,1,853),0.824785897652,0.739387918025,0.371715326621
(1,1,854),0.676267674826,0.572339955887,0.167472510706
(1,1,855),0.787388,0.674035550741,0.213032890674
(1,1,856),0.850236555081,0.760847710164,0.23239875173
(1,1,857),0.865572498174,0.777157405993,0.436794081695
(1,1,858),0.766375880012,0.653198328694,0.192204672708
(1,1,859),0.800825178417,0.695973800872,0.258952312859
(1,1,860),0.865521762572,0.777777596756,0.514205731807
(1,1,861),0.801873048907,0.690086934833,0.302150216032
(1,1,862),0.717048611111,0.660385000394,0.553051931535
(1,1,863),0.773370666667,0.68552322928,0.402920058331
(1,1,864),0.769287324772,0.703168160056,0.517171729012
(1,1,865),0.813099752533,0.726909939445,0.469472617438
(1,1,866),0.761795288659,0.644193700557,0.135616196967
(1,1,867),0.835811042105,0.762153143625,0.593613428257
(1,1,868),0.764411759725,0.654236948796,0.157481465096
(1,1,869),0.724070860586,0.611187918574,0.146186869647
(1,1,870),0.87019961663,0.778129529175,0.488477324282
(1,1,871),0.822383034847,0.725400789911,0.327773916851
(1,1,872),0.828681384553,0.735773007067,0.350137281179
(1,1,873),0.756201281543,0.639210943208,0.171909971864
(1,1,874),0.818907740611,0.717859734445,0.347284845533
(1,1,875),0.809733905516,0.695282834767,0.113000258102
(1,1,876),0.904618055556,0.863392151798,0.790146142653
(1,1,877),0.841221628112,0.765665090785,0.451784535063
(1,1,878),0.703052687789,0.594969302176,0.180437069691
(1,1,879),0.822921005137,0.741585182811,0.48538613425
(1,1,880),0.795021524235,0.709815472849,0.466676282557
(1,1,881),0.764118219806,0.664623078644,0.321166691001
(1,1,882),0.763962366668,0.659769082181,0.341843259673
(1,1,883),0.775840322096,0.673807742097,0.285407361396
(1,1,884),0.736673990885,0.640618683248,0.22880499057
(1,1,885),0.794091552301,0.708804105093,0.521190342567
(1,1,886),0.817780934765,0.737600094523,0.438325588298
(1,1,887),0.743926982558,0.649533375281,0.327092863571
(1,1,888),0.831810987586,0.749140907121,0.401244359351
(1,1,889),0.713936889557,0.641164033525,0.365890452342
(1,1,890),0.70842209073,0.603827506623,0.20489044246
(1,1,891),0.758149678604,0.677012618665,0.438200280457
(1,1,892),0.81781456478,0.749326372615,0.618555347028
(1,1,893),0.769468033969,0.708638907889,0.603454260391
(1,1,894),0.760511111111,0.643343185053,0.162052886436
(1,1,895),0.75798452688,0.647798552381,0.267358664749
(1,1,896),0.832480955679,0.780704609037,0.72256225263
(1,1,897),0.749591836735,0.619066107142,0.11285480306
(1,1,898),0.770976331361,0.680706805502,0.336215454723
(1,1,899),0.679441015089,0.580895830912,0.157785739972
(1,1,900),0.809997558594,0.71837565066,0.410213574754
(1,1,901),0.804833111043,0.697356026872,0.173105001571
(1,1,902),0.819432786674,0.738898135801,0.57783090465
(1,1,903),0.693417159763,0.597894493244,0.254609523001
(1,1,904),0.791932587542,0.716058205916,0.522220836483
(1,1,905),0.740128643664,0.660450629905,0.376266543456
(1,1,906),0.63462231837,0.549724739536,0.177930990169
(1,1,907),0.750843692597,0.645287677587,0.199733122251
(1,1,908),0.717859235974,0.601964210336,0.164254058881
(1,1,909),0.887677914978,0.830040886078,0.66740368542
(1,1,910),0.789959016393,0.717198620994,0.616721597845
(1,1,911),0.669539493357,0.560678760995,0.0753547049224
(1,1,912),0.751451247166,0.653326073148,0.332303837483
(1,1,913),0.856334547347,0.796912059836,0.648314625609
(1,1,914),0.794782220901,0.707128135491,0.429264972107
(1,1,915),0.831739320565,0.761243631862,0.640958296691
(1,1,916),0.818999166703,0.750949099377,0.607053942835
(1,1,917),0.741888582798,0.636944452841,0.317708960401
(1,1,918),0.769707573785,0.66623359606,0.286805501276
(1,1,919),0.864266189085,0.772799285896,0.50189238145
(1,1,920),0.798683449074,0.729032929133,0.638886469791
(1,1,921),0.798890532544,0.741103468193,0.581314525123
(1,1,922),0.836818700799,0.760368230806,0.51398019477
(1,1,923),0.837275752315,0.757799572758,0.566074747486
(1,1,924),0.769075590364,0.693288903054,0.516856482477
(1,1,925),0.812314024995,0.711592336125,0.371668655001
(1,1,926),0.85591615347,0.766781248959,0.449368800251
(1,1,927),0.761383310249,0.681502439653,0.40734041628
(1,1,928),0.707075,0.633093857893,0.357657168435
(1,1,929),0.780233808116,0.675624589711,0.366572181843
(1,1,930),0.800287605504,0.683600912572,0.236475775113
(1,1,931),0.693002691273,0.617741387447,0.405420625612
(1,1,932),0.765745754084,0.66773817447,0.435244573932
(1,1,933),0.740032123961,0.635905226848,0.263032226902
(1,1,934),0.801412127685,0.690896078578,0.285931244493
(1,1,935),0.779963146932,0.677728874438,0.2854660057
(1,1,936),0.800240361957,0.704261992118,0.474687952119
(1,1,937),0.722006944014,0.622091525089,0.25211384035
(1,1,938),0.724804213262,0.632961706776,0.317032142679
(1,1,939),0.798975694444,0.726347579195,0.569019947658
(1,1,940),0.799536911844,0.703284058317,0.333688693442
(1,1,941),0.815932854623,0.716413026053,0.388598855355
(1,1,942),0.772071005917,0.650175092473,0.199297760366
(1,1,943),0.854109562221,0.76318195069,0.407041596049
(1,1,944),0.834575,0.768780321154,0.625668265787
(1,1,945),0.744831903671,0.648724913224,0.320347210571
(1,1,946),0.773233266303,0.652560353049,0.211072080081
(1,1,947),0.775640495868,0.659174339404,0.306036779851
(1,1,948),0.749108932947,0.646114792519,0.323132606795
(1,1,949),0.797530864198,0.692950955638,0.318665754971
(1,1,950),0.823742770317,0.738428507968,0.529249410561
(1,1,951),0.879345494702,0.797891713113,0.462974002376
(1,1,952),0.625223866528,0.523022074799,0.0616194575566
(1,1,953),0.772478373702,0.661880204687,0.193724352637
(1,1,954),0.728951446281,0.621070089344,0.241417497134
(1,1,955),0.829093869262,0.772957058216,0.736903410877
(1,1,956),0.802465290139,0.707318564566,0.417847147811
(1,1,957),0.707378869915,0.586135794215,0.106523588678
(1,1,958),0.79361599201,0.690382311088,0.31405392295
(1,1,959),0.856114805151,0.779523972739,0.547694974834
(1,1,960),0.774035226836,0.688758523277,0.354601203252
(1,1,961),0.704154156502,0.614853411018,0.263806398221
(1,1,962),0.861131401672,0.808937455338,0.702796701189
(1,1,963),0.770538021771,0.651682791263,0.233953276744
