0,1,0,0.886568429419,0.931911073468,1.0
1,0,0,0.990709179643,0.990362022554,1.0
0,0,0,0.805141456882,0.8216246168,0.926142739522
1,1,0,0.846876335711,0.773788109247,0.29582535085
1,1,1,0.834241507365,0.748079231657,0.196572244101
1,1,2,0.841175858481,0.75663425818,0.383939088547
1,1,3,0.852781089236,0.775062656563,0.320603190604
1,1,4,0.850273964139,0.765840217514,0.30227214052
1,1,5,0.858114975004,0.783178201628,0.262951055845
1,1,6,0.835700082804,0.761670043019,0.276234820489
1,1,7,0.864378266747,0.786466640088,0.117796039748
1,1,8,0.85124004204,0.773531079394,0.356101829332
1,1,9,0.827220214812,0.734229750278,0.198807731662
1,1,10,0.843815719636,0.764869955199,0.528943825163
1,1,11,0.834250448949,0.746610392123,0.346725857521
1,1,12,0.847723724915,0.770118879536,0.329990047654
1,1,13,0.847060141608,0.761601507426,0.312393072308
1,1,14,0.84543083742,0.763141727597,0.1711922154
1,1,15,0.84344432133,0.752875375944,0.395268268925
1,1,16,0.854992568357,0.779099264121,0.351932444014
1,1,17,0.863531939001,0.776540999429,0.103243567209
1,1,18,0.844217688117,0.769237341468,0.223070426814
1,1,19,0.843672011191,0.750584730533,0.0793626317978
1,1,20,0.859267541316,0.778848842824,0.144692353328
1,1,21,0.842833983999,0.764381860023,0.357259734057
1,1,22,0.850770214537,0.773257394367,0.409072695195
1,1,23,0.839046907904,0.758171743013,0.207660818825
1,1,24,0.859358455418,0.78478346637,0.373307842208
1,1,25,0.858364215857,0.789510348259,0.478871752415
1,1,26,0.853541892873,0.780919594293,0.321280455356
1,1,27,0.849786544964,0.772348570716,0.235478123635
1,1,28,0.855039978885,0.774062880656,0.142933198735
1,1,29,0.859607716314,0.788476894037,0.26171998735
1,1,30,0.844348348103,0.75698860413,0.216507047316
1,1,31,0.856011978561,0.766003360301,0.137039606767
1,1,32,0.860046189789,0.794797561007,0.438074376382
1,1,33,0.855410353535,0.775334573414,0.137841001575
1,1,34,0.891322523814,0.825045454556,0.542685132805
1,1,35,0.8528049519,0.772711073022,0.215613202596
1,1,36,0.855569647429,0.77242572529,0.082015331271
1,1,37,0.869919126478,0.788577004084,0.199841630566
1,1,38,0.830171102454,0.74348413869,0.475130725619
1,1,39,0.856479027042,0.777415037744,0.15192527076
1,1,40,0.80866661487,0.696310213584,0.181913129779
1,1,41,0.841285746692,0.743219762602,0.0335843909319
1,1,42,0.83361954808,0.728399585943,0.139292547737
1,1,43,0.838399159007,0.730626298762,0.112236745229
1,1,44,0.854320152619,0.786457813727,0.655228086618
1,1,45,0.856580944214,0.761915591706,0.0927937704211
1,1,46,0.836864573175,0.744185305731,0.058378033579
1,1,47,0.851116488511,0.779701694601,0.605325787485
1,1,48,0.857029412304,0.765417155374,0.204716809229
1,1,49,0.831262962963,0.734713289605,0.203794008712
1,1,50,0.851992964698,0.761039935238,0.086362571319
1,1,51,0.836719752995,0.763584928586,0.617975982919
1,1,52,0.872372486717,0.80286667907,0.315112292726
1,1,53,0.842851607012,0.766984404187,0.357881947968
1,1,54,0.876339283461,0.800001175325,0.195881981015
1,1,55,0.813093148412,0.707433673977,0.180471204534
1,1,56,0.859407072294,0.780192740297,0.243960271539
1,1,57,0.829081879738,0.740843660258,0.451939629089
1,1,58,0.842715359876,0.752773229906,0.262753892187
1,1,59,0.845733430336,0.759057504518,0.380450163484
1,1,60,0.862092390287,0.780026478985,0.275102417682
1,1,61,0.853959630417,0.761051821709,0.0482323274774
1,1,62,0.830473165899,0.750645479216,0.452484168552
1,1,63,0.816514934468,0.719278390381,0.249375716159
1,1,64,0.845438478861,0.766258895343,0.310676570183
1,1,65,0.847286436318,0.767797855617,0.342185625376
1,1,66,0.838241651833,0.73994913196,0.141830590626
1,1,67,0.880738784812,0.814471534182,0.526642324567
1,1,68,0.863102260945,0.783422514913,0.0877994592913
1,1,69,0.843032764126,0.75628962814,0.15271477754
1,1,70,0.82201587173,0.720907335449,0.109056548248
1,1,71,0.876944658384,0.800644532597,0.257559212505
1,1,72,0.842989498042,0.756336678487,0.277143930183
1,1,73,0.85670427016,0.778289493632,0.209485307084
1,1,74,0.842388075151,0.777191253903,0.531358627001
1,1,75,0.868851513826,0.800049005808,0.63645620232
1,1,76,0.840599963475,0.758221862704,0.231145004879
1,1,77,0.853581738163,0.771394990803,0.127351551029
1,1,78,0.857055788035,0.779952655638,0.305574825076
1,1,79,0.843231646739,0.73790534007,0.18790452575
1,1,80,0.845595119011,0.756376239132,0.378650277903
1,1,81,0.864746260659,0.787327052923,0.414139861494
1,1,82,0.865103317472,0.791107767341,0.233114868052
1,1,83,0.861503471255,0.776845959814,0.361542922911
1,1,84,0.794038689698,0.699708032088,0.389661001068
1,1,85,0.85342103879,0.766595538114,0.266864937298
1,1,86,0.863792192924,0.781910592128,0.105454406579
1,1,87,0.851955395907,0.773518803821,0.257861164184
1,1,88,0.843348310415,0.749446008246,0.242557705286
1,1,89,0.85899186715,0.781518039923,0.373109783229
1,1,90,0.869850620061,0.788470948592,0.273514069875
1,1,91,0.86289013948,0.784311043528,0.125358720837
1,1,92,0.858839246962,0.776539256268,0.44992597757
1,1,93,0.844999383699,0.757738982191,0.140485053276
1,1,94,0.851654149316,0.753559045596,0.193827519388
1,1,95,0.820871544021,0.726533172977,0.394277451673
1,1,96,0.868808262837,0.800129617896,0.318571000171
1,1,97,0.855453778666,0.769602960474,0.226706050799
1,1,98,0.860756680601,0.788068979757,0.353331666965
1,1,99,0.845787533883,0.777691350923,0.539685486829
1,1,100,0.841898156593,0.759867036899,0.339626347152
1,1,101,0.841965510205,0.755403531523,0.50031373455
1,1,102,0.862452835083,0.793395808831,0.628091971349
1,1,103,0.859421924019,0.78658924873,0.259734608432
1,1,104,0.859202700056,0.782323831648,0.563487597996
1,1,105,0.858601407969,0.773176162298,0.506162247258
1,1,106,0.839699824987,0.751273833453,0.231156371593
1,1,107,0.823600288275,0.750861149042,0.59567724535
1,1,108,0.863415248897,0.783596452384,0.0877232225147
1,1,109,0.848760632428,0.765067127306,0.345429974062
1,1,110,0.851148893191,0.792476142745,0.667528716424
1,1,111,0.848081590946,0.767264235487,0.283540683724
1,1,112,0.833867450161,0.746549503363,0.201243190067
1,1,113,0.86205648875,0.780042541191,0.47306644987
1,1,114,0.87282675218,0.796771260853,0.205524294467
1,1,115,0.855676487146,0.778234123007,0.502189558296
1,1,116,0.871850797041,0.80329006151,0.53594987856
1,1,117,0.833658740109,0.739375594811,0.392713572542
1,1,118,0.861972029801,0.788001479368,0.347356251265
1,1,119,0.833460123403,0.74618164995,0.325560002518
1,1,120,0.854279916166,0.766080398174,0.173637654576
1,1,121,0.849036309873,0.796387417461,0.758661227608
1,1,122,0.854740466889,0.767616399155,0.315389114755
1,1,123,0.873852394703,0.786892713141,0.312703477081
1,1,124,0.83218654554,0.72293627872,0.157652382598
1,1,125,0.85287114708,0.781175575809,0.662624793015
1,1,126,0.870052920538,0.788589266617,0.212342937747
1,1,127,0.864720318589,0.78089915824,0.224962566996
1,1,128,0.867138174215,0.797453338332,0.322923913316
1,1,129,0.883428300095,0.826110055183,0.657125546607
1,1,130,0.85217256997,0.773050431961,0.164107831857
1,1,131,0.852537336504,0.779043487398,0.53651361835
1,1,132,0.813896933244,0.6960442449,0.176477753307
1,1,133,0.84126910777,0.765830455919,0.216861610324
1,1,134,0.880953694956,0.814916701617,0.586174750788
1,1,135,0.858018792713,0.775883630476,0.341158222392
1,1,136,0.847819477371,0.761845016647,0.194708168642
1,1,137,0.871025052156,0.799870957174,0.25230858938
1,1,138,0.863898782471,0.788783648407,0.326946098511
1,1,139,0.851852819857,0.774321679498,0.175904598859
1,1,140,0.837392619334,0.749379404751,0.410352024751
1,1,141,0.838383776688,0.744987814163,0.30087489602
1,1,142,0.835216065985,0.727790017719,0.150447839498
1,1,143,0.849461559753,0.762827064569,0.261152167647
1,1,144,0.846682996841,0.756601949684,0.362510351436
1,1,145,0.848738612794,0.768051485024,0.428980258805
1,1,146,0.848897796426,0.771513197572,0.335147325598
1,1,147,0.858607758058,0.780286443983,0.31631054744
1,1,148,0.850096955191,0.770866248744,0.560662414824
1,1,149,0.840778114339,0.758180052005,0.310840383438
1,1,150,0.862834223631,0.802354201078,0.65096603103
1,1,151,0.830373455903,0.747478922349,0.576231316498
1,1,152,0.839053101888,0.755224517005,0.195181247471
1,1,153,0.850445612134,0.776305647033,0.373217296706
1,1,154,0.834055102041,0.720413047292,0.165736272152
1,1,155,0.841822148474,0.755325819051,0.0833511260545
1,1,156,0.861283688973,0.782758426608,0.332169478018
1,1,157,0.879339117093,0.79500338567,0.311791218604
1,1,158,0.834995206772,0.751042560174,0.518285602811
1,1,159,0.876134717649,0.792144633332,0.195826753902
1,1,160,0.869084051648,0.804975326879,0.391512060684
1,1,161,0.839362224593,0.742592865954,0.403809027105
1,1,162,0.829305335017,0.730122832993,0.142231141483
1,1,163,0.887717635532,0.813823434405,0.283957204282
1,1,164,0.842081116669,0.765080162399,0.282638400929
1,1,165,0.858920827405,0.781484959931,0.171922940341
1,1,166,0.859647891889,0.783744796324,0.297029260455
1,1,167,0.863932837742,0.77857614253,0.257788768013
1,1,168,0.857222448956,0.775072713333,0.259006914254
1,1,169,0.866723997983,0.792093183696,0.268128862672
1,1,170,0.853962532603,0.77297089868,0.247719422708
1,1,171,0.864407722479,0.788629466416,0.15287643734
1,1,172,0.859970989523,0.785342966978,0.298091118822
1,1,173,0.842718936779,0.762719359429,0.33625396253
1,1,174,0.853330598296,0.774545840117,0.363222541267
1,1,175,0.82241522903,0.722831047686,0.298472637291
1,1,176,0.874215245726,0.805729212355,0.208733270621
1,1,177,0.863642298404,0.784064796146,0.0830765289941
1,1,178,0.87037871167,0.806090766128,0.601703696645
1,1,179,0.839915104338,0.741249899278,0.207693863632
1,1,180,0.836958357732,0.731485054624,0.176640237397
1,1,181,0.855506285646,0.776343555816,0.108525037955
1,1,182,0.851251756904,0.772732063603,0.277000348889
1,1,183,0.879336370325,0.81697804658,0.527297218831
1,1,184,0.842457180644,0.766119835094,0.219405426129
1,1,185,0.850277420862,0.771089011622,0.319393897084
1,1,186,0.837429706755,0.736008965529,0.10289583895
1,1,187,0.869986688017,0.78756499474,0.188415995618
1,1,188,0.847133771112,0.742944612945,0.0605920263472
1,1,189,0.846866372529,0.765240670134,0.383433485609
1,1,190,0.860807277026,0.772741750765,0.0372810968388
1,1,191,0.858547181449,0.782170679502,0.288186649567
1,1,192,0.855065922932,0.778952170903,0.412484781609
1,1,193,0.784436145063,0.689550989678,0.27277164303
1,1,194,0.856423234875,0.767587621747,0.125168431288
1,1,195,0.856972560591,0.771131942553,0.169662085543
1,1,196,0.848571466079,0.760162868211,0.188490225384
1,1,197,0.857668440345,0.774532919953,0.262371938297
1,1,198,0.846841011385,0.765874989265,0.161790999634
1,1,199,0.861055741735,0.782588504456,0.160389163396
1,1,200,0.854851448765,0.77244673329,0.217433044647
1,1,201,0.851059072066,0.762990463288,0.352236035812
1,1,202,0.865362382363,0.797148004852,0.350568377157
1,1,203,0.830234424228,0.727592787129,0.162399918058
1,1,204,0.843452915441,0.748283463889,0.229637158055
1,1,205,0.808480786197,0.695206262187,0.238104863385
1,1,206,0.847498311933,0.772911941774,0.553310128822
1,1,207,0.891382913229,0.824192071439,0.18204359462
1,1,208,0.849836233311,0.751939309993,0.143953854308
1,1,209,0.858837031861,0.782446603151,0.193532004282
1,1,210,0.868155754937,0.784565534874,0.149016305337
1,1,211,0.877524081258,0.809319045779,0.504564013988
1,1,212,0.845594865042,0.756549264093,0.223015391361
1,1,213,0.862344752333,0.771963231843,0.0846383238223
1,1,214,0.852690654248,0.767551535122,0.376839957288
1,1,215,0.849818013528,0.757057895347,0.150915512589
1,1,216,0.852720215628,0.775162998794,0.537137827625
1,1,217,0.837108607769,0.730958674103,0.219170873228
1,1,218,0.841275640344,0.73316459887,0.185073568661
1,1,219,0.857768548448,0.773149682781,0.085154398335
1,1,220,0.865863148867,0.785471655464,0.263112172015
1,1,221,0.839397335841,0.749880821261,0.368055659755
1,1,222,0.816856504212,0.707788666663,0.158544855506
1,1,223,0.817356269805,0.728912155005,0.408371016866
1,1,224,0.846869741707,0.758823371772,0.32397863006
1,1,225,0.822535977294,0.721113280889,0.0544235369949
1,1,226,0.864010684482,0.777417612187,0.28890966992
1,1,227,0.816776881712,0.724086832429,0.370381148135
1,1,228,0.854443184681,0.761716821982,0.171895912238
1,1,229,0.847237448698,0.744805145707,0.148924798614
1,1,230,0.851492372097,0.770866267409,0.433398618877
1,1,231,0.789549460177,0.671886639477,0.122728569505
1,1,232,0.879956384932,0.80227544806,0.315241078342
1,1,233,0.853388034188,0.758169630713,0.226529331156
1,1,234,0.834604186503,0.760313521954,0.36443480365
1,1,235,0.851780041909,0.753772332114,0.199883968182
1,1,236,0.864246209262,0.792697500664,0.221311654287
1,1,237,0.853668917359,0.779377860114,0.607904473271
1,1,238,0.848783854255,0.74382166792,0.257549953659
1,1,239,0.886466554017,0.821374693288,0.407819150292
1,1,240,0.858150028954,0.767393516721,0.154182991732
1,1,241,0.863403592311,0.776841263788,0.313808216945
1,1,242,0.853828825648,0.762358370725,0.361961677256
1,1,243,0.827829560447,0.727500826333,0.21907461723
1,1,244,0.861632138895,0.775825193158,0.130327847477
1,1,245,0.85857915501,0.778160422598,0.229839965995
1,1,246,0.864256156737,0.782546621729,0.0944524496326
1,1,247,0.841686891592,0.761041702672,0.147021146565
1,1,248,0.849046284866,0.759184608126,0.238088050079
1,1,249,0.838764648438,0.740447392377,0.170464789142
1,1,250,0.855375814096,0.784381392082,0.451387965496
1,1,251,0.853004027676,0.756275902841,0.194001082001
1,1,252,0.859932465792,0.794948337403,0.696190660613
1,1,253,0.85989454444,0.784951821837,0.423936420329
1,1,254,0.84446118249,0.751246529784,0.284638248464
1,1,255,0.853494314482,0.762287016886,0.0826791427072
1,1,256,0.858302340544,0.77189824202,0.273787176426
1,1,257,0.854375256057,0.768083055724,0.325891151805
1,1,258,0.859159813211,0.779368494789,0.311112943833
1,1,259,0.827584681882,0.732851513285,0.359900356238
1,1,260,0.867805242263,0.789759020517,0.329127825591
1,1,261,0.85353857202,0.764751024621,0.446023654967
1,1,262,0.882736560206,0.828214816242,0.78219777978
1,1,263,0.855892084182,0.778219088346,0.183881482605
1,1,264,0.859500131573,0.786448582369,0.292404604184
1,1,265,0.8474520183,0.7665624901,0.342106811225
1,1,266,0.860083937849,0.769451209927,0.160080534858
1,1,267,0.851678206906,0.757619408879,0.0390680242279
1,1,268,0.84214882,0.768907781116,0.300613787221
1,1,269,0.851466412133,0.771930562297,0.228397522625
1,1,270,0.843131490369,0.750163129512,0.387525776525
1,1,271,0.845471109531,0.756177767653,0.0347043349493
1,1,272,0.852064394964,0.761471070211,0.325085204418
1,1,273,0.841771700357,0.734958739743,0.221493876346
1,1,274,0.860551064852,0.786779931638,0.39009435267
1,1,275,0.850322059096,0.759400558348,0.354530178359
1,1,276,0.828883725625,0.726962951796,0.250053858223
1,1,277,0.867054598188,0.792385819248,0.263466580018
1,1,278,0.847807518695,0.774342507326,0.285170710153
1,1,279,0.872480904913,0.794261865198,0.20759756991
1,1,280,0.823484475143,0.723216786631,0.236046419382
1,1,281,0.857478996009,0.78344620174,0.602631452563
1,1,282,0.866100451943,0.784818614486,0.172394408962
1,1,283,0.860582896986,0.780973861317,0.205876847844
1,1,284,0.866059645232,0.789433284261,0.497749304587
1,1,285,0.85516042594,0.77852970556,0.151608464656
1,1,286,0.829425518618,0.730197037979,0.0681709189243
1,1,287,0.824544235684,0.727365032246,0.0857367395699
1,1,288,0.835365438901,0.743685794437,0.385289687547
1,1,289,0.837966995872,0.747220298565,0.181637250768
1,1,290,0.766293474915,0.652273338893,0.245036756843
1,1,291,0.846242407404,0.75647185394,0.0685208804401
1,1,292,0.826574181362,0.729655213837,0.436056050718
1,1,293,0.843290036656,0.761681209773,0.431847476981
1,1,294,0.888252018653,0.83817056557,0.669945239912
1,1,295,0.845367823216,0.769463799112,0.280938610122
1,1,296,0.860300666892,0.782622036811,0.273119420677
1,1,297,0.842156971632,0.757668278865,0.427019683201
1,1,298,0.858316819005,0.77665542042,0.136444327659
1,1,299,0.868274734104,0.793780336082,0.286870795287
1,1,300,0.853354809116,0.774012615346,0.535440385759
1,1,301,0.853200553028,0.772465792829,0.197751616943
1,1,302,0.851238633423,0.765784908137,0.251051664766
1,1,303,0.858570909476,0.800324912316,0.687071223578
1,1,304,0.872545367372,0.79846025156,0.237471511442
1,1,305,0.854427100869,0.781798530114,0.310077491138
1,1,306,0.860412417068,0.769335998161,0.3123363894
1,1,307,0.846918036335,0.752425311509,0.331556531673
1,1,308,0.870450619143,0.795996170866,0.325430539535
1,1,309,0.860349245254,0.788503704956,0.201198462703
1,1,310,0.865501437461,0.78758378144,0.416811696058
1,1,311,0.859317406141,0.780729369475,0.273704351709
1,1,312,0.818685121107,0.718510846756,0.204393424922
1,1,313,0.837322190078,0.75336844418,0.337181069498
1,1,314,0.838182455229,0.750809632844,0.294062577273
1,1,315,0.771074222285,0.641252112622,0.0970337298734
1,1,316,0.771514032447,0.663504052569,0.19431747648
1,1,317,0.866776170996,0.792106492431,0.214555867187
1,1,318,0.851427515555,0.77969784465,0.44433338452
1,1,319,0.851112104481,0.778328221597,0.371969275812
1,1,320,0.857518275196,0.777745706531,0.433101483826
1,1,321,0.868181898304,0.78542141465,0.173298534067
1,1,322,0.849191218222,0.754377822793,0.146784700902
1,1,323,0.857667339268,0.773785299785,0.325526708167
1,1,324,0.849732890791,0.75582118957,0.272350183573
1,1,325,0.824680335097,0.710236524543,0.195743546687
1,1,326,0.82513850642,0.732785331092,0.314845032705
1,1,327,0.865176659005,0.785787401472,0.339684124872
1,1,328,0.834357307012,0.744854992235,0.220614515065
1,1,329,0.851463882264,0.766540855289,0.385672755545
1,1,330,0.853145472986,0.772330684032,0.296298051713
1,1,331,0.820534393036,0.722960631244,0.308657672174
1,1,332,0.808879638588,0.701740737001,0.220610536268
1,1,333,0.850379615624,0.765654535344,0.465194937529
1,1,334,0.840282691355,0.744697545266,0.254510975628
1,1,335,0.846399052304,0.768491391881,0.418656413856
1,1,336,0.797137560014,0.681400722362,0.203210652193
1,1,337,0.846184919021,0.761048926329,0.144548276211
1,1,338,0.843500752775,0.77186493854,0.513744253802
1,1,339,0.867549716405,0.798896190903,0.403749217393
1,1,340,0.860749363748,0.79083400584,0.558571665431
1,1,341,0.846128308894,0.75828731069,0.428888346005
1,1,342,0.853714223476,0.771158919081,0.36458942275
1,1,343,0.844643698746,0.761407739342,0.353731262451
1,1,344,0.842905569018,0.754505996536,0.120797441876
1,1,345,0.854364019919,0.772237810813,0.225303519477
1,1,346,0.846009725905,0.76663671552,0.24502025433
1,1,347,0.853346067679,0.775585623235,0.336733369205
1,1,348,0.875404838851,0.815148982772,0.605756641294
1,1,349,0.856715604852,0.768553509308,0.217403068137
1,1,350,0.840962704172,0.736356607505,0.367374858
1,1,351,0.843247808619,0.766320815828,0.517039801412
1,1,352,0.858495121964,0.778913640003,0.344275975956
1,1,353,0.835943138029,0.73919166936,0.418134549865
1,1,354,0.836570001412,0.740506468459,0.188380705249
1,1,355,0.868633464957,0.793356889308,0.248707953356
1,1,356,0.837262494165,0.74660423431,0.302222400874
1,1,357,0.86348598149,0.764697832175,0.20301098503
1,1,358,0.850243565508,0.760691462749,0.321954061474
1,1,359,0.872267570185,0.803914934802,0.485884634981
1,1,360,0.833120277567,0.717819624596,0.0119317869171
1,1,361,0.800520597555,0.685381610219,0.198624668046
1,1,362,0.873782875938,0.808084207276,0.398555682546
1,1,363,0.844134643033,0.763069273488,0.459544766357
1,1,364,0.801044069589,0.68994729072,0.29666693269
1,1,365,0.866627730683,0.784280793448,0.444814976991
1,1,366,0.848586956522,0.758715286134,0.442563846297
1,1,367,0.816353749872,0.746364465893,0.566785330661
1,1,368,0.780524985128,0.692245256211,0.340379214537
1,1,369,0.810327123703,0.709183224719,0.300342466617
1,1,370,0.824376636392,0.729601785677,0.157244378853
1,1,371,0.870815824021,0.788218840869,0.500046706444
1,1,372,0.868800133839,0.787602613704,0.331301883662
1,1,373,0.851579929828,0.774704556936,0.437057619562
1,1,374,0.845027624486,0.746781585354,0.136500557905
1,1,375,0.875382114561,0.804549376451,0.267248092229
1,1,376,0.85127490965,0.762019069012,0.233485699671
1,1,377,0.853316326531,0.764117922871,0.50768755432
1,1,378,0.859031999492,0.77870773896,0.428201386331
1,1,379,0.85996334722,0.765594379429,0.297951559409
1,1,380,0.841377977223,0.746058919709,0.276737016415
1,1,381,0.87069395495,0.808001335324,0.609620225316
1,1,382,0.873192843511,0.793976712882,0.277647068811
1,1,383,0.838718065724,0.742533747803,0.0857204049888
1,1,384,0.85030256415,0.766295492783,0.296641691866
1,1,385,0.868972064618,0.794349351283,0.374373473992
1,1,386,0.859404475738,0.775625861816,0.264708512947
1,1,387,0.852024429097,0.771918558514,0.532200218048
1,1,388,0.863731656994,0.78258149006,0.381673261094
1,1,389,0.875385110369,0.800358461562,0.464692788872
1,1,390,0.846513172518,0.765022956711,0.338133963246
1,1,391,0.868885769248,0.793028508104,0.356311566587
1,1,392,0.867263079745,0.769552744041,0.115321732665
1,1,393,0.876624960349,0.814865591751,0.501661304556
1,1,394,0.834184404472,0.752969951437,0.512143374388
1,1,395,0.848011597567,0.76820983433,0.204907099638
1,1,396,0.874793890068,0.810549340739,0.507805973941
1,1,397,0.844566571734,0.753222058536,0.294773970459
1,1,398,0.857300457368,0.775173359442,0.384272107027
1,1,399,0.85538557365,0.776139185255,0.273175177129
1,1,400,0.837552501826,0.738317800064,0.159935148202
1,1,401,0.854242763703,0.769793764502,0.485322321492
1,1,402,0.857402985253,0.777872033419,0.413782454026
1,1,403,0.84297708642,0.751223089022,0.178945653911
1,1,404,0.872572478783,0.807203501653,0.43247390432
1,1,405,0.845066710239,0.753697938087,0.342457563732
1,1,406,0.842164239721,0.748890321651,0.33052816115
1,1,407,0.845714030259,0.764989609698,0.382714766061
1,1,408,0.867430150514,0.783060142423,0.248712956712
1,1,409,0.90381063916,0.846067374933,0.697025398209
1,1,410,0.825437750727,0.733798614073,0.423316643943
1,1,411,0.838476497564,0.748995657363,0.197814024142
1,1,412,0.868366760185,0.791343013694,0.412310577416
1,1,413,0.850748152708,0.775104655315,0.364944091758
1,1,414,0.845671504773,0.759047017109,0.200981744101
1,1,415,0.851909811521,0.758970448199,0.270560954985
1,1,416,0.840919066235,0.744066793144,0.181839338697
1,1,417,0.849620041089,0.760623489843,0.203343897341
1,1,418,0.838528270112,0.751492881857,0.211775660128
1,1,419,0.831035990946,0.751188157426,0.448217271659
1,1,420,0.838101370248,0.752931001116,0.266018671713
1,1,421,0.860944199575,0.787050823085,0.600315019401
1,1,422,0.852226754713,0.770772134252,0.101839840668
1,1,423,0.878985230193,0.79447024643,0.50686936983
1,1,424,0.836409768552,0.747309655299,0.370078650378
1,1,425,0.864380153293,0.778302657147,0.263691170491
1,1,426,0.857007107987,0.764106135345,0.257866492649
1,1,427,0.880477760075,0.817703380452,0.378322118574
1,1,428,0.878121070052,0.796311375266,0.304490997105
1,1,429,0.854668365737,0.761930800803,0.140082851892
1,1,430,0.849563649502,0.769781181308,0.37534917647
1,1,431,0.844965706447,0.766575779258,0.539298966996
1,1,432,0.880517134051,0.80448550905,0.46210838384
1,1,433,0.858345348695,0.771637899442,0.383442153904
1,1,434,0.856465363305,0.775314876412,0.364325915653
1,1,435,0.881092990105,0.808218927081,0.335954678756
1,1,436,0.888809920596,0.854516224241,0.831424413645
1,1,437,0.841976741446,0.746357827086,0.292080388257
1,1,438,0.844474614378,0.766451978351,0.487666958494
1,1,439,0.84487269609,0.750013832277,0.192101189589
1,1,440,0.828051815956,0.738960756721,0.125038652502
1,1,441,0.87948461538,0.803404351734,0.100810166084
1,1,442,0.850520064135,0.765618869986,0.39356516732
1,1,443,0.8599716002,0.785637458909,0.348309093824
1,1,444,0.865759513758,0.788394887776,0.452660202971
1,1,445,0.838808534114,0.757895397085,0.328455033937
1,1,446,0.869667079354,0.801333106478,0.471625440075
1,1,447,0.839870579456,0.747879460666,0.33822201299
1,1,448,0.828138516436,0.746919029581,0.47061785469
1,1,449,0.865384535066,0.787551094839,0.457994769397
1,1,450,0.838979235556,0.760052759053,0.390999494859
1,1,451,0.867412707648,0.788580092437,0.352460915802
1,1,452,0.83354547364,0.723528776611,0.173177293157
1,1,453,0.833731505027,0.73989593805,0.409088027122
1,1,454,0.87254366185,0.79440267123,0.373022233513
1,1,455,0.843977028295,0.757197753569,0.419233963573
1,1,456,0.838684224263,0.74385883279,0.193560270758
1,1,457,0.850520530867,0.770085322435,0.190957844781
1,1,458,0.836917561493,0.748022421398,0.304277033474
1,1,459,0.858623365823,0.77235238506,0.195063545938
1,1,460,0.802311784638,0.680656786613,0.0823101424231
1,1,461,0.851933092665,0.7693408842,0.404546494635
1,1,462,0.867945969015,0.778878362175,0.315678500707
1,1,463,0.852403770938,0.778011778481,0.557454787691
1,1,464,0.850588803413,0.758785089795,0.183819101058
1,1,465,0.848069001107,0.77519655456,0.582554299251
1,1,466,0.848186330008,0.773278275845,0.356507195306
1,1,467,0.843876784373,0.751486893289,0.271140267539
1,1,468,0.858534583143,0.784096341958,0.567038456834
1,1,469,0.831074586697,0.761707990892,0.626802809995
1,1,470,0.837981275955,0.738294231864,0.112479638422
1,1,471,0.833058150773,0.738239428089,0.298813083821
1,1,472,0.836470839831,0.757515721685,0.467545834145
1,1,473,0.861650355229,0.785466486838,0.559082056594
1,1,474,0.844772866952,0.769754734091,0.507898407937
1,1,475,0.850471729726,0.764521241135,0.310199470408
1,1,476,0.838287233974,0.750820866744,0.43208165218
1,1,477,0.830465051903,0.724652983133,0.276945901137
1,1,478,0.87556829181,0.800464958633,0.295570677529
1,1,479,0.819563905236,0.722826095165,0.447135069044
1,1,480,0.843629533502,0.74487678188,0.161085952877
1,1,481,0.864946041858,0.773369176379,0.303668116745
1,1,482,0.842271833773,0.753247159351,0.176754444227
1,1,483,0.847464751384,0.762692783222,0.412551547699
1,1,484,0.860885282007,0.782509416026,0.676934958508
1,1,485,0.845249902445,0.758315857317,0.564468267299
1,1,486,0.851954201102,0.780724167683,0.469676548396
1,1,487,0.834588290089,0.733560915811,0.167499906244
1,1,488,0.871113343469,0.797407847387,0.323826798585
1,1,489,0.841930959645,0.744654157258,0.406811369077
1,1,490,0.867447450278,0.778684943978,0.369420013759
1,1,491,0.846786656468,0.757391757248,0.180225107713
1,1,492,0.842602972448,0.758446057602,0.454061755336
1,1,493,0.84094839386,0.763324684314,0.533727348077
1,1,494,0.844337911012,0.77026239774,0.389752978238
1,1,495,0.825606951906,0.730538097124,0.257061496041
1,1,496,0.830012101953,0.73635997887,0.400090906862
1,1,497,0.852425427466,0.76722949328,0.472139572263
1,1,498,0.856941295913,0.782990973376,0.492579232654
1,1,499,0.8601156662,0.787768136332,0.583918661906
1,1,500,0.858512971412,0.776291332164,0.420738515329
1,1,501,0.828129398438,0.740546333043,0.315311377838
1,1,502,0.833393351801,0.753343817478,0.502880145431
1,1,503,0.866226403267,0.79497977061,0.3971809993
1,1,504,0.845888742936,0.748556188978,0.21756052689
1,1,505,0.865647719996,0.782701473669,0.338088937121
1,1,506,0.84501783591,0.750296411241,0.474908770919
1,1,507,0.868153121081,0.785727319508,0.147491233453
1,1,508,0.837066743624,0.779053013721,0.749945281224
1,1,509,0.802603312793,0.712011158612,0.399382987039
1,1,510,0.857531820178,0.773700546024,0.273197090119
1,1,511,0.832895622896,0.749044542842,0.473228336496
1,1,512,0.846827444595,0.774155247013,0.482523178892
1,1,513,0.858435453392,0.781261980523,0.352781070766
1,1,514,0.884555836529,0.812479740474,0.288871369375
1,1,515,0.8493500085,0.763564191436,0.296209660079
1,1,516,0.868294741521,0.792831116284,0.29536857046
1,1,517,0.835737345041,0.732589370757,0.247549108585
1,1,518,0.835763416608,0.747240059781,0.298402048938
1,1,519,0.856587877075,0.77524227941,0.31455511426
1,1,520,0.838418481033,0.730204384897,0.297299805907
1,1,521,0.846572457155,0.754944351731,0.350660761536
1,1,522,0.798947704082,0.723697983731,0.480029449243
1,1,523,0.837218166843,0.749914094196,0.460686135172
1,1,524,0.852860488796,0.758199128427,0.256174280666
1,1,525,0.867928439528,0.785871652617,0.390297001001
1,1,526,0.813484915725,0.721752404212,0.463039832322
1,1,527,0.853304317831,0.757690219317,0.0541855985602
1,1,528,0.866391729567,0.783473739241,0.473108969136
1,1,529,0.831800286849,0.728307964831,0.0795742102285
1,1,530,0.855248182201,0.767886756101,0.431349372697
1,1,531,0.858807338426,0.782478526559,0.25381790961
1,1,532,0.856122749158,0.759950515103,0.230870978552
1,1,533,0.854002223243,0.773797370089,0.312839799224
1,1,534,0.788905325444,0.708496329114,0.455843222215
1,1,535,0.878233313683,0.801246004416,0.345127467622
1,1,536,0.872833844849,0.799195827506,0.511649698937
1,1,537,0.822717377735,0.712143835149,0.171230446052
1,1,538,0.836583840208,0.736616044762,0.292408618726
1,1,539,0.877267080745,0.792657770288,0.220247010775
1,1,540,0.852979758262,0.764408706556,0.367293692508
1,1,541,0.842780009633,0.763965604839,0.379418746955
1,1,542,0.85906875,0.765545824368,0.47899212989
1,1,543,0.850269625803,0.757706895153,0.303975620818
1,1,544,0.855544524989,0.767423097151,0.0910923392619
1,1,545,0.820916144117,0.71468518946,0.317117161966
1,1,546,0.857685723578,0.784985094687,0.581105720896
1,1,547,0.851152414882,0.765892645313,0.295735917368
1,1,548,0.847276343402,0.760552740065,0.271222565236
1,1,549,0.818975675448,0.725154007693,0.372275165504
1,1,550,0.843123919087,0.761545501914,0.307863103698
1,1,551,0.841593599224,0.75972224565,0.440496064527
1,1,552,0.85048185941,0.790345009598,0.561623591822
1,1,553,0.849954295735,0.7723902331,0.421255069328
1,1,554,0.896661498821,0.838818779782,0.643370220458
1,1,555,0.844685512413,0.762487139386,0.512879127431
1,1,556,0.885711669922,0.818363125766,0.617891831434
1,1,557,0.872093663912,0.796663040536,0.606757944149
1,1,558,0.833717451524,0.746259049055,0.419375604
1,1,559,0.849236258475,0.76149260085,0.329040190346
1,1,560,0.870505752452,0.805163331624,0.462622549364
1,1,561,0.834199063929,0.746376816509,0.340367812536
1,1,562,0.853746191982,0.759037156895,0.199105832076
1,1,563,0.804664222075,0.687675228063,0.115383614361
1,1,564,0.851188669825,0.749349382098,0.194429638952
1,1,565,0.847224878061,0.753387598334,0.238157689296
1,1,566,0.86516327699,0.789869315605,0.393264553005
1,1,567,0.841537097269,0.737744362574,0.0686570229038
1,1,568,0.835779927205,0.751084927217,0.530571899492
1,1,569,0.858410799593,0.781198038971,0.45987107484
1,1,570,0.833826446281,0.733691429982,0.137091464828
1,1,571,0.82815581854,0.763253061257,0.616192846751
1,1,572,0.811493153573,0.702111841178,0.153433685956
1,1,573,0.859865513148,0.774532614677,0.40376595728
1,1,574,0.851643654778,0.760798265218,0.362492897202
1,1,575,0.83525532526,0.743422681326,0.292403035262
1,1,576,0.861568993227,0.767001901611,0.179802601271
1,1,577,0.863898895763,0.780717757803,0.546640821035
1,1,578,0.863173535656,0.78443323561,0.390808174403
1,1,579,0.851197051005,0.769320776931,0.41079279025
1,1,580,0.798945375879,0.687337599162,0.332785634415
1,1,581,0.829717331072,0.736605304335,0.455438244225
1,1,582,0.873278158342,0.805857089535,0.565745408545
1,1,583,0.826718306947,0.716669551449,0.145661118697
1,1,584,0.862491497634,0.784048853496,0.173826769488
1,1,585,0.805949478289,0.711068750959,0.292756431388
1,1,586,0.796069821454,0.688718124196,0.212681662713
1,1,587,0.77990805841,0.665307524113,0.243493305814
1,1,588,0.82228044709,0.76238441915,0.711047569333
1,1,589,0.829461481317,0.73914849475,0.404882840772
1,1,590,0.836380100438,0.737772454432,0.147434387689
1,1,591,0.858997953174,0.780802601723,0.552090812202
1,1,592,0.805031304896,0.70276615128,0.394059639343
1,1,593,0.827402106631,0.749455466992,0.468069693466
1,1,594,0.845115130658,0.754364369629,0.275712909946
1,1,595,0.867574172448,0.790774144179,0.40632430762
1,1,596,0.80778526274,0.722956016864,0.555566670529
1,1,597,0.806481232644,0.705926599838,0.297388583992
1,1,598,0.864673290768,0.796000058724,0.636765194517
1,1,599,0.832337079442,0.744619161068,0.374980806807
1,1,600,0.789306077306,0.668868981633,0.150240843163
1,1,601,0.846861928747,0.759519040029,0.404769214241
1,1,602,0.858362870976,0.769181496295,0.326501686594
1,1,603,0.794389316252,0.676326462844,0.13499912653
1,1,604,0.840340073529,0.742077125914,0.231548420412
1,1,605,0.862670561323,0.772554562661,0.18776795551
1,1,606,0.825480054742,0.715385560946,0.0719074426317
1,1,607,0.854333598701,0.757814549126,0.402311044934
1,1,608,0.872769076334,0.795539969829,0.0881792010372
1,1,609,0.85515283309,0.769156953049,0.306692702088
1,1,610,0.83542717557,0.747563073898,0.322298052133
1,1,611,0.861292821847,0.773528633819,0.179237424353
1,1,612,0.870587885931,0.788768524522,0.386722351929
1,1,613,0.782041651257,0.659901194833,0.140936505824
1,1,614,0.855920256319,0.759732258613,0.309092125597
1,1,615,0.871358966024,0.782899832602,0.423314824374
1,1,616,0.799381320642,0.695302718126,0.30452783064
1,1,617,0.827397463902,0.74227640993,0.306532930662
1,1,618,0.847725219976,0.749432280052,0.250809276836
1,1,619,0.823075376698,0.718908124239,0.183591939797
1,1,620,0.843172660006,0.753451031287,0.467339369959
1,1,621,0.845565980873,0.752586870307,0.179311859337
1,1,622,0.872048260911,0.777172407526,0.265373913298
1,1,623,0.783686264308,0.673988033522,0.156243908504
1,1,624,0.856449124756,0.774510122772,0.306484848396
1,1,625,0.873198028268,0.801044136095,0.483506071562
1,1,626,0.829799245401,0.731344491254,0.237926406042
1,1,627,0.818753381947,0.706132955472,0.285840398581
1,1,628,0.811934532785,0.719324895027,0.257807368046
1,1,629,0.840159873287,0.758391726234,0.478661739655
1,1,630,0.8779144239,0.797300537382,0.417459203884
1,1,631,0.853250276399,0.766975748148,0.373455527416
1,1,632,0.878134765625,0.806810331723,0.584562543705
1,1,633,0.815000289051,0.728612686198,0.469609156384
1,1,634,0.852928801729,0.7926586637,0.7136262099
1,1,635,0.851840053255,0.761471378614,0.21135506875
1,1,636,0.866446147762,0.785161740824,0.231844148428
1,1,637,0.85791015625,0.763618625605,0.476192334044
1,1,638,0.863011264358,0.782163758511,0.52652293597
1,1,639,0.854063018242,0.764358168723,0.385864337515
1,1,640,0.835474687539,0.734589417794,0.207365963351
1,1,641,0.844757373114,0.762180583738,0.547308094384
1,1,642,0.868520212027,0.800182171731,0.596874107006
1,1,643,0.869389174712,0.777505479847,0.0529706707559
1,1,644,0.836952652189,0.75302477591,0.504541842461
1,1,645,0.819551963791,0.740122227695,0.530033328194
1,1,646,0.863010630639,0.778648532791,0.368145447922
1,1,647,0.807122986948,0.699486201927,0.167082797581
1,1,648,0.808539205156,0.71970346388,0.455101028612
1,1,649,0.84986484375,0.759656160067,0.316011425263
1,1,650,0.820795894514,0.717128272994,0.275887475103
1,1,651,0.864366741396,0.77976277,0.348608472771
1,1,652,0.821341333303,0.717919717819,0.248562783172
1,1,653,0.867413127545,0.786412804506,0.316572493278
1,1,654,0.865449345086,0.785285669893,0.595328532198
1,1,655,0.850195753702,0.763526036565,0.353400841967
1,1,656,0.879169570932,0.800648575797,0.342817740048
1,1,657,0.747380353605,0.613303520706,0.0538107832999
1,1,658,0.83994094215,0.75220954885,0.41715642736
1,1,659,0.828878343287,0.73682592853,0.453770052919
1,1,660,0.817312611541,0.713705903283,0.236368554975
1,1,661,0.781377320054,0.648783898775,0.0742125542367
1,1,662,0.821620941162,0.713930233349,0.264615865274
1,1,663,0.837919921875,0.728967923911,0.207703036423
1,1,664,0.790674718867,0.678455094767,0.214689519848
1,1,665,0.844249718618,0.749845747097,0.374715171719
1,1,666,0.84268008177,0.733786826742,0.174808661817
1,1,667,0.882389884808,0.800401384821,0.444600778491
1,1,668,0.852276458998,0.771473709415,0.228970509281
1,1,669,0.831677282508,0.736622180538,0.376663670534
1,1,670,0.824654334937,0.731120326235,0.386957325281
1,1,671,0.819622222222,0.736819033849,0.55034917411
1,1,672,0.833433096848,0.75063850929,0.469010579711
1,1,673,0.822221410352,0.71765051078,0.245023097001
1,1,674,0.828325513031,0.732017687896,0.239829145959
1,1,675,0.823104384058,0.708880901096,0.197864666209
1,1,676,0.791990325542,0.710556583194,0.447772498667
1,1,677,0.80604578564,0.712941824147,0.375294811924
1,1,678,0.817179386548,0.740336886785,0.515046897682
1,1,679,0.859373576555,0.770679142074,0.236894310716
1,1,680,0.866744890823,0.797247945406,0.355835043054
1,1,681,0.822481045539,0.703502101286,0.10354735601
1,1,682,0.822526123714,0.720008822842,0.247950510335
1,1,683,0.864306016524,0.807483438855,0.530172211193
1,1,684,0.728121395617,0.609263041174,0.108986303795
1,1,685,0.833934723111,0.735372570123,0.17153560101
1,1,686,0.83344891644,0.754710284845,0.533220859602
1,1,687,0.861946582164,0.775427787522,0.469955691364
1,1,688,0.754655278547,0.654030453159,0.323819745917
1,1,689,0.860870789597,0.778514236011,0.251790715856
1,1,690,0.848184172079,0.762504256319,0.198775753517
1,1,691,0.833551634895,0.738886550987,0.405730608028
1,1,692,0.828452773573,0.734714436405,0.428559372832
1,1,693,0.838452328543,0.727237099339,0.118695927777
1,1,694,0.866898463089,0.770190975699,0.309511847821
1,1,695,0.826043924969,0.726150907048,0.411352095853
1,1,696,0.859403946598,0.780000577308,0.464900604132
1,1,697,0.824334856221,0.740967533042,0.537168877549
1,1,698,0.793938148789,0.679591926344,0.21543552711
1,1,699,0.892476613702,0.829480597597,0.479629600089
1,1,700,0.836240135626,0.727497860478,0.190124350179
1,1,701,0.842760362279,0.780716009638,0.770821782488
1,1,702,0.83343100189,0.727006292141,0.318983583398
1,1,703,0.851156726108,0.775904689389,0.493081283999
1,1,704,0.764039669421,0.656461504673,0.233970748726
1,1,705,0.867029871605,0.769706847534,0.350559817951
1,1,706,0.831551346368,0.749732084314,0.50258327068
1,1,707,0.840449954086,0.767614528749,0.599368320127
1,1,708,0.807399878709,0.683938589935,0.202483270552
1,1,709,0.853634830638,0.782195960576,0.552957202592
1,1,710,0.846123662307,0.759558676219,0.456266517217
1,1,711,0.851789715599,0.76839319549,0.500902023293
1,1,712,0.852437519883,0.770493643509,0.395051753645
1,1,713,0.852017388686,0.795933077238,0.680665958927
1,1,714,0.829006574142,0.717610599893,0.320089197418
1,1,715,0.86173553719,0.770099787392,0.488998077134
1,1,716,0.85356625271,0.751379521359,0.223710686955
1,1,717,0.882812901482,0.832776989144,0.613299098994
1,1,718,0.836041666667,0.752087193976,0.545755014001
1,1,719,0.838056101142,0.750685436861,0.532440208886
1,1,720,0.83568330399,0.744361937616,0.253479669966
1,1,721,0.863691600607,0.77075009271,0.263413786605
1,1,722,0.811189294128,0.719426082034,0.387265114125
1,1,723,0.853034014293,0.770109799483,0.506621110129
1,1,724,0.799236111111,0.687094287741,0.252046114284
1,1,725,0.85249754926,0.759302103871,0.228022531865
1,1,726,0.800925237812,0.676878346036,0.22504883069
1,1,727,0.826482497736,0.720975863955,0.3679369161
1,1,728,0.854696963852,0.783814570265,0.603488315826
1,1,729,0.834146422225,0.745839672369,0.349861936258
1,1,730,0.855240635054,0.758236208167,0.23634331191
1,1,731,0.844341140409,0.785859998842,0.769074126152
1,1,732,0.84408856135,0.773679620116,0.582720453281
1,1,733,0.853890409612,0.777438105059,0.628004308506
1,1,734,0.86348647994,0.777019074343,0.351181932443
1,1,735,0.856305642271,0.762951591861,0.489099174811
1,1,736,0.820458381212,0.72339440702,0.296720145814
1,1,737,0.828363275965,0.744182372568,0.369148901644
1,1,738,0.855129821371,0.760845387196,0.257329622345
1,1,739,0.83457654321,0.743236435756,0.412963684004
1,1,740,0.785172413793,0.662185111081,0.184774786271
1,1,741,0.813742971678,0.698406542137,0.251163649301
1,1,742,0.854809172021,0.753699902681,0.166999915067
1,1,743,0.737387543253,0.619476346397,0.165347675466
1,1,744,0.826334500218,0.724634062078,0.229995868595
1,1,745,0.842057142857,0.757903039919,0.550158336301
1,1,746,0.843448837868,0.747005677552,0.311263716002
1,1,747,0.832294721408,0.740837446618,0.271842562618
1,1,748,0.877781238875,0.814031342894,0.653036944367
1,1,749,0.849553056517,0.792948398367,0.691310226114
1,1,750,0.791612688631,0.676602448249,0.261938366818
1,1,751,0.8119189148,0.723472871024,0.452545273823
1,1,752,0.84061292299,0.751355471384,0.369923038413
1,1,753,0.830037894724,0.738269724814,0.470756582384
1,1,754,0.856399161153,0.797107368067,0.716597334632
1,1,755,0.844201793176,0.738560346161,0.11816625924
1,1,756,0.858366989053,0.767946255683,0.397294157502
1,1,757,0.844786680541,0.760496775002,0.501791072164
1,1,758,0.813676268861,0.726037771378,0.486035567792
1,1,759,0.826371618106,0.734716391409,0.314519420242
1,1,760,0.784129173597,0.683979767062,0.330534498163
1,1,761,0.847258642011,0.771204903731,0.515319088233
1,1,762,0.765712626182,0.657136535924,0.288093790674
1,1,763,0.864621378135,0.788413295081,0.578001962127
1,1,764,0.845337274926,0.763799279104,0.474382207881
1,1,765,0.830894087486,0.73010953024,0.328594972187
1,1,766,0.817006519392,0.710880924351,0.293181068516
1,1,767,0.849227163205,0.782867285133,0.611149280826
1,1,768,0.882666206997,0.837242249041,0.828916179906
1,1,769,0.833471521571,0.728550659834,0.16096157846
1,1,770,0.809139784946,0.710237593146,0.363656246075
1,1,771,0.804962050936,0.696087440606,0.216376099875
1,1,772,0.842137423017,0.747608473625,0.361815005813
1,1,773,0.835754277201,0.756736850598,0.58023063548
1,1,774,0.817955555556,0.730192641121,0.474826631728
1,1,775,0.799613877196,0.693259342423,0.254847253113
1,1,776,0.86148904006,0.801631628953,0.665807708474
1,1,777,0.777130643644,0.651898577595,0.105299372533
1,1,778,0.831879894668,0.724451780576,0.270972263694
1,1,779,0.818027767889,0.71583665508,0.282491887174
1,1,780,0.840875470976,0.737537451531,0.285039257846
1,1,781,0.763106508876,0.636140164394,0.146540151922
1,1,782,0.821658447398,0.717301241747,0.252815731363
1,1,783,0.793720733611,0.681981595217,0.308478048539
1,1,784,0.828402043847,0.719097199286,0.199770697536
1,1,785,0.821215755586,0.709132571475,0.119542500124
1,1,786,0.817191582515,0.704094591077,0.192285507644
1,1,787,0.853484429678,0.756458909528,0.318473032453
1,1,788,0.859141051422,0.76325118639,0.29747473499
1,1,789,0.83421436751,0.731938843799,0.334211427469
1,1,790,0.870875091339,0.798990934854,0.503836331848
1,1,791,0.848307767227,0.78062356222,0.652778754133
1,1,792,0.770162174008,0.637432565467,0.128809653734
1,1,793,0.879312625306,0.825213918038,0.772213486854
1,1,794,0.771162903031,0.683226264098,0.434245308594
1,1,795,0.813184534874,0.70128384439,0.281443389421
1,1,796,0.869515179768,0.775362717436,0.475276963932
1,1,797,0.784916311886,0.676351333585,0.168904184603
1,1,798,0.873860356527,0.787447211496,0.260244564966
1,1,799,0.840918314256,0.757145143361,0.5056065839
1,1,800,0.800390614513,0.693763367114,0.301946550155
1,1,801,0.821753902663,0.760285258907,0.691311440639
1,1,802,0.817607023278,0.728505864997,0.492277361357
1,1,803,0.828168189431,0.745598383677,0.477501314471
1,1,804,0.875662840161,0.781809022775,0.501834456847
1,1,805,0.802684888153,0.696903059911,0.275967912903
1,1,806,0.819444444444,0.708893925871,0.311562129176
1,1,807,0.806958164012,0.716346144487,0.355493798494
1,1,808,0.798250513223,0.677704158168,0.201060208174
1,1,809,0.851859270431,0.7601821998,0.466225401452
1,1,810,0.888772067094,0.832798565436,0.754574782676
1,1,811,0.8379538492,0.749939464841,0.458887975108
1,1,812,0.798741449488,0.692687818567,0.275855413731
1,1,813,0.77813490997,0.65365449883,0.104546715742
1,1,814,0.846858738904,0.776237226056,0.514733623267
1,1,815,0.772831994329,0.693606960848,0.573283393714
1,1,816,0.837702005858,0.751179993301,0.415557613173
1,1,817,0.840164239001,0.766638209393,0.551049856893
1,1,818,0.907880853827,0.865446708005,0.820140917714
1,1,819,0.859667159763,0.791339424507,0.690553206468
1,1,820,0.880257449174,0.823816725735,0.67647234015
1,1,821,0.763440654085,0.635442891711,0.0437216201974
1,1,822,0.783273635592,0.670329694654,0.308898637527
1,1,823,0.773110479365,0.69974389561,0.530282643655
1,1,824,0.893320225316,0.839886234795,0.827710889291
1,1,825,0.821922155566,0.744893572636,0.566674506559
1,1,826,0.849513655069,0.759693656156,0.439058934211
1,1,827,0.855226249664,0.778931724325,0.541332728948
1,1,828,0.804844717759,0.689662903886,0.197538968376
1,1,829,0.822801457914,0.72423409147,0.360195860852
1,1,830,0.878286210317,0.810241582313,0.592001574133
1,1,831,0.810446768239,0.705318543611,0.201913893624
1,1,832,0.846211904825,0.756916868787,0.366973298278
1,1,833,0.814879915069,0.717528618874,0.38055265811
1,1,834,0.82999165336,0.73054835344,0.456690386673
1,1,835,0.834203,0.742601330266,0.323614290334
1,1,836,0.855222296983,0.800203618189,0.786581994473
1,1,837,0.846530443969,0.75708894403,0.43793303967
1,1,838,0.752062277051,0.668677317357,0.391810069686
1,1,839,0.801856,0.688023851225,0.179640415078
1,1,840,0.854685339175,0.77179707315,0.372356526261
1,1,841,0.735074266975,0.623915376274,0.260587417109
1,1,842,0.812736294896,0.732645572334,0.440619601325
1,1,843,0.676303854875,0.570126143757,0.173571634177
1,1,844,0.822400644801,0.710836769333,0.141383271108
1,1,845,0.832426188425,0.754603085017,0.584190845325
1,1,846,0.819596142576,0.711428247237,0.325045969036
1,1,847,0.915353917244,0.872983532642,0.776411022428
1,1,848,0.87078300708,0.774169117539,0.203963288874
1,1,849,0.777526663745,0.656107480004,0.133739856205
1,1,850,0.851510018974,0.774702293059,0.5342485218
1,1,851,0.875109259367,0.824218589606,0.701989357148
1,1,852,0.837188027773,0.739158699297,0.372886831308
1,1,853,0.816693933591,0.721454268344,0.457009942874
1,1,854,0.783769063181,0.671278842968,0.266225201417
1,1,855,0.844208,0.740127301107,0.321202336606
1,1,856,0.852301124531,0.767987709341,0.366095610912
1,1,857,0.918759130752,0.88665971549,0.811068250119
1,1,858,0.872474747475,0.811646013296,0.707087350486
1,1,859,0.818531709559,0.723113929772,0.390321872637
1,1,860,0.851840505833,0.752726726577,0.326232157942
1,1,861,0.855463059313,0.784140998672,0.577812038229
1,1,862,0.768541666667,0.643515530162,0.195887942144
1,1,863,0.801866666667,0.688704449836,0.167029548558
1,1,864,0.723556514067,0.617613425753,0.24606315256
1,1,865,0.782135163524,0.689489504589,0.427750075371
1,1,866,0.861572592254,0.799650770427,0.669188500392
1,1,867,0.865286811091,0.797177339443,0.609899244778
1,1,868,0.844988907517,0.771443194522,0.592507897537
1,1,869,0.805142922522,0.698359943044,0.312923228481
1,1,870,0.850056183489,0.756047575113,0.468876520593
1,1,871,0.864090193901,0.784202735898,0.531028966411
1,1,872,0.860361028211,0.779101235602,0.524462768615
1,1,873,0.787868278504,0.665594936123,0.160347560624
1,1,874,0.746316869943,0.628634201093,0.13857305031
1,1,875,0.857737083206,0.76105975203,0.248043416331
1,1,876,0.8040625,0.701254848019,0.341010855279
1,1,877,0.817764371409,0.705482636198,0.218392914364
1,1,878,0.756096475614,0.640043289947,0.238069687921
1,1,879,0.841524364848,0.769224222337,0.598219616672
1,1,880,0.817761479592,0.740271629868,0.569556181523
1,1,881,0.844395310155,0.746095959244,0.442509363716
1,1,882,0.816373073293,0.725280577604,0.489272644702
1,1,883,0.838050051789,0.736276363181,0.327539312935
1,1,884,0.807691786024,0.711219776214,0.451579659842
1,1,885,0.795910918443,0.7078229456,0.339814821985
1,1,886,0.792662229935,0.682961725469,0.22781432344
1,1,887,0.844114116235,0.763758646288,0.519390800787
1,1,888,0.807688640567,0.701132407489,0.264211884163
1,1,889,0.815996175125,0.737589644588,0.526569569705
1,1,890,0.797712031558,0.686282534393,0.311795741777
1,1,891,0.838744133252,0.744707826054,0.363988700909
1,1,892,0.721093076702,0.633979843891,0.351186007341
1,1,893,0.780403781445,0.70398085649,0.512877803469
1,1,894,0.887466666667,0.841078482846,0.750430656076
1,1,895,0.844500099187,0.747438700424,0.422095845186
1,1,896,0.840006925208,0.754849425804,0.529422712674
1,1,897,0.860113378685,0.781651111266,0.545490263178
1,1,898,0.79099112426,0.693430521557,0.396444834784
1,1,899,0.811575979271,0.711981880858,0.423888779072
1,1,900,0.787818908691,0.69525817442,0.400899822089
1,1,901,0.843028624192,0.752711268913,0.461324321697
1,1,902,0.80723786157,0.717069501314,0.458363542312
1,1,903,0.767628205128,0.666726419626,0.344378260129
1,1,904,0.826997743211,0.732023031197,0.347160367889
1,1,905,0.823449583581,0.750337714948,0.583558738179
1,1,906,0.851316026681,0.760895847695,0.471566839588
1,1,907,0.7865671323,0.668446353894,0.210999556495
1,1,908,0.81240343119,0.712860681841,0.369254940122
1,1,909,0.859093694033,0.756665590189,0.337054403772
1,1,910,0.871922030368,0.832020314311,0.889983773158
1,1,911,0.85570720663,0.789703699609,0.65903273411
1,1,912,0.836575963719,0.77688949478,0.643593246759
1,1,913,0.881064646202,0.778419746492,0.414289660983
1,1,914,0.776853405254,0.713302208616,0.657202141166
1,1,915,0.858248739694,0.796541914567,0.692277555246
1,1,916,0.78602912153,0.686597479833,0.386060852325
1,1,917,0.737552290583,0.6265414113,0.26977960776
1,1,918,0.81504313151,0.737427174748,0.523951504023
1,1,919,0.829413705345,0.733873690851,0.506145107991
1,1,920,0.78914689429,0.705935607583,0.458992531338
1,1,921,0.793195266272,0.690669777969,0.367060195665
1,1,922,0.852322576768,0.769569429329,0.544571654826
1,1,923,0.859495563272,0.757820104048,0.420161460413
1,1,924,0.791226612871,0.685758989077,0.298525756247
1,1,925,0.808916881571,0.727422538729,0.452260287914
1,1,926,0.827990929939,0.740657015783,0.446347092097
1,1,927,0.770331977147,0.686841684614,0.437597353191
1,1,928,0.81875,0.743571254343,0.539863695375
1,1,929,0.817858102661,0.706455228417,0.384935132422
1,1,930,0.850618568621,0.752992084087,0.43630556073
1,1,931,0.845756439831,0.763581435022,0.543799099429
1,1,932,0.875827201629,0.818982796509,0.704541998511
1,1,933,0.748110355253,0.640612716199,0.239493101736
1,1,934,0.787775404454,0.658710836224,0.196986767997
1,1,935,0.795185066496,0.687012686432,0.320175062869
1,1,936,0.783367895183,0.688447249638,0.399035193418
1,1,937,0.833560667121,0.760371346988,0.625625985648
1,1,938,0.798211415478,0.717276777509,0.476875936722
1,1,939,0.797690972222,0.719792610548,0.488754787677
1,1,940,0.817511154678,0.705272212659,0.325251142283
1,1,941,0.802138447972,0.714289892111,0.447173395681
1,1,942,0.822573964497,0.69567424918,0.245096047763
1,1,943,0.832455556426,0.721563431253,0.183852837719
1,1,944,0.839625,0.76156433571,0.55784973631
1,1,945,0.809779423518,0.706230189863,0.347034068012
1,1,946,0.857422436082,0.782880707277,0.538444851529
1,1,947,0.854814049587,0.784086760332,0.675519416225
1,1,948,0.780658275785,0.671260297469,0.359437859613
1,1,949,0.86511659808,0.808884777898,0.674755916838
1,1,950,0.904323105578,0.861319036422,0.811236053596
1,1,951,0.837950476757,0.737038165588,0.428989671948
1,1,952,0.719200678669,0.594129339015,0.164818106366
1,1,953,0.843192041522,0.768651099554,0.603707095682
1,1,954,0.834538567493,0.743632429016,0.426341263903
1,1,955,0.80791989076,0.693677849784,0.251436364853
1,1,956,0.826695443218,0.753992648314,0.620790022728
1,1,957,0.850721921422,0.757000293626,0.452105301604
1,1,958,0.815572235573,0.729836015945,0.467339591523
1,1,959,0.764413769885,0.676474960521,0.445718589718
1,1,960,0.824941128412,0.72207871864,0.333459452449
1,1,961,0.775004691312,0.665661991735,0.254735382924
1,1,962,0.785528772015,0.678943454874,0.352697289521
1,1,963,0.825495340277,0.740517169911,0.499921007886
