0,1,0,0.844980607231,0.912952085852,1.0
1,0,0,0.993185158642,0.991891456389,1.0
0,0,0,0.872710557458,0.86841883194,0.953351521614
1,1,0,0.814486107064,0.744678066021,0.373975131077
1,1,1,0.830229026689,0.765673657196,0.338065299194
1,1,2,0.799292403746,0.721892908804,0.535321655441
1,1,3,0.803395206767,0.727505623224,0.29291656404
1,1,4,0.840254250354,0.779184302304,0.588810841088
1,1,5,0.805028375351,0.741953902255,0.50415336809
1,1,6,0.810046076171,0.737887194372,0.324047499803
1,1,7,0.836504347559,0.77340635744,0.309591814829
1,1,8,0.823881816655,0.753812427431,0.32045381047
1,1,9,0.816760666118,0.731687358295,0.363595288626
1,1,10,0.823309941315,0.720415163625,0.181127021214
1,1,11,0.794110456703,0.71877855242,0.425937068681
1,1,12,0.813439623899,0.740271852525,0.319749830084
1,1,13,0.803738525614,0.723997304804,0.371633113308
1,1,14,0.821949327181,0.744322582003,0.434088582109
1,1,15,0.828933087104,0.742901340739,0.272775960732
1,1,16,0.820740565386,0.74954173838,0.486211101904
1,1,17,0.814913995563,0.729143987316,0.315635578771
1,1,18,0.816802940113,0.752326747725,0.511329494092
1,1,19,0.788673372152,0.704456217241,0.212964307984
1,1,20,0.832387122671,0.751578091284,0.211715073944
1,1,21,0.788341875142,0.715296921127,0.375666665491
1,1,22,0.82980725315,0.755849689877,0.195655427522
1,1,23,0.820672186777,0.74843229305,0.426987405506
1,1,24,0.805924909124,0.72864151034,0.294150667137
1,1,25,0.821082787913,0.749509467261,0.440610798937
1,1,26,0.840696195013,0.776211539754,0.285125603316
1,1,27,0.793359624097,0.714763658316,0.461258915181
1,1,28,0.823492523589,0.754730961442,0.232408836698
1,1,29,0.834407047112,0.776558207061,0.605204916163
1,1,30,0.799813056933,0.72744810494,0.29301621632
1,1,31,0.827468897118,0.74475844926,0.248721798745
1,1,32,0.823051747689,0.752085542752,0.385914381543
1,1,33,0.801873876071,0.727477618461,0.449289628783
1,1,34,0.819713189405,0.740826818013,0.330793860441
1,1,35,0.801974117678,0.721723985544,0.419758288752
1,1,36,0.862769536579,0.802958874736,0.473222457849
1,1,37,0.814575095203,0.725030394696,0.427771596501
1,1,38,0.78840189846,0.706859371838,0.377815117371
1,1,39,0.817046005096,0.752893065792,0.390312581832
1,1,40,0.755835259536,0.652927608973,0.25210051494
1,1,41,0.825239561437,0.727978652185,0.0334161705083
1,1,42,0.825582560498,0.748548496427,0.488713668456
1,1,43,0.791742174523,0.692567852936,0.0886885167427
1,1,44,0.834643311365,0.762932105251,0.527199129923
1,1,45,0.793109653226,0.696813533204,0.326589179755
1,1,46,0.840008733309,0.770258429513,0.249885129358
1,1,47,0.777413517381,0.700124710763,0.456111777205
1,1,48,0.810128261856,0.724296438766,0.231632368186
1,1,49,0.807714351852,0.727380023085,0.419789881168
1,1,50,0.85011162926,0.77409302191,0.473609364515
1,1,51,0.851722564696,0.801853235374,0.793987820938
1,1,52,0.860663491728,0.793859863827,0.330919498506
1,1,53,0.829792512783,0.766907184016,0.437293777027
1,1,54,0.796101295166,0.706674253337,0.191608607816
1,1,55,0.755883260677,0.660338470711,0.297055797966
1,1,56,0.846587025025,0.787832518111,0.347440542558
1,1,57,0.768670367794,0.703542162739,0.652285983729
1,1,58,0.79716540611,0.71127239686,0.40769633149
1,1,59,0.789472144637,0.709799195053,0.438983985582
1,1,60,0.848819325112,0.79129009678,0.563580719821
1,1,61,0.83460062309,0.756882112948,0.405763081581
1,1,62,0.803617213449,0.712179955154,0.427834587896
1,1,63,0.775453521896,0.681753723562,0.32230634336
1,1,64,0.83084247136,0.761498398382,0.249478287384
1,1,65,0.827953966051,0.754682628241,0.4019936796
1,1,66,0.844267283731,0.781087936766,0.494542593731
1,1,67,0.831137969457,0.76243728043,0.425403848457
1,1,68,0.817710997596,0.753339112749,0.381675159673
1,1,69,0.846101958546,0.777160625583,0.342691748578
1,1,70,0.775352733686,0.680655521369,0.214783519008
1,1,71,0.868265637231,0.799646117791,0.307274919685
1,1,72,0.78004004984,0.677983434234,0.198120440047
1,1,73,0.835777386389,0.763706528693,0.268027925039
1,1,74,0.799432741577,0.734880852755,0.675963879898
1,1,75,0.749922841861,0.675216190221,0.483076074573
1,1,76,0.829041668366,0.754894887653,0.160622403594
1,1,77,0.800280797183,0.719743038438,0.46127267594
1,1,78,0.82557367997,0.766172452258,0.484029143111
1,1,79,0.76945206094,0.686306248958,0.37423109284
1,1,80,0.794642208286,0.716450348139,0.551377777583
1,1,81,0.839600982992,0.789082258095,0.782625521224
1,1,82,0.830528618246,0.759153082983,0.242932838938
1,1,83,0.790863791044,0.704195197822,0.294016936481
1,1,84,0.738693719962,0.691581523665,0.677650463939
1,1,85,0.837358547009,0.775686606064,0.741643254083
1,1,86,0.863973020461,0.811737976115,0.634268859975
1,1,87,0.823364684314,0.754533897566,0.290843685738
1,1,88,0.832465011839,0.760391933598,0.483915266669
1,1,89,0.846130904406,0.783478000029,0.530612171934
1,1,90,0.880258604413,0.815776022313,0.502624274208
1,1,91,0.855210483518,0.79534448025,0.350701783704
1,1,92,0.804117838542,0.695966758992,0.296633183647
1,1,93,0.80959839382,0.734792489607,0.480390875438
1,1,94,0.833114217728,0.748657672183,0.327323623965
1,1,95,0.818612936561,0.755365709858,0.603006644329
1,1,96,0.845747868681,0.767968436579,0.316010732374
1,1,97,0.84618507866,0.776439257918,0.286295225855
1,1,98,0.830811441735,0.756765065232,0.35100244634
1,1,99,0.825109385023,0.758760393233,0.425340616631
1,1,100,0.798760153687,0.737277616588,0.700498518731
1,1,101,0.851412095628,0.795886109533,0.809347933851
1,1,102,0.794270165254,0.721764941756,0.57324971223
1,1,103,0.816256140862,0.761876239194,0.463715677664
1,1,104,0.833929034973,0.745607973941,0.484689044356
1,1,105,0.753800546928,0.654135746995,0.240018299059
1,1,106,0.833867232555,0.7578095673,0.386131350501
1,1,107,0.853542633215,0.807621010535,0.793796484267
1,1,108,0.829137179033,0.750686516645,0.230427368405
1,1,109,0.8346661806,0.777651394635,0.692184923515
1,1,110,0.774282467806,0.706005292291,0.542666388171
1,1,111,0.800878565375,0.717625930148,0.389109369867
1,1,112,0.81877820499,0.744973160657,0.418653615277
1,1,113,0.758738651814,0.673365522095,0.395562279278
1,1,114,0.832062571319,0.774174460425,0.657865428513
1,1,115,0.738781197223,0.656304757979,0.508387766651
1,1,116,0.831236007278,0.752032867097,0.260430476722
1,1,117,0.845286667539,0.766219403368,0.309855987029
1,1,118,0.839336971869,0.762823367459,0.25962589912
1,1,119,0.781863957391,0.717855997386,0.616396008803
1,1,120,0.829841576809,0.745210915206,0.254698839235
1,1,121,0.760709148063,0.676181784152,0.4728832992
1,1,122,0.868788470705,0.812135699056,0.56730326374
1,1,123,0.869569349738,0.817310322779,0.775536613788
1,1,124,0.747658391417,0.652357969593,0.144382733715
1,1,125,0.749303422338,0.668934810126,0.512345405222
1,1,126,0.82134459271,0.745337673658,0.415423501287
1,1,127,0.815441615484,0.72856833847,0.343122986016
1,1,128,0.847682380646,0.780189260616,0.634218405883
1,1,129,0.858270225079,0.813027245385,0.775417754806
1,1,130,0.825335404727,0.742458411843,0.212441613571
1,1,131,0.814715992866,0.748281940676,0.524118980007
1,1,132,0.779875498131,0.682887414033,0.366810568468
1,1,133,0.839721075884,0.781843132322,0.427098096576
1,1,134,0.822123223802,0.737842863395,0.20846601548
1,1,135,0.83876011505,0.762493456066,0.366692966646
1,1,136,0.833088905722,0.767377578683,0.376029628765
1,1,137,0.824752436794,0.740973913448,0.218268808763
1,1,138,0.84178754686,0.777002189979,0.500722307272
1,1,139,0.830729361935,0.763932186141,0.252011866005
1,1,140,0.835900005433,0.773344826372,0.549319804197
1,1,141,0.76064318887,0.655790473311,0.128643327514
1,1,142,0.844157008493,0.769828395089,0.541369958507
1,1,143,0.79953587482,0.704828132697,0.191436510256
1,1,144,0.848948134303,0.771069897863,0.487121765256
1,1,145,0.810683605469,0.737049758372,0.45464564785
1,1,146,0.809936580339,0.745247887802,0.469425020084
1,1,147,0.837660780427,0.772456261267,0.459343258002
1,1,148,0.82925090932,0.754828281363,0.464670422202
1,1,149,0.82880900278,0.76353583367,0.396439680995
1,1,150,0.778842372114,0.684073525012,0.150664984853
1,1,151,0.753099683999,0.693659395214,0.594554649405
1,1,152,0.815968572909,0.745392928662,0.169860647564
1,1,153,0.810133379142,0.738784476034,0.336698204032
1,1,154,0.76256122449,0.674848389146,0.42812460375
1,1,155,0.834117393075,0.759424225638,0.236075252409
1,1,156,0.79095442009,0.704581095195,0.315360306813
1,1,157,0.788482640417,0.719369254425,0.628354036877
1,1,158,0.83082794579,0.753425348011,0.488466036741
1,1,159,0.77170905399,0.682604374569,0.114135055895
1,1,160,0.81397715624,0.744103706923,0.1190653407
1,1,161,0.847095209064,0.784788730275,0.683861452001
1,1,162,0.76701602197,0.688245145289,0.377442730267
1,1,163,0.841540300406,0.78053558686,0.514710258646
1,1,164,0.799334410173,0.722291333776,0.358242025464
1,1,165,0.83210242068,0.767139205066,0.267152557428
1,1,166,0.830005596392,0.763838697862,0.528466698846
1,1,167,0.814161228785,0.744427562202,0.681184768803
1,1,168,0.857810994343,0.79546255658,0.411417090046
1,1,169,0.829571551417,0.758057708474,0.44915748289
1,1,170,0.843252660608,0.778755010679,0.402660753743
1,1,171,0.854903946859,0.793689872065,0.329601071766
1,1,172,0.839376133685,0.771954358801,0.360598198513
1,1,173,0.814947946572,0.745472921336,0.420513991413
1,1,174,0.838042396507,0.764421511292,0.340837177551
1,1,175,0.808925490779,0.74710531749,0.437757723738
1,1,176,0.832363524519,0.765576935935,0.323553992914
1,1,177,0.867192040191,0.823322513239,0.518644833031
1,1,178,0.732399441467,0.644617345284,0.441408473652
1,1,179,0.748118093572,0.645645867604,0.155267094963
1,1,180,0.775254352281,0.684885423177,0.355130637944
1,1,181,0.840075248589,0.762000539754,0.129292984009
1,1,182,0.822231987161,0.750358374418,0.367124335727
1,1,183,0.860634251645,0.795492634705,0.542094764264
1,1,184,0.815771450725,0.738713153039,0.409996851504
1,1,185,0.844911443528,0.774565359887,0.260488475297
1,1,186,0.782226246165,0.683114151134,0.167074268164
1,1,187,0.852901856788,0.787885828913,0.653061057793
1,1,188,0.808919694709,0.72254422031,0.238696457892
1,1,189,0.840631300728,0.776913253156,0.36727913255
1,1,190,0.840285830241,0.772067573804,0.510885587494
1,1,191,0.820602067683,0.748803878113,0.34888330269
1,1,192,0.762705884088,0.671637947965,0.459100665656
1,1,193,0.838753080831,0.764980831345,0.489423220677
1,1,194,0.840510889477,0.761170101619,0.202459065787
1,1,195,0.837209823999,0.773540986736,0.514713347781
1,1,196,0.867034819949,0.815387197092,0.475465378975
1,1,197,0.861796202739,0.796129556351,0.407156513837
1,1,198,0.837016019617,0.773563760514,0.402558321479
1,1,199,0.842691971738,0.782536275894,0.274046253004
1,1,200,0.884092582269,0.838472679162,0.805377264424
1,1,201,0.814314413265,0.7318076695,0.395826714574
1,1,202,0.8249975284,0.751182924795,0.226717306116
1,1,203,0.77719114288,0.674820758879,0.102604522656
1,1,204,0.824985176822,0.745413093078,0.213695985107
1,1,205,0.857618125674,0.78175131514,0.555491585231
1,1,206,0.815238448994,0.753060585159,0.836559563253
1,1,207,0.81917996929,0.742517240426,0.375322309463
1,1,208,0.863679593096,0.810750161068,0.718652521727
1,1,209,0.847834846148,0.78545441241,0.310425593453
1,1,210,0.850846761068,0.785196133637,0.545132609223
1,1,211,0.763681574558,0.675608677708,0.463429903962
1,1,212,0.856492019584,0.799443430339,0.559000845942
1,1,213,0.833650793237,0.75350729228,0.355160305995
1,1,214,0.826124036495,0.748256616609,0.32890535853
1,1,215,0.854675258099,0.789128831036,0.639210150137
1,1,216,0.838360635802,0.762976513122,0.543512483625
1,1,217,0.793569201579,0.690055297421,0.274722706476
1,1,218,0.836748724625,0.752937529501,0.429250879961
1,1,219,0.830911900902,0.761354455394,0.234165751247
1,1,220,0.835857352548,0.754988519308,0.320216233973
1,1,221,0.742960023486,0.670419030512,0.282873181445
1,1,222,0.758914294401,0.645722880326,0.0410933786078
1,1,223,0.714852874604,0.630056899353,0.269457815456
1,1,224,0.7982829348,0.720504671915,0.454429591123
1,1,225,0.803877487755,0.711634331901,0.278809130963
1,1,226,0.824731210633,0.748072715908,0.553699240813
1,1,227,0.743975880356,0.659090750981,0.361346486878
1,1,228,0.783723439993,0.678430837325,0.0899660831785
1,1,229,0.78763223609,0.699550251127,0.364341768001
1,1,230,0.773882062687,0.680117561525,0.353909248511
1,1,231,0.798923896519,0.708412770537,0.300471397697
1,1,232,0.846450746887,0.793292186787,0.720426072175
1,1,233,0.814365023011,0.727949182576,0.392475372747
1,1,234,0.817706197628,0.740634816605,0.477997235223
1,1,235,0.788841362709,0.689851885031,0.185183371816
1,1,236,0.842031195436,0.7682401046,0.319641231518
1,1,237,0.793947416513,0.713429222339,0.541508296496
1,1,238,0.834163747463,0.772348935818,0.664492487869
1,1,239,0.845348643145,0.76599485236,0.184091697726
1,1,240,0.768196052326,0.693758636552,0.522036196855
1,1,241,0.83652550681,0.768677294302,0.49253050365
1,1,242,0.775788079938,0.672473631493,0.200182820051
1,1,243,0.702811351538,0.60418267121,0.138637932368
1,1,244,0.835080770529,0.769131445856,0.415995087059
1,1,245,0.852350174714,0.796664931995,0.482827735615
1,1,246,0.830434435148,0.739635744224,0.1672558259
1,1,247,0.813515353879,0.747235912349,0.596010512802
1,1,248,0.827954988233,0.733713859065,0.193368965793
1,1,249,0.784199354384,0.687436866723,0.332665996631
1,1,250,0.825274518362,0.760008424492,0.633840291684
1,1,251,0.857513462413,0.782751496769,0.373567136099
1,1,252,0.820978926583,0.750495404075,0.420761682657
1,1,253,0.791039343568,0.719794817851,0.570173119592
1,1,254,0.853546526286,0.798579052717,0.624369188743
1,1,255,0.806210188533,0.730091257661,0.397557503778
1,1,256,0.80377511789,0.720098430869,0.283739253422
1,1,257,0.832699129744,0.760941124407,0.633929628834
1,1,258,0.793564160397,0.68961298145,0.162392983493
1,1,259,0.820373579767,0.735195827205,0.255719453321
1,1,260,0.804447535632,0.721440693313,0.313630934743
1,1,261,0.781469563558,0.6851060383,0.254535319382
1,1,262,0.858532946505,0.795196777021,0.627762482152
1,1,263,0.831493225997,0.760182098781,0.210997564812
1,1,264,0.828109567563,0.753873713158,0.318949857877
1,1,265,0.848385860754,0.773206447917,0.414276637927
1,1,266,0.837244632879,0.755298461764,0.298133143315
1,1,267,0.829878385951,0.743959270565,0.155295315141
1,1,268,0.81492246,0.747882907617,0.785419801392
1,1,269,0.839119563639,0.775539732766,0.414105442917
1,1,270,0.779578298541,0.674159832715,0.265007845744
1,1,271,0.829050636239,0.752869171915,0.356270515112
1,1,272,0.755288813723,0.681358811884,0.480452939152
1,1,273,0.8425,0.791564660833,0.762896915078
1,1,274,0.841694792765,0.762141661459,0.577490096323
1,1,275,0.80204971019,0.71339193801,0.276699777248
1,1,276,0.852736981288,0.78772311605,0.57066414374
1,1,277,0.814592745163,0.739666332105,0.447344981743
1,1,278,0.826313779626,0.761621810033,0.343246932037
1,1,279,0.842159129089,0.77271147423,0.308307798927
1,1,280,0.779945500928,0.708490730717,0.517523646288
1,1,281,0.867835538752,0.820026244165,0.82894460808
1,1,282,0.869992262816,0.812787287352,0.646323456647
1,1,283,0.845556452812,0.777761274411,0.420444228275
1,1,284,0.783055015622,0.709413418854,0.451055916555
1,1,285,0.80812450029,0.738148173142,0.475426190146
1,1,286,0.771631233279,0.673990621559,0.0371818511235
1,1,287,0.80472690777,0.72386112331,0.449322818023
1,1,288,0.796525864708,0.709167032593,0.327798666606
1,1,289,0.80428730566,0.724352208503,0.564244958777
1,1,290,0.64479455217,0.553963947044,0.120095888549
1,1,291,0.837710083864,0.770896980312,0.340457145097
1,1,292,0.742238218441,0.676671514346,0.662549001921
1,1,293,0.766552491229,0.680410663055,0.373632737316
1,1,294,0.839540993494,0.776112776492,0.363501364083
1,1,295,0.813294033685,0.743864188776,0.272141516769
1,1,296,0.827454435959,0.756763332722,0.256024357322
1,1,297,0.790934795687,0.72068416428,0.524665595998
1,1,298,0.83699311379,0.76585142425,0.173270048983
1,1,299,0.827105483375,0.759544813055,0.415654089878
1,1,300,0.771918850733,0.670724204153,0.265811338096
1,1,301,0.822687537691,0.744128932618,0.242144995472
1,1,302,0.837753313559,0.764679161918,0.14483595382
1,1,303,0.822420664961,0.752439394126,0.523544671499
1,1,304,0.8235525122,0.748340007876,0.330672273208
1,1,305,0.821952229566,0.76010659946,0.460551906112
1,1,306,0.880465013471,0.829953265295,0.730206811459
1,1,307,0.838002360335,0.761939774566,0.49509252973
1,1,308,0.835806814332,0.762008672451,0.352346459609
1,1,309,0.840876805808,0.782175413999,0.413172338968
1,1,310,0.813260574197,0.70701935945,0.199586346692
1,1,311,0.851633042019,0.789289267351,0.333532234591
1,1,312,0.71697135717,0.630534021184,0.368425453008
1,1,313,0.828159922689,0.756294020901,0.46148640892
1,1,314,0.827695527363,0.763131156202,0.317548665234
1,1,315,0.727131050293,0.64090595638,0.291144797238
1,1,316,0.741466147637,0.645765779715,0.270499004432
1,1,317,0.839903841356,0.773675124988,0.284593618772
1,1,318,0.829128435188,0.760634936676,0.535043003172
1,1,319,0.826211285423,0.751141135605,0.5368199056
1,1,320,0.809620659641,0.745597942887,0.757208696614
1,1,321,0.880720887321,0.828715630572,0.424602750183
1,1,322,0.809260151051,0.711153831195,0.0964422578993
1,1,323,0.842784726938,0.771865861905,0.339805597584
1,1,324,0.810244080476,0.732829163909,0.340397211321
1,1,325,0.777549445704,0.659511308619,0.154544385309
1,1,326,0.8077524349,0.737516081295,0.555008859031
1,1,327,0.822691635288,0.727170402661,0.095454603685
1,1,328,0.82760150217,0.750418845145,0.52272319528
1,1,329,0.774588703967,0.689975064861,0.320505660666
1,1,330,0.843481127162,0.765382454003,0.550685971685
1,1,331,0.795736311851,0.704234815304,0.39006897402
1,1,332,0.785950032771,0.708519976033,0.42959302475
1,1,333,0.83578299324,0.765423653997,0.356024189759
1,1,334,0.820456582992,0.733092628215,0.187786967285
1,1,335,0.803540051463,0.735347718209,0.617522916871
1,1,336,0.798836162551,0.716302766627,0.454073753141
1,1,337,0.832995887679,0.767180382924,0.413756285622
1,1,338,0.827378067995,0.746963811257,0.427318648627
1,1,339,0.834073757963,0.768914357932,0.299530457788
1,1,340,0.7156452069,0.62148017438,0.335254619648
1,1,341,0.832306576377,0.762393525054,0.612749680953
1,1,342,0.825399338374,0.752156997584,0.541587378994
1,1,343,0.759043265152,0.685317227624,0.40975587584
1,1,344,0.825103820203,0.747409707461,0.437666698237
1,1,345,0.833300136549,0.765686719463,0.645373138071
1,1,346,0.825668142843,0.754900120409,0.476132305959
1,1,347,0.829441108722,0.763012783855,0.558070289586
1,1,348,0.768338719539,0.703598536262,0.654224858561
1,1,349,0.843070682664,0.77324070913,0.524802553781
1,1,350,0.810751291469,0.720811414709,0.43455294748
1,1,351,0.849065809898,0.797552391921,0.700083485478
1,1,352,0.825586332803,0.759310575185,0.41975395071
1,1,353,0.817952506093,0.724968805084,0.43837858054
1,1,354,0.843127252781,0.766925447258,0.197353730482
1,1,355,0.841445950363,0.773643124901,0.315127752659
1,1,356,0.781650471982,0.70300028098,0.703258521281
1,1,357,0.782016107375,0.688126586776,0.287791517008
1,1,358,0.824910375723,0.751133174211,0.572965304432
1,1,359,0.830399980737,0.757166669247,0.444703414556
1,1,360,0.782334702717,0.686041391642,0.285489651183
1,1,361,0.715454956994,0.626811644041,0.324547603975
1,1,362,0.835576371613,0.765391692987,0.349185945647
1,1,363,0.79870181066,0.730433534191,0.560293613111
1,1,364,0.780823481353,0.727887387958,0.664742489653
1,1,365,0.868813619539,0.819434558936,0.711911001715
1,1,366,0.752802457467,0.665783759944,0.41796670882
1,1,367,0.729361170959,0.678355210167,0.618357032728
1,1,368,0.765643590125,0.699914074775,0.493912593565
1,1,369,0.736902273619,0.643902284381,0.294678325452
1,1,370,0.840292795654,0.760955127689,0.467481283595
1,1,371,0.802270400312,0.730593530284,0.498531361154
1,1,372,0.809386496705,0.732894931972,0.388074593685
1,1,373,0.82975533469,0.767928289391,0.494508305054
1,1,374,0.825885051587,0.75323462039,0.585495502428
1,1,375,0.806426690463,0.732717893898,0.447360967293
1,1,376,0.847492305931,0.763938749965,0.224697763591
1,1,377,0.829783163265,0.719842491789,0.34565180079
1,1,378,0.771302241234,0.684303265142,0.386435361726
1,1,379,0.823300552796,0.740248133874,0.469261983596
1,1,380,0.728417844549,0.646982190523,0.361766110612
1,1,381,0.851254699536,0.77563716085,0.578269219313
1,1,382,0.837385863078,0.755705344468,0.0647545390298
1,1,383,0.818236162895,0.732275068853,0.259658361988
1,1,384,0.812368451182,0.728580871367,0.260034145297
1,1,385,0.84496324503,0.77446869508,0.314021200822
1,1,386,0.843655085927,0.77465968301,0.353833803117
1,1,387,0.789279580326,0.714345568377,0.497084362909
1,1,388,0.840666127946,0.775343040157,0.585670831
1,1,389,0.79425421078,0.697816998285,0.167268331097
1,1,390,0.840852414035,0.759559796578,0.331320061845
1,1,391,0.842198701857,0.769423074225,0.530359229895
1,1,392,0.861904969866,0.798080738846,0.647415020045
1,1,393,0.804103063603,0.723417801463,0.259533271922
1,1,394,0.849790866496,0.783290831602,0.584754322696
1,1,395,0.832253146235,0.764932721359,0.32759928182
1,1,396,0.837731155763,0.766076765023,0.6589612715
1,1,397,0.795217159131,0.727701158661,0.538478894671
1,1,398,0.883765844209,0.82746614101,0.505810992004
1,1,399,0.84067607551,0.771715071251,0.432407726366
1,1,400,0.797514866006,0.718022143358,0.438156322121
1,1,401,0.749323090318,0.650006630699,0.256658093102
1,1,402,0.849970025775,0.789233390742,0.617756229535
1,1,403,0.802000987654,0.724726904733,0.399896601753
1,1,404,0.814249391841,0.744128625451,0.318844722313
1,1,405,0.807262458446,0.723551488082,0.446545526984
1,1,406,0.846472929466,0.767019313765,0.407364805988
1,1,407,0.800113182132,0.713220403539,0.340677575338
1,1,408,0.851821575208,0.795375493169,0.652836820888
1,1,409,0.706691140039,0.602414609222,0.227729069937
1,1,410,0.759680446273,0.671535136463,0.413273784118
1,1,411,0.806898866823,0.737407151689,0.771362395447
1,1,412,0.866475026436,0.814831523818,0.665608161907
1,1,413,0.81723701908,0.737390758124,0.28029390671
1,1,414,0.802590823261,0.716895144766,0.316114411897
1,1,415,0.810754403048,0.725795260373,0.212367036401
1,1,416,0.730191757086,0.638471833805,0.21544737958
1,1,417,0.829991873261,0.751993950828,0.378172312018
1,1,418,0.858314753743,0.789683851557,0.519730337681
1,1,419,0.812759831904,0.708929883599,0.241397631038
1,1,420,0.816116449967,0.721407286367,0.125749204467
1,1,421,0.799684079852,0.712678496748,0.347197013837
1,1,422,0.815450506089,0.738253152355,0.184311410682
1,1,423,0.777147443184,0.675533334625,0.132167079334
1,1,424,0.793446060846,0.707763107597,0.200415344595
1,1,425,0.816436686705,0.734182343855,0.262676167889
1,1,426,0.846948600067,0.782651198277,0.614277220611
1,1,427,0.847644088112,0.791185543978,0.60770812924
1,1,428,0.865685590304,0.806979857664,0.65673242123
1,1,429,0.840885230365,0.746118408362,0.289922146532
1,1,430,0.806559245808,0.727766942824,0.39866823078
1,1,431,0.801229423868,0.709362034671,0.437685352193
1,1,432,0.812351016504,0.736234323444,0.520688104803
1,1,433,0.83121392605,0.762022565177,0.629686773253
1,1,434,0.84659355731,0.789446492322,0.73769375646
1,1,435,0.822779708169,0.748017752066,0.389634035271
1,1,436,0.734413292814,0.717535434819,0.798937469023
1,1,437,0.707789376944,0.609195734488,0.139414671549
1,1,438,0.795685311126,0.707463752505,0.326485647463
1,1,439,0.872659156793,0.828398922189,0.81109432512
1,1,440,0.850376050741,0.79778814121,0.728514555579
1,1,441,0.842839800796,0.773505504646,0.575574542441
1,1,442,0.869026894274,0.800388692267,0.596912958873
1,1,443,0.841093476097,0.779679293834,0.364983060907
1,1,444,0.860555431134,0.798577627722,0.543646656893
1,1,445,0.813854356038,0.739917864818,0.403212995347
1,1,446,0.816970623731,0.748793010694,0.43491344043
1,1,447,0.758195885905,0.672606392062,0.339194450548
1,1,448,0.822934688581,0.726331103436,0.393160553272
1,1,449,0.825001722827,0.761658632668,0.544543852096
1,1,450,0.813674097778,0.737985798399,0.421932688745
1,1,451,0.888075990024,0.840935797432,0.718113323119
1,1,452,0.872535181685,0.814745616974,0.751859909208
1,1,453,0.84561585257,0.768769529532,0.571427471493
1,1,454,0.830517378791,0.749168300399,0.454158006221
1,1,455,0.825440374058,0.75197139232,0.527074437606
1,1,456,0.822098373247,0.75431229461,0.522213400227
1,1,457,0.80537254608,0.731802587076,0.669687350816
1,1,458,0.833835377242,0.749846765223,0.375540395577
1,1,459,0.81306130621,0.712475206872,0.304419330498
1,1,460,0.737602233971,0.636763271485,0.257887599446
1,1,461,0.808067399001,0.74691184344,0.755852745285
1,1,462,0.813281245983,0.70412618938,0.121127340629
1,1,463,0.867091099033,0.816559161117,0.729199337197
1,1,464,0.806772037087,0.724482820932,0.269348004881
1,1,465,0.791564128493,0.72869794152,0.559332553383
1,1,466,0.816827700936,0.751544125816,0.496481564022
1,1,467,0.784365565877,0.690612071864,0.280039361007
1,1,468,0.814408713153,0.744892847061,0.446408369512
1,1,469,0.682237600923,0.575354309809,0.197623506897
1,1,470,0.800166059635,0.714700286691,0.302235014342
1,1,471,0.834942774206,0.763136563754,0.435269581144
1,1,472,0.783540439674,0.74710705459,0.908236181164
1,1,473,0.781622459404,0.725892497882,0.569360617499
1,1,474,0.816798395464,0.737316550631,0.506282247422
1,1,475,0.820826477181,0.727562319578,0.137094375082
1,1,476,0.816946046915,0.720840023775,0.234798851755
1,1,477,0.759355709343,0.678929038888,0.595710857029
1,1,478,0.824719089302,0.752472011107,0.435017431778
1,1,479,0.799670539711,0.692884725889,0.356912067549
1,1,480,0.799386227034,0.720931476284,0.234287897464
1,1,481,0.769359094243,0.684747127904,0.441290210727
1,1,482,0.803440966515,0.722644076829,0.394140248614
1,1,483,0.869693665687,0.802944086834,0.494723552433
1,1,484,0.798659708258,0.70447457503,0.241355865778
1,1,485,0.785404201353,0.673349939488,0.274068360785
1,1,486,0.829449609734,0.769057733247,0.473644811312
1,1,487,0.827206254946,0.750439072341,0.434075504779
1,1,488,0.833538653247,0.771715091584,0.540382222604
1,1,489,0.774932945681,0.690063336129,0.446554981226
1,1,490,0.846294027084,0.778779334815,0.523823210783
1,1,491,0.847249981026,0.780663501267,0.556894126981
1,1,492,0.738994891827,0.681387182133,0.616752174938
1,1,493,0.831990431932,0.750449573376,0.529723621103
1,1,494,0.817276508861,0.761242431754,0.618827108817
1,1,495,0.763526345192,0.664750668976,0.0983156690644
1,1,496,0.757611980191,0.656090217494,0.197139821939
1,1,497,0.764906106291,0.706149552041,0.627474910708
1,1,498,0.833304876159,0.763041376569,0.600402697345
1,1,499,0.793033751554,0.719751211334,0.547039141593
1,1,500,0.843533469991,0.775077174976,0.668475245846
1,1,501,0.788289090348,0.712881795618,0.432721622579
1,1,502,0.773627077562,0.691459878139,0.519627081232
1,1,503,0.819126855125,0.759315807455,0.661294567829
1,1,504,0.842376335276,0.759155953493,0.19015374626
1,1,505,0.78520162054,0.695865205807,0.324569481249
1,1,506,0.655077288942,0.595228459216,0.460420588999
1,1,507,0.819853046689,0.73713806962,0.130454432211
1,1,508,0.804821920807,0.733872368726,0.605145283938
1,1,509,0.838091469275,0.74743384808,0.502585099417
1,1,510,0.831700162066,0.765652203412,0.427757033613
1,1,511,0.796603917968,0.698428628347,0.323927483072
1,1,512,0.79638616336,0.729020549911,0.695874576818
1,1,513,0.816439208557,0.750093177007,0.609817947653
1,1,514,0.81639879766,0.7407352303,0.317624463809
1,1,515,0.778851652246,0.711483857831,0.581524190263
1,1,516,0.825529617426,0.737954329024,0.304956673911
1,1,517,0.819110278926,0.748172167431,0.427487143001
1,1,518,0.82393967046,0.752845768524,0.351940890566
1,1,519,0.820203156024,0.75086934959,0.392594952316
1,1,520,0.809853955811,0.733357321153,0.588585827565
1,1,521,0.808292789971,0.734416887046,0.466884997637
1,1,522,0.832987882653,0.789982815648,0.717961862001
1,1,523,0.799048872039,0.722552748313,0.495529043433
1,1,524,0.778501491383,0.704725356067,0.411756730371
1,1,525,0.790803777923,0.706502525079,0.459781752811
1,1,526,0.733710548986,0.66505441163,0.49811971844
1,1,527,0.837243070773,0.769958717947,0.315746099339
1,1,528,0.736539467395,0.622515108864,0.043659621405
1,1,529,0.738254250313,0.637030005267,0.173912552864
1,1,530,0.769556517036,0.684197196175,0.343053161262
1,1,531,0.857776671594,0.783955797209,0.361905054273
1,1,532,0.844954935388,0.776044934186,0.362542728422
1,1,533,0.813212856211,0.740029979169,0.572624823718
1,1,534,0.700917159763,0.622944125537,0.35287821862
1,1,535,0.824738945422,0.740769079946,0.317095713746
1,1,536,0.683635331239,0.590873215144,0.158693336486
1,1,537,0.836658500047,0.772772608432,0.682488395768
1,1,538,0.784880166615,0.702503256648,0.357484723067
1,1,539,0.827862736777,0.747480024822,0.401163860189
1,1,540,0.760398424541,0.673717513361,0.346251386307
1,1,541,0.809416135212,0.742312500484,0.621835686188
1,1,542,0.73895,0.653663583093,0.447821656362
1,1,543,0.838081810784,0.781384291717,0.745912408058
1,1,544,0.825844948556,0.742018629486,0.402525318967
1,1,545,0.750451695185,0.668245888675,0.519027027559
1,1,546,0.837205367228,0.800303822016,0.970560797142
1,1,547,0.723848524842,0.629300298476,0.315463278174
1,1,548,0.834742475593,0.759063973562,0.383750036428
1,1,549,0.817418567461,0.755525836053,0.711157526241
1,1,550,0.798979695884,0.714596165006,0.297715312772
1,1,551,0.832610758563,0.773053780749,0.714438002697
1,1,552,0.778323706208,0.712534030238,0.549313608995
1,1,553,0.793013356933,0.712119885575,0.532254447837
1,1,554,0.774916368242,0.694153173142,0.336764612366
1,1,555,0.819494403941,0.746398124056,0.679083439029
1,1,556,0.836486816406,0.768978406075,0.626786257929
1,1,557,0.69595959596,0.630344091273,0.471924655062
1,1,558,0.809122437673,0.739658436802,0.67895767307
1,1,559,0.822488322292,0.742936726745,0.538994243147
1,1,560,0.783523003651,0.711645193976,0.43019737113
1,1,561,0.841337959581,0.775081663645,0.66294844597
1,1,562,0.882788448032,0.833232155804,0.66152720767
1,1,563,0.78437478293,0.687670362599,0.346722583806
1,1,564,0.809933970945,0.724617974358,0.273928621102
1,1,565,0.833389186828,0.763066529399,0.644764143184
1,1,566,0.757717820744,0.66358475906,0.29690568741
1,1,567,0.815435740573,0.710198950486,0.129015222311
1,1,568,0.850789613036,0.788200204596,0.640157457068
1,1,569,0.861331545148,0.803604890312,0.510742744125
1,1,570,0.888897520661,0.824413829189,0.588758641289
1,1,571,0.699465298323,0.61140457587,0.155371391936
1,1,572,0.79419583404,0.7369515675,0.641818949858
1,1,573,0.810266593919,0.731535575859,0.598522577002
1,1,574,0.766095697715,0.667147280796,0.277355408612
1,1,575,0.840269537079,0.770319819048,0.556051719147
1,1,576,0.824881249247,0.726152172885,0.158167951084
1,1,577,0.799038034824,0.717562450681,0.428521330438
1,1,578,0.774997217974,0.686555144715,0.359120529306
1,1,579,0.796725304834,0.715595982284,0.38583712947
1,1,580,0.771543176492,0.706663304158,0.56273661776
1,1,581,0.769019970022,0.741683596475,0.855455587873
1,1,582,0.793028060377,0.721323601181,0.554340203679
1,1,583,0.766099435846,0.664550096471,0.191634767193
1,1,584,0.80695075527,0.722883326847,0.239287166681
1,1,585,0.829473537954,0.777743248477,0.767788054376
1,1,586,0.797902453186,0.683056046468,0.289774868065
1,1,587,0.794283396431,0.701565680527,0.479839881977
1,1,588,0.820738133256,0.740624531701,0.580970255154
1,1,589,0.821227958138,0.74597631264,0.436455852558
1,1,590,0.875687619362,0.803792669348,0.387942624925
1,1,591,0.67652075553,0.596992416707,0.290578602221
1,1,592,0.788838340615,0.698060383301,0.438077537288
1,1,593,0.816824322014,0.744797355924,0.473164141996
1,1,594,0.764108099425,0.681376813565,0.375840977834
1,1,595,0.87426245248,0.801552217918,0.565831657903
1,1,596,0.740754267781,0.64268281542,0.262113787264
1,1,597,0.802659082087,0.714272766345,0.48103019696
1,1,598,0.702570397252,0.5935826922,0.211101174787
1,1,599,0.764950303193,0.686358340737,0.445168328153
1,1,600,0.737452565741,0.652170183661,0.360231781791
1,1,601,0.848075038092,0.79599744112,0.685532522692
1,1,602,0.84453801474,0.758126310988,0.297525401533
1,1,603,0.746101904544,0.639043512891,0.270893988241
1,1,604,0.83783142301,0.745602312289,0.280573140911
1,1,605,0.782059602754,0.692207467084,0.353169271897
1,1,606,0.811506614334,0.714941107889,0.317257229436
1,1,607,0.751083011962,0.66773165566,0.464601829849
1,1,608,0.810425178106,0.725497575375,0.40241886236
1,1,609,0.789939003735,0.703497517343,0.415317007948
1,1,610,0.818990192699,0.759829379108,0.556934108387
1,1,611,0.823746778308,0.746992560503,0.35743623497
1,1,612,0.77952259776,0.706366404864,0.544858482179
1,1,613,0.827466253698,0.748104204841,0.493252275178
1,1,614,0.768999644001,0.686386541919,0.433412746267
1,1,615,0.842614053932,0.792099911765,0.734911483164
1,1,616,0.73745984533,0.663063765889,0.429703208225
1,1,617,0.795563444755,0.70891341329,0.37458585891
1,1,618,0.815253336053,0.723845578134,0.371348299591
1,1,619,0.841243285709,0.770844089638,0.648537751031
1,1,620,0.786035147045,0.68710181704,0.428303319833
1,1,621,0.855776126595,0.774692038774,0.377487908651
1,1,622,0.80400226223,0.727226790388,0.488221848251
1,1,623,0.817338709677,0.749418858855,0.53429526031
1,1,624,0.854478303955,0.780394353284,0.376346323186
1,1,625,0.887732508425,0.841499791113,0.849715219924
1,1,626,0.848910219655,0.772991378924,0.444345641219
1,1,627,0.740871962689,0.674335310999,0.534687925143
1,1,628,0.840313050586,0.773353094506,0.439785896628
1,1,629,0.857391701258,0.795936211133,0.520456572974
1,1,630,0.780875579929,0.705675278023,0.396141540775
1,1,631,0.887934283197,0.850617476136,0.923381768467
1,1,632,0.7144921875,0.655938262125,0.50733106265
1,1,633,0.893990634755,0.880533816615,0.968559314013
1,1,634,0.756488272392,0.693161166618,0.538931514507
1,1,635,0.826736365324,0.752158072926,0.466163590671
1,1,636,0.852087652638,0.796314303403,0.658199247209
1,1,637,0.698095703125,0.588806796799,0.111719540805
1,1,638,0.782502959543,0.692877219919,0.249176902372
1,1,639,0.73997687076,0.654661212613,0.287486072183
1,1,640,0.88647961116,0.814629904197,0.263929487749
1,1,641,0.876007373114,0.808424350692,0.67212975978
1,1,642,0.743048146455,0.718106480057,0.698585379552
1,1,643,0.884133933616,0.841178601087,0.78824725622
1,1,644,0.824876512994,0.736588009087,0.472328176124
1,1,645,0.76286065846,0.699496736523,0.655278508563
1,1,646,0.84058790973,0.762113123112,0.225215343631
1,1,647,0.81024219908,0.729649933428,0.453092979108
1,1,648,0.795437842727,0.717732890314,0.592461162894
1,1,649,0.817034375,0.746048362499,0.533593299374
1,1,650,0.795305537293,0.716398509308,0.434727954679
1,1,651,0.859756081647,0.786844461357,0.460878971735
1,1,652,0.765164192179,0.669145019217,0.249345272446
1,1,653,0.81130558884,0.728030806016,0.241981905335
1,1,654,0.861171790665,0.80061946513,0.701088048584
1,1,655,0.772820937466,0.692177809944,0.481392240249
1,1,656,0.746214052135,0.650575810622,0.165358271452
1,1,657,0.833647690901,0.747385986145,0.511599718443
1,1,658,0.783241936988,0.708092160752,0.702298266535
1,1,659,0.764697706059,0.657618229537,0.151912759558
1,1,660,0.794363474123,0.696698255523,0.313753275554
1,1,661,0.783372000905,0.722848273115,0.667080790384
1,1,662,0.724388122559,0.628755703975,0.175308758753
1,1,663,0.804677734375,0.743678045292,0.601952169102
1,1,664,0.737384423157,0.650618884011,0.327491634215
1,1,665,0.799316188494,0.707722809695,0.413416848854
1,1,666,0.809655987641,0.707640751832,0.19394963155
1,1,667,0.845821224747,0.781091042189,0.665812258229
1,1,668,0.797625060107,0.727111324031,0.446017392117
1,1,669,0.790573499927,0.704808685401,0.427489139827
1,1,670,0.749854395508,0.670409041759,0.464697132315
1,1,671,0.844355555556,0.7609230735,0.538264464983
1,1,672,0.829174727323,0.765763757045,0.608785560471
1,1,673,0.763931143055,0.679310289796,0.40373021863
1,1,674,0.70137750391,0.622074675789,0.45188767424
1,1,675,0.8236803462,0.729562315868,0.202498917729
1,1,676,0.742534513806,0.671519403358,0.443635687446
1,1,677,0.792572840791,0.719425121259,0.51847926467
1,1,678,0.741807299843,0.657449080754,0.365320250702
1,1,679,0.81612507433,0.746306631037,0.629187010698
1,1,680,0.840670815323,0.782796881727,0.707524684133
1,1,681,0.773266541422,0.683242000124,0.370382947929
1,1,682,0.808194181895,0.699228178535,0.294714868379
1,1,683,0.777770069425,0.678425983506,0.266369258235
1,1,684,0.840980632449,0.767886982909,0.635004970595
1,1,685,0.747823271591,0.652928192857,0.232406375912
1,1,686,0.831979300192,0.774764340579,0.806057761096
1,1,687,0.747727478497,0.642251440759,0.212014706141
1,1,688,0.839008156356,0.777565882438,0.605443548404
1,1,689,0.846709248245,0.775578904145,0.485102017577
1,1,690,0.841913607956,0.767206464065,0.394955797871
1,1,691,0.832667908092,0.737448563157,0.436955836212
1,1,692,0.761725508218,0.68337064292,0.500417313723
1,1,693,0.702279170044,0.600235438716,0.151232121738
1,1,694,0.846203073822,0.760589311264,0.50700313234
1,1,695,0.697238193986,0.605737210419,0.284882288337
1,1,696,0.819248728093,0.740959215808,0.442006800371
1,1,697,0.78717549046,0.706156527495,0.471486767798
1,1,698,0.804671280277,0.695921022749,0.226263481871
1,1,699,0.837233034217,0.769484850138,0.608290437879
1,1,700,0.780315402784,0.690996014482,0.259874744503
1,1,701,0.890008374603,0.834170161902,0.566671265917
1,1,702,0.782117202268,0.673170924399,0.241779100349
1,1,703,0.817761534799,0.734367557358,0.465979931
1,1,704,0.698426446281,0.614764200768,0.301571581576
1,1,705,0.73568652284,0.633467532626,0.284292524906
1,1,706,0.807482549299,0.712950200004,0.312376808759
1,1,707,0.753526170799,0.654343460238,0.279750683395
1,1,708,0.86591720761,0.786769395759,0.522310910385
1,1,709,0.832828828093,0.769257207954,0.579591719007
1,1,710,0.826195005945,0.735581023536,0.465599503073
1,1,711,0.75216604424,0.688030728312,0.59713773194
1,1,712,0.833024262692,0.767060939651,0.576951773005
1,1,713,0.834092363281,0.751240510231,0.549323487567
1,1,714,0.85534696859,0.772658008564,0.571606151852
1,1,715,0.810516528926,0.729867438529,0.542519335078
1,1,716,0.709602401263,0.597104330714,0.0356693377439
1,1,717,0.77161995795,0.675625903871,0.301778790572
1,1,718,0.776354166667,0.690524858233,0.449506308138
1,1,719,0.854908373219,0.78014104883,0.475897951956
1,1,720,0.765407711956,0.681235414946,0.480851080543
1,1,721,0.806396103896,0.71634257991,0.311997671853
1,1,722,0.742005317639,0.6504673393,0.282795397767
1,1,723,0.72384535744,0.603820921617,0.038818697581
1,1,724,0.879390432099,0.856036303683,0.867764791268
1,1,725,0.816475345554,0.736838284694,0.225496108997
1,1,726,0.787065249703,0.674679346612,0.317658643865
1,1,727,0.860408119772,0.821045707167,0.796067270261
1,1,728,0.797807183365,0.7241068581,0.537094956732
1,1,729,0.703154490569,0.635965747574,0.387768269656
1,1,730,0.793669689437,0.712221165744,0.379961176637
1,1,731,0.837698352216,0.767207185281,0.631402269142
1,1,732,0.793446082137,0.704064806888,0.422865967469
1,1,733,0.782064941238,0.690595632302,0.372989953457
1,1,734,0.796595396427,0.729563412213,0.645124645812
1,1,735,0.818244883802,0.762289975121,0.644642075032
1,1,736,0.863919511475,0.803770936961,0.59409178343
1,1,737,0.803701281823,0.721913172217,0.28980477385
1,1,738,0.757290181247,0.680791330973,0.455486458819
1,1,739,0.82194691358,0.761197125295,0.683861344651
1,1,740,0.728252080856,0.618948672336,0.229897671641
1,1,741,0.827539306539,0.745099592067,0.505845057061
1,1,742,0.762696977364,0.674422796806,0.471636473928
1,1,743,0.830276816609,0.747640325925,0.535098322012
1,1,744,0.769557671769,0.68082848217,0.371406238586
1,1,745,0.783012244898,0.692885824994,0.448747562356
1,1,746,0.820098930776,0.732740887784,0.39064284516
1,1,747,0.804095520764,0.729873089419,0.524973166437
1,1,748,0.824915450338,0.765354602468,0.669795857275
1,1,749,0.768190119185,0.679608403541,0.407809103827
1,1,750,0.733579006337,0.614162615137,0.156582092376
1,1,751,0.882106386222,0.807793487748,0.624785016028
1,1,752,0.824652123197,0.74650593583,0.428010648809
1,1,753,0.809116726343,0.718290812256,0.31740326403
1,1,754,0.711919600662,0.627215736817,0.360768303144
1,1,755,0.728993873991,0.633379091976,0.124952471824
1,1,756,0.837549155064,0.769117085496,0.530325654966
1,1,757,0.813694068678,0.72066163485,0.461858417659
1,1,758,0.791989026063,0.727368446172,0.609731899522
1,1,759,0.774084287201,0.678034903397,0.256256208248
1,1,760,0.739756176721,0.668262662597,0.452605879488
1,1,761,0.785735097022,0.693989893382,0.275617500993
1,1,762,0.735599262939,0.635159529542,0.344886808436
1,1,763,0.807584611639,0.782441142449,0.82607778655
1,1,764,0.706670473887,0.635904712803,0.469728688804
1,1,765,0.792919403942,0.706103299324,0.507248533399
1,1,766,0.790563455703,0.714183990063,0.557132920118
1,1,767,0.752577488567,0.657003694926,0.343128980335
1,1,768,0.70534321019,0.629774304957,0.499683849564
1,1,769,0.796532617085,0.727385689859,0.482695527654
1,1,770,0.720010983929,0.648535668631,0.415175049271
1,1,771,0.780134930005,0.670427155338,0.234469228854
1,1,772,0.71514309866,0.606091042311,0.00868230625584
1,1,773,0.903774990388,0.880974539609,0.948920097131
1,1,774,0.849066666667,0.784733569909,0.63306262731
1,1,775,0.769368558572,0.664648530101,0.167523129405
1,1,776,0.742787855883,0.718146359755,0.75395236045
1,1,777,0.732590365493,0.614365718252,0.098231591195
1,1,778,0.818448411477,0.741936966117,0.509926097247
1,1,779,0.755703097188,0.660508361536,0.272478410791
1,1,780,0.816999286466,0.706761229122,0.193261244009
1,1,781,0.784985207101,0.682015520962,0.339580925083
1,1,782,0.800665885162,0.699668365727,0.282436741394
1,1,783,0.61345603538,0.541118938035,0.30366576319
1,1,784,0.772905930649,0.693607556353,0.46619377895
1,1,785,0.762559020326,0.697014835518,0.573550659946
1,1,786,0.82110638373,0.743108475458,0.486440551384
1,1,787,0.784027314443,0.71244354739,0.529180079054
1,1,788,0.860639184142,0.779578832617,0.423331906996
1,1,789,0.851261975613,0.764188290193,0.201892021054
1,1,790,0.798074153684,0.733839689571,0.710625894093
1,1,791,0.841568764711,0.761628654258,0.548482645855
1,1,792,0.817773394696,0.729424534859,0.472408748251
1,1,793,0.762965721764,0.688053586667,0.527546958982
1,1,794,0.75083776114,0.69591183056,0.600954081064
1,1,795,0.792973776774,0.699440124567,0.35318946832
1,1,796,0.832847736146,0.762945008538,0.604847549836
1,1,797,0.820162554169,0.732404108364,0.432891746791
1,1,798,0.820184428578,0.737186495409,0.426870557586
1,1,799,0.746134235172,0.634264120716,0.210962713346
1,1,800,0.842767591076,0.779008021223,0.640552408591
1,1,801,0.774646464646,0.715778172276,0.591226122148
1,1,802,0.82605727838,0.765487143434,0.750426060806
1,1,803,0.775377513923,0.679712038583,0.320776790956
1,1,804,0.797112639124,0.73052596588,0.611960276018
1,1,805,0.685491567586,0.628701479647,0.389144248696
1,1,806,0.861039370983,0.827569664457,0.769367553532
1,1,807,0.80835340428,0.73747091715,0.58127958869
1,1,808,0.924744897959,0.874474683894,0.701513687028
1,1,809,0.869091101895,0.815694053776,0.738808856144
1,1,810,0.724436402758,0.655797965623,0.49903986313
1,1,811,0.683126769095,0.593750565993,0.272076469433
1,1,812,0.736566510261,0.627987086527,0.185723545191
1,1,813,0.760233808116,0.672330952966,0.415165843197
1,1,814,0.757470538721,0.673289267349,0.494470829244
1,1,815,0.819817757561,0.747497342817,0.60193824942
1,1,816,0.843963120125,0.782321195206,0.681388202197
1,1,817,0.704945749108,0.592267718717,0.155994966445
1,1,818,0.790418797176,0.73087317813,0.602607785411
1,1,819,0.809678254438,0.730600703636,0.506300506987
1,1,820,0.757153357955,0.650009360633,0.296388164321
1,1,821,0.909024576101,0.865055799914,0.671712289904
1,1,822,0.697568102554,0.592428589644,0.240069589461
1,1,823,0.78690814626,0.738710319646,0.674698864493
1,1,824,0.859927994473,0.770036349357,0.496602757553
1,1,825,0.79772629553,0.697731398725,0.391222978532
1,1,826,0.775218515118,0.718687472714,0.551588339551
1,1,827,0.804366265789,0.716024564009,0.458882698247
1,1,828,0.795449536027,0.723904581796,0.569888962302
1,1,829,0.770275244183,0.667291955267,0.255745443279
1,1,830,0.813509778912,0.745585824185,0.616893652639
1,1,831,0.772918189314,0.683457716949,0.361695785718
1,1,832,0.767213406047,0.677368985118,0.423925162764
1,1,833,0.839896774366,0.76840968269,0.584511846944
1,1,834,0.818732762375,0.742807208187,0.585657248713
1,1,835,0.769174,0.677459836096,0.393503035726
1,1,836,0.855312872005,0.830157507759,0.922323987554
1,1,837,0.717043726971,0.665305626661,0.586648560423
1,1,838,0.669961355529,0.580176699927,0.221057071449
1,1,839,0.820724,0.745061288787,0.544570360271
1,1,840,0.841870919558,0.752981725727,0.420035389199
1,1,841,0.774739583333,0.715659041655,0.642669381369
1,1,842,0.773342560086,0.679722167562,0.357910241619
1,1,843,0.857346938776,0.762798988462,0.49146538947
1,1,844,0.726818842527,0.624657660412,0.116357935336
1,1,845,0.735687994361,0.67036752841,0.530638112441
1,1,846,0.725371623422,0.616943265781,0.248292004548
1,1,847,0.946085381222,0.932700280136,0.932788596444
1,1,848,0.735655390983,0.623875569309,0.0485297536998
1,1,849,0.756405690701,0.666675576689,0.395738845446
1,1,850,0.818315285298,0.727909590486,0.396785904671
1,1,851,0.778494842958,0.753319147114,0.793769038161
1,1,852,0.838366719835,0.761689008725,0.550948184689
1,1,853,0.742797060433,0.647765919487,0.257096950838
1,1,854,0.737376650006,0.621394092511,0.188153765197
1,1,855,0.799624,0.719040008077,0.510998091649
1,1,856,0.801786690441,0.710224211445,0.294191835377
1,1,857,0.776182432432,0.677346782103,0.428845782901
1,1,858,0.747487501275,0.646936801933,0.270846383501
1,1,859,0.752449854022,0.649918552653,0.310469790544
1,1,860,0.795577639447,0.687893614648,0.252386044417
1,1,861,0.835775234131,0.765109060917,0.556543705593
1,1,862,0.737204861111,0.648699816519,0.361531021416
1,1,863,0.805338666667,0.716640004428,0.395737716812
1,1,864,0.859474561318,0.798472383162,0.668780715777
1,1,865,0.772926347273,0.709850287063,0.63105352607
1,1,866,0.801495368253,0.725096687972,0.583659369582
1,1,867,0.741387109394,0.64359837769,0.329084546021
1,1,868,0.799755287981,0.699539014974,0.359491709727
1,1,869,0.798950248851,0.704788350773,0.397075595616
1,1,870,0.90800779959,0.8701169583,0.780520729956
1,1,871,0.81936345967,0.731607011628,0.454928352282
1,1,872,0.857300913172,0.784490872151,0.518006183265
1,1,873,0.7171191703,0.637593838388,0.424079334077
1,1,874,0.771702541964,0.69046908202,0.392848687014
1,1,875,0.849770582601,0.768636960345,0.441822292384
1,1,876,0.763072916667,0.647638784086,0.270033066773
1,1,877,0.781823017273,0.690898911168,0.186954412311
1,1,878,0.730798326807,0.635710292044,0.345152323936
1,1,879,0.708489518256,0.61573331858,0.255379898014
1,1,880,0.856584821429,0.792588690098,0.634292309713
1,1,881,0.785315834314,0.674792728303,0.270775602447
1,1,882,0.700155852326,0.616678117104,0.274909578116
1,1,883,0.743977413211,0.653774419443,0.303512053546
1,1,884,0.786546495226,0.698909518163,0.400214340034
1,1,885,0.751033220278,0.678333431518,0.52029368504
1,1,886,0.800423332888,0.730711791623,0.555313052746
1,1,887,0.726325824447,0.604332255597,0.129373461642
1,1,888,0.769579146088,0.660868125771,0.188914654887
1,1,889,0.740796393689,0.645756161979,0.34840278152
1,1,890,0.728494411571,0.637473282328,0.280309318193
1,1,891,0.678642485461,0.568871886089,0.107035015915
1,1,892,0.780289428325,0.725319254234,0.641901752587
1,1,893,0.778651257811,0.74173258224,0.801628786442
1,1,894,0.745872222222,0.671517271319,0.469156620053
1,1,895,0.788967962706,0.683240945333,0.345404635384
1,1,896,0.807635041551,0.735381810372,0.584462161044
1,1,897,0.783900226757,0.739057856448,0.705668059088
1,1,898,0.766020710059,0.679185945679,0.456198324983
1,1,899,0.721164837677,0.64541804939,0.416707198439
1,1,900,0.828319549561,0.767987320206,0.691032171415
1,1,901,0.713480216135,0.620956735009,0.184039943522
1,1,902,0.800490702479,0.722297431339,0.515319617582
1,1,903,0.741452991453,0.622945740611,0.139482597427
1,1,904,0.719581887452,0.61188729327,0.239158351705
1,1,905,0.796707688876,0.720185172645,0.554926880582
1,1,906,0.71250225347,0.625714117572,0.312819603944
1,1,907,0.731833910035,0.644505018343,0.338825419897
1,1,908,0.757685545314,0.684657882414,0.471659085844
1,1,909,0.782301583561,0.701828195295,0.562427825609
1,1,910,0.724334856221,0.634918767946,0.370815412252
1,1,911,0.693771626298,0.602042078483,0.229650692222
1,1,912,0.73387755102,0.651098628633,0.377633848217
1,1,913,0.777835587929,0.692489083258,0.495900303405
1,1,914,0.7582184799,0.683106030375,0.471961197482
1,1,915,0.740713534655,0.660742660334,0.45148144709
1,1,916,0.840500416648,0.772645542217,0.631753997071
1,1,917,0.777089072544,0.728742127324,0.653946665269
1,1,918,0.784830729167,0.715886965274,0.568218029073
1,1,919,0.665684795928,0.608212980517,0.433272192883
1,1,920,0.678518036265,0.59513444815,0.3165421911
1,1,921,0.748195266272,0.664730797768,0.439513505454
1,1,922,0.725917913587,0.621153465673,0.274019760166
1,1,923,0.823109567901,0.724212873477,0.394644639975
1,1,924,0.800166132669,0.722101334596,0.502210846518
1,1,925,0.752926006745,0.643012153179,0.21817959288
1,1,926,0.762310288851,0.682885011307,0.402225581741
1,1,927,0.810346693213,0.731641650224,0.498617328541
1,1,928,0.808925,0.744752253055,0.590423610008
1,1,929,0.771214055361,0.679891261339,0.419097057792
1,1,930,0.796912937912,0.70179007099,0.404398646808
1,1,931,0.79046520569,0.719232672914,0.591330340111
1,1,932,0.870054144107,0.800716425223,0.620427523725
1,1,933,0.767904383976,0.662255821236,0.339931115729
1,1,934,0.749317669396,0.699342939287,0.531011659614
1,1,935,0.716742108636,0.62940453251,0.33763524783
1,1,936,0.794679046093,0.711209805789,0.432980719068
1,1,937,0.72333994668,0.657274118812,0.470311468946
1,1,938,0.727010020177,0.662498436444,0.518358598235
1,1,939,0.766197916667,0.694151532588,0.574666801135
1,1,940,0.707367157923,0.623806810495,0.338476359656
1,1,941,0.697278911565,0.59090389772,0.182977531098
1,1,942,0.720029585799,0.610309233016,0.185019170116
1,1,943,0.707475135093,0.593181583099,0.121205272634
1,1,944,0.638275,0.588608941226,0.402554059012
1,1,945,0.754954978955,0.688962382247,0.554743817924
1,1,946,0.832088480322,0.742815607316,0.523532625523
1,1,947,0.762685950413,0.693697989541,0.521954065241
1,1,948,0.807877589664,0.706648447301,0.380464670287
1,1,949,0.755061728395,0.681247445105,0.4713076706
1,1,950,0.884300558769,0.82069297995,0.674881692048
1,1,951,0.731495147487,0.628093981616,0.196382114965
1,1,952,0.828612498822,0.741985182926,0.578175276309
1,1,953,0.78401384083,0.702752796409,0.536664260886
1,1,954,0.718376951331,0.650970396267,0.452242364186
1,1,955,0.776793529638,0.698095711543,0.478540673093
1,1,956,0.89124243503,0.850603068069,0.841620303218
1,1,957,0.755460687676,0.662312509826,0.40305526829
1,1,958,0.813925907431,0.775871898605,0.745322823224
1,1,959,0.766391717869,0.693608648503,0.484867480054
1,1,960,0.871491733948,0.821403770772,0.692739318845
1,1,961,0.803668605742,0.735991431624,0.58188231279
1,1,962,0.814503692882,0.72817193805,0.476394126763
1,1,963,0.801080742423,0.710174758218,0.446760130431
