0,1,0,0.886945063879,0.931295625226,1.0
1,0,0,0.987784123856,0.984218058546,1.0
0,0,0,0.805427399154,0.822904514374,0.94511947755
1,1,0,0.850458949707,0.782495715128,0.439462501329
1,1,1,0.844649520155,0.76398830181,0.148274138693
1,1,2,0.859997398543,0.779852394349,0.418884178905
1,1,3,0.846903372152,0.763059243596,0.167300508455
1,1,4,0.85349815722,0.772463513352,0.40212542184
1,1,5,0.864802988874,0.798665269849,0.450501388039
1,1,6,0.845060590434,0.770750443633,0.273398974162
1,1,7,0.867132149003,0.787753229655,0.106248686682
1,1,8,0.847685617627,0.763769919545,0.357220135076
1,1,9,0.838142571603,0.744481446485,0.236484546869
1,1,10,0.844124288976,0.757725044826,0.423603163973
1,1,11,0.838381883051,0.757019283142,0.45699752518
1,1,12,0.845284772625,0.765522231196,0.461903395151
1,1,13,0.864422573928,0.79435536999,0.453412716807
1,1,14,0.852627425774,0.77110281803,0.223043240154
1,1,15,0.859294675285,0.771671439698,0.393230424735
1,1,16,0.858448927672,0.783339321698,0.447718951861
1,1,17,0.857086030422,0.768197020914,0.228754270289
1,1,18,0.849982647885,0.772034829506,0.363958141214
1,1,19,0.852481423233,0.763604021244,0.246993530975
1,1,20,0.858517787781,0.772268563031,0.165137062483
1,1,21,0.848213069624,0.768502858544,0.392187879085
1,1,22,0.854276451819,0.779151412581,0.615698849791
1,1,23,0.853722060633,0.776243047018,0.21485895806
1,1,24,0.861174508644,0.787859943911,0.448662405343
1,1,25,0.857482124536,0.786804560805,0.441189626253
1,1,26,0.846761267853,0.771397186966,0.327100376475
1,1,27,0.857562614584,0.783839461162,0.471022169681
1,1,28,0.84756007712,0.762537505607,0.219824183127
1,1,29,0.853979347639,0.773846056465,0.190906980681
1,1,30,0.85443538469,0.777788460186,0.507689349774
1,1,31,0.863839629214,0.781554584496,0.208267067428
1,1,32,0.860205616539,0.802658938906,0.785482681255
1,1,33,0.862097147294,0.784153916069,0.219855628826
1,1,34,0.879177211174,0.799848181848,0.385673493317
1,1,35,0.857024269437,0.782244164764,0.307022993662
1,1,36,0.858089277411,0.774050586061,0.0799803880971
1,1,37,0.85704403197,0.771894045008,0.301865702942
1,1,38,0.85530081391,0.780573966965,0.549531420862
1,1,39,0.866164921823,0.787378101966,0.133937536287
1,1,40,0.835045872748,0.739645958423,0.400662639538
1,1,41,0.857936922495,0.765622151782,0.0911343743306
1,1,42,0.835796883858,0.732234821482,0.170294789953
1,1,43,0.851146316619,0.749957570541,0.177468472984
1,1,44,0.885707018152,0.834058694719,0.756915913096
1,1,45,0.86767221337,0.783533113704,0.351291827202
1,1,46,0.854884167895,0.770975416473,0.115727424145
1,1,47,0.844379261005,0.763912614899,0.435320837761
1,1,48,0.860956851331,0.769558265839,0.222962228495
1,1,49,0.850946141975,0.762008157133,0.291107532617
1,1,50,0.860790840193,0.768872462662,0.0825651182685
1,1,51,0.83410434063,0.750244826522,0.499128541619
1,1,52,0.861326870245,0.783269703822,0.340719817364
1,1,53,0.860825894814,0.797649757147,0.602114141573
1,1,54,0.848318630444,0.754467272978,0.189292951777
1,1,55,0.850967844605,0.765175356414,0.365218261855
1,1,56,0.864844633323,0.788127543173,0.18578814745
1,1,57,0.842650723349,0.750871476332,0.358146370492
1,1,58,0.857168777009,0.769457053157,0.315810480565
1,1,59,0.855210694495,0.767001659723,0.381972455342
1,1,60,0.859601478451,0.774649728546,0.328820841434
1,1,61,0.84851106194,0.755653437275,0.113895805679
1,1,62,0.832891439893,0.75242216103,0.472336104596
1,1,63,0.830065197396,0.733899611974,0.241283956971
1,1,64,0.848730123783,0.762349086532,0.14198762617
1,1,65,0.856339537709,0.78155657091,0.389854084815
1,1,66,0.852590245639,0.759753596172,0.228202060212
1,1,67,0.877300687417,0.827331065271,0.810546020893
1,1,68,0.864115153572,0.782860569538,0.0872908532311
1,1,69,0.853297237262,0.767114631471,0.202352796746
1,1,70,0.86114260519,0.775295053214,0.315606810747
1,1,71,0.870448084223,0.792258433369,0.256723757422
1,1,72,0.836793342827,0.749663257205,0.268078152566
1,1,73,0.862438077801,0.786324353243,0.345561344528
1,1,74,0.854725169505,0.778480295574,0.417833896787
1,1,75,0.866859816381,0.801395548216,0.677631914512
1,1,76,0.841778321315,0.755360770517,0.25014426332
1,1,77,0.852484308119,0.767632159472,0.187664126843
1,1,78,0.866719661369,0.793823593367,0.190844442237
1,1,79,0.848366216169,0.74688827886,0.192962116249
1,1,80,0.858647746315,0.776510750869,0.441072054693
1,1,81,0.85740615848,0.773877135714,0.366419383013
1,1,82,0.866868473128,0.792587100724,0.304900494945
1,1,83,0.86373515474,0.785038997705,0.444385703627
1,1,84,0.812750105572,0.729171448312,0.543865359312
1,1,85,0.864791551611,0.786525919911,0.351138291465
1,1,86,0.880149895729,0.805899182884,0.165644569612
1,1,87,0.850729329319,0.771216371844,0.372433882893
1,1,88,0.855055503462,0.76651947855,0.398048103323
1,1,89,0.870509605649,0.795590949579,0.448220737177
1,1,90,0.834563343863,0.724073492133,0.133597478254
1,1,91,0.86945103462,0.795651837864,0.302126199434
1,1,92,0.846320258247,0.759082708918,0.476860539338
1,1,93,0.853828876503,0.766292640906,0.100861706072
1,1,94,0.850121393516,0.75294079298,0.260881421113
1,1,95,0.779665107299,0.668169565111,0.296755582035
1,1,96,0.862535521989,0.789564658616,0.36947646704
1,1,97,0.854336177394,0.763220697866,0.19843973807
1,1,98,0.86652662728,0.792190965556,0.284763288143
1,1,99,0.85086898176,0.779194083926,0.354225166245
1,1,100,0.84744461571,0.7693366827,0.346025486905
1,1,101,0.857361522122,0.778815065231,0.480091264097
1,1,102,0.825061036951,0.739339668862,0.570333386212
1,1,103,0.851904350054,0.77726372737,0.268509458294
1,1,104,0.876106749296,0.804872479756,0.627760111691
1,1,105,0.854914034423,0.772171836739,0.431067889074
1,1,106,0.843672405645,0.752042868578,0.163220734425
1,1,107,0.856402864736,0.784200260369,0.565914069952
1,1,108,0.857960102263,0.782252829164,0.230044186899
1,1,109,0.848510326288,0.765485410479,0.377160663101
1,1,110,0.860260079118,0.807118096187,0.739353317942
1,1,111,0.849760098803,0.772217708002,0.409430023392
1,1,112,0.841929800672,0.764036972216,0.516235279036
1,1,113,0.889752642428,0.828219307004,0.640834317935
1,1,114,0.863038614183,0.780908621596,0.195666919689
1,1,115,0.855372490148,0.78459627914,0.663788614095
1,1,116,0.867029290772,0.796779367791,0.656765111876
1,1,117,0.84574364419,0.752860654659,0.226946301958
1,1,118,0.862396781678,0.789273325096,0.3860645185
1,1,119,0.848463465643,0.76608019398,0.337850124852
1,1,120,0.855080946192,0.771049154974,0.414661260123
1,1,121,0.864597208162,0.815179843478,0.799063865771
1,1,122,0.853014410657,0.762962173486,0.398919525388
1,1,123,0.8724166242,0.775539653232,0.206742699718
1,1,124,0.843243010416,0.74537989049,0.300157680025
1,1,125,0.863468316793,0.798356477235,0.775316397245
1,1,126,0.855020404868,0.764414826216,0.160212259694
1,1,127,0.851267562961,0.76099364064,0.226192741376
1,1,128,0.874023117483,0.798928576081,0.237320768433
1,1,129,0.882837801641,0.818021154123,0.676392741131
1,1,130,0.862755000706,0.790089261651,0.342464419633
1,1,131,0.855140428062,0.784038865202,0.707726017763
1,1,132,0.828488156234,0.735020823071,0.441957179682
1,1,133,0.856759013644,0.792468733351,0.519391154881
1,1,134,0.86599696281,0.78541094284,0.267797835545
1,1,135,0.867028172123,0.787480816273,0.386868775003
1,1,136,0.862757746929,0.785186194064,0.363215897679
1,1,137,0.868761986881,0.79319660209,0.148407162004
1,1,138,0.865488191297,0.787258782072,0.293156765412
1,1,139,0.858877929981,0.781175615434,0.21264063353
1,1,140,0.85176336712,0.770254783915,0.528374505016
1,1,141,0.852259678705,0.761541986909,0.301242604614
1,1,142,0.850063301112,0.746047710685,0.229591533002
1,1,143,0.867536164974,0.790589312883,0.340364854797
1,1,144,0.860945125455,0.77291578604,0.355734677131
1,1,145,0.865333248053,0.795938404137,0.631707530627
1,1,146,0.852985096891,0.774890289049,0.354968299082
1,1,147,0.846018634063,0.76598148752,0.426120543144
1,1,148,0.864749004207,0.789105150702,0.559271644003
1,1,149,0.83763287766,0.753555220827,0.288067633825
1,1,150,0.869538343142,0.803573883508,0.574646972962
1,1,151,0.849040505602,0.77149140141,0.652838652023
1,1,152,0.850259613157,0.769200519671,0.194344887195
1,1,153,0.861866475212,0.788413116819,0.398656025133
1,1,154,0.824693877551,0.705946651119,0.070790385039
1,1,155,0.849641152503,0.766160315757,0.233329197577
1,1,156,0.858014548152,0.780044642185,0.390670515607
1,1,157,0.861317987028,0.760276255002,0.303528716013
1,1,158,0.85349999613,0.772913828877,0.457744270891
1,1,159,0.88179185869,0.8030453397,0.264037626893
1,1,160,0.860488732891,0.789974176858,0.409563380352
1,1,161,0.825602465749,0.725672075522,0.392157793963
1,1,162,0.828993778634,0.731297932192,0.220823236141
1,1,163,0.879123377123,0.806284872583,0.360309420241
1,1,164,0.849773784048,0.774705150425,0.360811299332
1,1,165,0.850116531813,0.763602499441,0.126097674582
1,1,166,0.859875055201,0.785997701103,0.39282559768
1,1,167,0.846164514224,0.751263275245,0.154845706244
1,1,168,0.836951728282,0.743445825078,0.190503602949
1,1,169,0.866622463126,0.790824868761,0.440976214186
1,1,170,0.854663956125,0.772286891431,0.385600217591
1,1,171,0.864760292624,0.78685248698,0.159194248815
1,1,172,0.87836814007,0.810490216273,0.4583621209
1,1,173,0.859206470442,0.779031210177,0.17459402559
1,1,174,0.85673092569,0.781551795131,0.555194578866
1,1,175,0.837978881618,0.749922832907,0.598153614688
1,1,176,0.864114853958,0.781683561556,0.103473399492
1,1,177,0.863919645628,0.784861570864,0.206483496844
1,1,178,0.869332712741,0.809840565643,0.70804522433
1,1,179,0.859535830279,0.77085507157,0.30604541532
1,1,180,0.838417681073,0.738234302541,0.326771757088
1,1,181,0.847824144578,0.76473190681,0.105581231886
1,1,182,0.839878464244,0.752825758894,0.254276802489
1,1,183,0.854467841066,0.76822912748,0.345981491807
1,1,184,0.843068768289,0.761157702175,0.161558841666
1,1,185,0.856074919234,0.778944471881,0.391087990941
1,1,186,0.857296413661,0.771550837103,0.250708425192
1,1,187,0.881896165695,0.800359918697,0.184324942685
1,1,188,0.87062663168,0.781384841616,0.190768886306
1,1,189,0.854660020812,0.773600718395,0.335532222385
1,1,190,0.85940523334,0.766856034265,0.089161992465
1,1,191,0.863670970824,0.793008682516,0.493311444833
1,1,192,0.846260751052,0.762196540747,0.364769724274
1,1,193,0.817970046778,0.734932934226,0.448890937926
1,1,194,0.861634678704,0.773687572877,0.134984634818
1,1,195,0.867356098043,0.785320849031,0.209510032533
1,1,196,0.857926789423,0.773977703689,0.186551268969
1,1,197,0.851923282354,0.757486467918,0.179004618054
1,1,198,0.858292652925,0.778414623383,0.22192887149
1,1,199,0.867174678645,0.7903032834,0.248768789673
1,1,200,0.860172884032,0.780561309975,0.296906397734
1,1,201,0.850700733418,0.763336718235,0.392960682884
1,1,202,0.866091003357,0.794367733903,0.402569272494
1,1,203,0.834597264887,0.73912596815,0.246295553766
1,1,204,0.850752030764,0.765579393076,0.306666806991
1,1,205,0.825972943829,0.714028409015,0.257173503887
1,1,206,0.854435785093,0.781435376942,0.643685180283
1,1,207,0.879445872738,0.804593875929,0.331047665385
1,1,208,0.845669917606,0.747026246203,0.190911788101
1,1,209,0.858361561115,0.781736597834,0.339854485292
1,1,210,0.869476453993,0.780858865333,0.0756164684952
1,1,211,0.885603483818,0.840099861024,0.778197960685
1,1,212,0.846757931364,0.753494333519,0.224667631619
1,1,213,0.857809238525,0.764514554815,0.090053589951
1,1,214,0.858889555141,0.770636826746,0.154388597206
1,1,215,0.84824756141,0.755035303124,0.223304188701
1,1,216,0.877465996343,0.816985821821,0.617513838064
1,1,217,0.829447617322,0.720116293126,0.221369806259
1,1,218,0.851659647678,0.745296582273,0.172966910341
1,1,219,0.856364495003,0.769626944789,0.0598515586124
1,1,220,0.863038739844,0.773900619674,0.240231459877
1,1,221,0.848052726304,0.760243526731,0.460057871067
1,1,222,0.834908196703,0.728589576855,0.219360305482
1,1,223,0.840728836578,0.747874181132,0.388650744991
1,1,224,0.867416432488,0.785817647871,0.429281537486
1,1,225,0.855036614518,0.766401559563,0.196515897733
1,1,226,0.862333827533,0.771292683149,0.275492018927
1,1,227,0.843114210791,0.767427382616,0.619913861374
1,1,228,0.852808711962,0.754591261712,0.17309705621
1,1,229,0.847451790634,0.760470929528,0.423279773158
1,1,230,0.859274577681,0.773790064379,0.346096394555
1,1,231,0.801473240743,0.677851726005,0.0866694532863
1,1,232,0.86573483084,0.78343031517,0.395710639016
1,1,233,0.843304667982,0.744044403338,0.220504886006
1,1,234,0.854908444129,0.789289341957,0.564022685949
1,1,235,0.874554598073,0.796026195078,0.521366133041
1,1,236,0.861795288698,0.786615024652,0.282469750791
1,1,237,0.852721510465,0.765017086764,0.46724380229
1,1,238,0.847872666054,0.751536527881,0.336014632599
1,1,239,0.85009694834,0.750171229441,0.101579370972
1,1,240,0.864277331606,0.77755888343,0.236457162032
1,1,241,0.877061727531,0.800346443577,0.433365794247
1,1,242,0.8332356472,0.729263425097,0.251356613962
1,1,243,0.857521007879,0.767056779523,0.213048235797
1,1,244,0.871025890343,0.785893863154,0.173257526459
1,1,245,0.857253219458,0.774732713309,0.205844832216
1,1,246,0.859704648978,0.773123015407,0.0755133948698
1,1,247,0.852681971265,0.776870232879,0.333801097294
1,1,248,0.857809449867,0.776144306952,0.319539322826
1,1,249,0.84026421441,0.741208169777,0.216275893356
1,1,250,0.852781919926,0.776925591168,0.358708270226
1,1,251,0.854727863564,0.763721059883,0.275285385194
1,1,252,0.873473532296,0.815060266247,0.661098732612
1,1,253,0.85632050894,0.772690101318,0.449749771015
1,1,254,0.860991794563,0.776365753872,0.316272349605
1,1,255,0.855824690613,0.760937715772,0.185313388127
1,1,256,0.864589012075,0.779467804441,0.291969916043
1,1,257,0.873489910642,0.791947388933,0.398427744068
1,1,258,0.854071612633,0.758231760811,0.27856153308
1,1,259,0.849827756815,0.764497990635,0.418879673847
1,1,260,0.873168493305,0.79750564469,0.448388272358
1,1,261,0.854934397805,0.768556126782,0.495756053492
1,1,262,0.888007918402,0.824263956553,0.534528777123
1,1,263,0.857427902708,0.775352071001,0.150697456459
1,1,264,0.85709535766,0.775821478418,0.276515141195
1,1,265,0.840212329773,0.751655174062,0.245460997317
1,1,266,0.858487158122,0.767531092054,0.211512703487
1,1,267,0.85694132347,0.761479822193,0.0574797551728
1,1,268,0.84194178,0.765410955149,0.202137023699
1,1,269,0.87313042857,0.804913687998,0.367038818324
1,1,270,0.861529497335,0.774332522602,0.387031901596
1,1,271,0.864261424274,0.784988733107,0.109692588432
1,1,272,0.869564308927,0.788558575471,0.430212218066
1,1,273,0.863692033294,0.76915348703,0.399512984539
1,1,274,0.869724176948,0.792311471884,0.311252669639
1,1,275,0.85717467259,0.77916967812,0.633112021897
1,1,276,0.853927456768,0.768140720048,0.375574443457
1,1,277,0.872935173395,0.799494875878,0.268267229498
1,1,278,0.852758694188,0.782880583726,0.413047215689
1,1,279,0.855889055855,0.76664789296,0.157829770912
1,1,280,0.855508939113,0.770657868471,0.355708550807
1,1,281,0.86702373451,0.798630098376,0.674985540219
1,1,282,0.852518764279,0.757486415147,0.129924220177
1,1,283,0.864538155623,0.788378463546,0.425139089258
1,1,284,0.871512507958,0.798781144288,0.540373278322
1,1,285,0.855556944709,0.778686098637,0.278349729279
1,1,286,0.839538507083,0.745104882999,0.0939150665615
1,1,287,0.838534355541,0.747379715016,0.237649185458
1,1,288,0.847773469827,0.758189591647,0.471249909819
1,1,289,0.825669534354,0.735069649146,0.264391437853
1,1,290,0.769833025546,0.657043444791,0.245502110923
1,1,291,0.851991995225,0.767545508095,0.191718191525
1,1,292,0.836701004746,0.738721874853,0.382658836365
1,1,293,0.872632986583,0.801954518918,0.580408797025
1,1,294,0.878071471509,0.818337256837,0.690581884022
1,1,295,0.856658856741,0.782416302526,0.201635705261
1,1,296,0.85779385235,0.780466644878,0.255294389869
1,1,297,0.849375260308,0.760882019045,0.324106595672
1,1,298,0.854331704679,0.769322796416,0.200897018094
1,1,299,0.873608247472,0.80177626728,0.434105452795
1,1,300,0.836575550968,0.758533796672,0.58640152813
1,1,301,0.860602796661,0.781072897486,0.273026427111
1,1,302,0.866071072573,0.792193728117,0.350955000523
1,1,303,0.852217435162,0.78952206155,0.566084074117
1,1,304,0.879376824593,0.80077715207,0.210015750324
1,1,305,0.862693497674,0.793299749871,0.329583295533
1,1,306,0.870936919125,0.781916978572,0.334705182547
1,1,307,0.863571797604,0.77990797926,0.49283204363
1,1,308,0.862451211939,0.778319505719,0.18599486556
1,1,309,0.861469764357,0.785893090544,0.261544114425
1,1,310,0.870422606858,0.788190889707,0.407696531539
1,1,311,0.854767593902,0.77236546438,0.238151580763
1,1,312,0.823556324491,0.727154319715,0.391567238632
1,1,313,0.863302399311,0.795731074035,0.465761091781
1,1,314,0.849763575151,0.772987171289,0.59748009798
1,1,315,0.817435500412,0.695064796686,0.196987607619
1,1,316,0.823567951143,0.727693383746,0.267224125521
1,1,317,0.859551629822,0.774446532277,0.268914537411
1,1,318,0.868204823173,0.800649220301,0.477698078035
1,1,319,0.857349798649,0.781629613962,0.294673185847
1,1,320,0.880340163124,0.813999169758,0.558817712796
1,1,321,0.873511186724,0.791337607264,0.14779526391
1,1,322,0.845591341688,0.750770814497,0.170628070597
1,1,323,0.859120191547,0.774008069879,0.324871203803
1,1,324,0.855564412364,0.762307109885,0.256776583965
1,1,325,0.816078514739,0.701222043623,0.158452759912
1,1,326,0.855116070669,0.783249761024,0.508243254441
1,1,327,0.860315907868,0.770321524742,0.188734415561
1,1,328,0.822611694212,0.722737461074,0.226437332078
1,1,329,0.846246385185,0.750120338253,0.198663073937
1,1,330,0.862017077383,0.789302945633,0.580654684311
1,1,331,0.840241411415,0.751397573974,0.327075364244
1,1,332,0.829669407946,0.731369894735,0.339298371847
1,1,333,0.855964649508,0.774807479162,0.317718747304
1,1,334,0.855700227593,0.768979321481,0.336178141814
1,1,335,0.863104397885,0.792378006922,0.379904821612
1,1,336,0.798868312757,0.677730612543,0.20853616396
1,1,337,0.856580717943,0.777345145769,0.253359244799
1,1,338,0.854351213193,0.781722330196,0.462037254336
1,1,339,0.852228412256,0.769965412764,0.195763403332
1,1,340,0.877627486097,0.811397712752,0.594804514241
1,1,341,0.839809987471,0.750324429394,0.450225062298
1,1,342,0.862250635043,0.78334957239,0.388643131709
1,1,343,0.857293807145,0.785488174396,0.513690607446
1,1,344,0.852033545615,0.768558805111,0.17299535009
1,1,345,0.843697550943,0.753676566387,0.187341520853
1,1,346,0.847315283119,0.76799347297,0.361922172663
1,1,347,0.856598194202,0.77680366933,0.260373539405
1,1,348,0.881481788803,0.825094523563,0.806413802384
1,1,349,0.863822846769,0.779987616289,0.29585458315
1,1,350,0.84304547762,0.740399488009,0.38219457991
1,1,351,0.839287344777,0.757990840194,0.514217096699
1,1,352,0.857313166744,0.784301559712,0.585615305231
1,1,353,0.872720959682,0.782689616793,0.388837858189
1,1,354,0.849823762841,0.760006275678,0.264369288628
1,1,355,0.866504895678,0.789582704223,0.369750334228
1,1,356,0.844961375144,0.755774331235,0.278404333483
1,1,357,0.858209141171,0.751817634706,0.107533126414
1,1,358,0.857801506695,0.764708085726,0.2983722577
1,1,359,0.877162179679,0.798430474765,0.312597365848
1,1,360,0.859780372485,0.767269107813,0.201147076211
1,1,361,0.815409687641,0.70461860298,0.227682649618
1,1,362,0.874159378361,0.80483937565,0.332580403065
1,1,363,0.843764888218,0.764914520845,0.528623734215
1,1,364,0.844170511342,0.746456341519,0.432051554063
1,1,365,0.834300536222,0.739475016897,0.308231773249
1,1,366,0.849310018904,0.747967741482,0.325898036003
1,1,367,0.803734482405,0.738250243431,0.641315489001
1,1,368,0.773339901844,0.677724238948,0.359959166897
1,1,369,0.837047398253,0.749951522576,0.392538764485
1,1,370,0.849148029517,0.756605454897,0.218872618308
1,1,371,0.879454274785,0.816540907157,0.646486865617
1,1,372,0.861678404564,0.773649264407,0.310483203214
1,1,373,0.865614503864,0.802172106068,0.640965677737
1,1,374,0.856866165494,0.767820847375,0.270754702774
1,1,375,0.876680461026,0.807811002949,0.425316145661
1,1,376,0.855933081689,0.771137242941,0.283612681553
1,1,377,0.831849489796,0.738006983308,0.430303500715
1,1,378,0.855525110713,0.774236046231,0.468902743942
1,1,379,0.85905203493,0.764643001337,0.307180094505
1,1,380,0.879541710024,0.806451107692,0.494263938558
1,1,381,0.838804165235,0.747358175113,0.453594384912
1,1,382,0.869233726745,0.792381618106,0.237379087936
1,1,383,0.846441023525,0.751333451442,0.140253690904
1,1,384,0.845492746263,0.760717814673,0.382691007566
1,1,385,0.872734473433,0.798825621366,0.506193868948
1,1,386,0.865208056145,0.786273303328,0.266725674648
1,1,387,0.860857145822,0.789492824484,0.593082254826
1,1,388,0.855864646298,0.779662428351,0.599618581745
1,1,389,0.872543412572,0.78728489894,0.283697500203
1,1,390,0.832119904679,0.741328989195,0.222716385363
1,1,391,0.887541423381,0.812560257206,0.417276393737
1,1,392,0.862640405276,0.760880312053,0.171215446641
1,1,393,0.872643306696,0.80201440493,0.297158739432
1,1,394,0.86578631181,0.806844505411,0.721898563321
1,1,395,0.852706178774,0.777087707364,0.414339192371
1,1,396,0.868440725099,0.794736338126,0.302726632173
1,1,397,0.851953542186,0.75615676987,0.21534539945
1,1,398,0.868799169275,0.786769752729,0.328904825785
1,1,399,0.8624133897,0.781895902916,0.381085585299
1,1,400,0.840636984112,0.741414365225,0.167688672746
1,1,401,0.846642793434,0.757711377949,0.418342729655
1,1,402,0.858831873025,0.781489393372,0.461847773524
1,1,403,0.85815762963,0.774146594045,0.164420137783
1,1,404,0.871307746253,0.799965302009,0.314521515337
1,1,405,0.846621402131,0.760839359407,0.38894225233
1,1,406,0.850868383743,0.762504384109,0.410687984915
1,1,407,0.854964197519,0.775097245931,0.4494310818
1,1,408,0.867449782244,0.785869899503,0.252075313715
1,1,409,0.916850592316,0.866507291243,0.755842748542
1,1,410,0.811384101513,0.709458059919,0.314540360146
1,1,411,0.853962581567,0.77357440399,0.420711575743
1,1,412,0.866780050379,0.788734815831,0.417756536051
1,1,413,0.839562314054,0.756738668073,0.272702650801
1,1,414,0.860603501536,0.781460386216,0.363929551825
1,1,415,0.869638595856,0.786041172868,0.303744527903
1,1,416,0.866484551236,0.783145290295,0.357878670108
1,1,417,0.843957270827,0.749900788653,0.159505729272
1,1,418,0.858214767321,0.780572493964,0.351021763361
1,1,419,0.823835096358,0.740028564785,0.493209895178
1,1,420,0.840179421161,0.759528420518,0.436575084747
1,1,421,0.865412265545,0.789570554864,0.571280178732
1,1,422,0.852017352845,0.767531530042,0.126507279683
1,1,423,0.879011924691,0.794859134294,0.443779683369
1,1,424,0.843256875171,0.75374806184,0.343287309002
1,1,425,0.858106077601,0.767732863804,0.19715662984
1,1,426,0.866986804193,0.775599091861,0.299400267075
1,1,427,0.888461366004,0.829132935657,0.362685500636
1,1,428,0.882059223891,0.799241021666,0.304551702436
1,1,429,0.837048953029,0.735167969608,0.0986656796343
1,1,430,0.845358952228,0.762897468464,0.377081812769
1,1,431,0.823899176955,0.722668216189,0.299825395
1,1,432,0.882937743064,0.806398564047,0.495435397949
1,1,433,0.854979932785,0.764661435768,0.301157280562
1,1,434,0.838941715966,0.746359379519,0.453307147074
1,1,435,0.897180853276,0.847037371742,0.696553079497
1,1,436,0.874497598275,0.841106684487,0.828033852293
1,1,437,0.841106313036,0.744682029243,0.381346251472
1,1,438,0.850381287681,0.764519855379,0.399778789959
1,1,439,0.865784481485,0.780763161904,0.272447548051
1,1,440,0.837991332524,0.749435888072,0.284045689006
1,1,441,0.877733520729,0.801667219939,0.30599006056
1,1,442,0.850377740925,0.769472180252,0.513109315039
1,1,443,0.869280759215,0.798134378123,0.314508951185
1,1,444,0.876817131491,0.801092835013,0.417595736819
1,1,445,0.860932988697,0.792721699186,0.453316865189
1,1,446,0.872888176089,0.804697103162,0.621406035872
1,1,447,0.861396764141,0.775473389829,0.491468149154
1,1,448,0.804133326125,0.712640280946,0.38613911415
1,1,449,0.878285901634,0.802512911646,0.528504942049
1,1,450,0.842916337778,0.762736780458,0.261136152067
1,1,451,0.874080633216,0.798472388156,0.408145186259
1,1,452,0.864805713085,0.765735379258,0.317022249821
1,1,453,0.864591863751,0.784353211306,0.457497688545
1,1,454,0.874881532271,0.802286785453,0.519461785053
1,1,455,0.863822970044,0.792884523006,0.638005448621
1,1,456,0.855561987251,0.772126762808,0.33661734685
1,1,457,0.84589615421,0.760928834162,0.240148324587
1,1,458,0.840737779494,0.742603881136,0.27745812616
1,1,459,0.855196733976,0.766472622173,0.155544732862
1,1,460,0.821180229799,0.70003943981,0.159397339748
1,1,461,0.853486062752,0.770277224934,0.435018611084
1,1,462,0.877030403998,0.792951491996,0.386066027313
1,1,463,0.875348857162,0.804062892303,0.505391919963
1,1,464,0.860000671862,0.775577909813,0.231051417884
1,1,465,0.850271148219,0.770771886803,0.598984632422
1,1,466,0.858301152472,0.78859876097,0.399572539589
1,1,467,0.850518834096,0.765817416782,0.399313603843
1,1,468,0.86778200002,0.795591778579,0.597624595122
1,1,469,0.836961745483,0.754927005097,0.510476833086
1,1,470,0.848768833362,0.759222758735,0.223672549684
1,1,471,0.834491909342,0.743647755976,0.430934630061
1,1,472,0.848743924965,0.769442144221,0.569787856049
1,1,473,0.875065891057,0.808705709604,0.600563575007
1,1,474,0.856280481559,0.791693338938,0.629571980159
1,1,475,0.846979942117,0.753427904775,0.273706298307
1,1,476,0.855117223161,0.778817217324,0.439113120792
1,1,477,0.859800692042,0.759659794346,0.225989950299
1,1,478,0.863410408425,0.779650344162,0.284037525116
1,1,479,0.839105175796,0.75171399435,0.498991800334
1,1,480,0.834440697357,0.737002430284,0.143187680324
1,1,481,0.87709199318,0.800029476893,0.523594643998
1,1,482,0.85850315415,0.774202489053,0.15348821147
1,1,483,0.853128649692,0.768358629283,0.497912852298
1,1,484,0.856316831051,0.774032694735,0.562134242207
1,1,485,0.847741610302,0.762327744964,0.521075308939
1,1,486,0.884983930211,0.816184347964,0.636191572029
1,1,487,0.853784061187,0.763734095629,0.283315721712
1,1,488,0.858467365523,0.776803011662,0.259282410266
1,1,489,0.861346000287,0.779940130631,0.54370243217
1,1,490,0.868861344142,0.788390374667,0.456206180495
1,1,491,0.853692520437,0.764856995351,0.177791257223
1,1,492,0.852076784393,0.774220971989,0.504623865471
1,1,493,0.845660650735,0.775178148876,0.659056648747
1,1,494,0.858569739814,0.788153598954,0.41218239827
1,1,495,0.864395360497,0.786429732777,0.342402654936
1,1,496,0.844716346546,0.756701109581,0.388293436228
1,1,497,0.865141400597,0.784043258781,0.452591377864
1,1,498,0.845298261836,0.772958067486,0.572744386664
1,1,499,0.853653604333,0.777987747725,0.651171260498
1,1,500,0.857644537019,0.771068645545,0.433440094205
1,1,501,0.857945931646,0.792015650457,0.576673919667
1,1,502,0.858904085873,0.783917934495,0.52046158543
1,1,503,0.869920653081,0.79973597463,0.505215581327
1,1,504,0.869845621577,0.789553283851,0.321379224834
1,1,505,0.854439832715,0.766943472351,0.235020830685
1,1,506,0.860297265161,0.772333688024,0.492942039937
1,1,507,0.870637343722,0.785478669646,0.116331958669
1,1,508,0.853175471942,0.793690292731,0.819229998963
1,1,509,0.847376900899,0.763321960427,0.469097348148
1,1,510,0.861667564026,0.782785316331,0.396595651159
1,1,511,0.851426385063,0.774235569861,0.519601727122
1,1,512,0.856932687588,0.774470216453,0.420504619558
1,1,513,0.844439430369,0.754007019671,0.357162114958
1,1,514,0.873270935753,0.800740160108,0.545481276014
1,1,515,0.848592715415,0.756787421529,0.348602961804
1,1,516,0.857391515909,0.770594273843,0.323799673064
1,1,517,0.839323347107,0.737057605653,0.220051614625
1,1,518,0.837514677778,0.74781724126,0.328359908147
1,1,519,0.856664357368,0.773703230756,0.213502645612
1,1,520,0.816860855325,0.705848792002,0.268951344617
1,1,521,0.869772916452,0.794126582533,0.501654452387
1,1,522,0.817788052721,0.737061450478,0.492643000655
1,1,523,0.85668005885,0.785345164883,0.579128985015
1,1,524,0.847300675,0.751564933509,0.376500472976
1,1,525,0.859849537452,0.769777953586,0.341168995243
1,1,526,0.824794859077,0.738871557123,0.494041785196
1,1,527,0.86360551148,0.774150985748,0.189263050058
1,1,528,0.863277692107,0.772263552677,0.300418808951
1,1,529,0.841100186469,0.740604433714,0.178031128756
1,1,530,0.881457845081,0.798061606911,0.463290914418
1,1,531,0.855658240871,0.771410518772,0.274331369355
1,1,532,0.85891972492,0.775213509905,0.468460867952
1,1,533,0.840536357355,0.757186748655,0.427073847339
1,1,534,0.817573964497,0.740710916769,0.54144685345
1,1,535,0.874131845081,0.790405892062,0.375492330559
1,1,536,0.839533813942,0.742456959372,0.248642527671
1,1,537,0.831085562248,0.723814049131,0.3085764984
1,1,538,0.838972519877,0.743466620818,0.321502454365
1,1,539,0.867772076695,0.7788579237,0.234851747308
1,1,540,0.849716827142,0.754261208946,0.254770089726
1,1,541,0.868411131383,0.79796521511,0.483807142168
1,1,542,0.8453125,0.758329421574,0.462675090256
1,1,543,0.872577517418,0.781358663616,0.27849160072
1,1,544,0.868676674041,0.790560611664,0.263058972596
1,1,545,0.847101179722,0.759890566939,0.477871038467
1,1,546,0.857098435804,0.786001077663,0.652218773138
1,1,547,0.84799337599,0.763120073157,0.319360440821
1,1,548,0.85921682998,0.775828369111,0.262380950661
1,1,549,0.853484555172,0.780867351271,0.558636832741
1,1,550,0.845955386243,0.761879735714,0.232017511691
1,1,551,0.849371402579,0.774524131391,0.610165211779
1,1,552,0.845925747025,0.777666624838,0.673163123659
1,1,553,0.851478886433,0.759675702665,0.426906646634
1,1,554,0.890202419425,0.823191943738,0.549747854803
1,1,555,0.871574142156,0.802151770102,0.663416157948
1,1,556,0.903060913086,0.839707950999,0.707300253332
1,1,557,0.8472543618,0.742858011994,0.344929533903
1,1,558,0.83603933518,0.756242141615,0.4555626613
1,1,559,0.823216965996,0.715252185224,0.0977616377985
1,1,560,0.879096909654,0.824882003906,0.72992015966
1,1,561,0.840113198784,0.760354943795,0.557025381376
1,1,562,0.87387889408,0.790495956588,0.310220939615
1,1,563,0.842380515412,0.741959261509,0.283643059016
1,1,564,0.839959080586,0.729874477712,0.161376929025
1,1,565,0.854268727705,0.771909590931,0.318728775429
1,1,566,0.849447051888,0.767452066701,0.416562935096
1,1,567,0.835939013268,0.734637176364,0.241941265944
1,1,568,0.843677733315,0.763263308357,0.721726223946
1,1,569,0.854139713368,0.775641928154,0.679349003404
1,1,570,0.841890082645,0.73528193319,0.100526925821
1,1,571,0.834150024655,0.763008186964,0.679033917498
1,1,572,0.820292213635,0.715266005087,0.237953145946
1,1,573,0.881871265262,0.816832326313,0.606831442233
1,1,574,0.874350761773,0.787087228387,0.429061072912
1,1,575,0.842152405513,0.753080423866,0.450365415889
1,1,576,0.84925852763,0.748000263931,0.16405693204
1,1,577,0.884381444645,0.806650063098,0.554867398323
1,1,578,0.871320592129,0.792586556318,0.395081227039
1,1,579,0.863352128393,0.788598921027,0.559633230556
1,1,580,0.79921579232,0.6806064149,0.296906955001
1,1,581,0.852745688807,0.76737715842,0.432255114973
1,1,582,0.866460235812,0.793884572229,0.532737614758
1,1,583,0.846901213965,0.744222367288,0.185687111105
1,1,584,0.87093749239,0.793273431191,0.300362490656
1,1,585,0.826797751802,0.733783580806,0.289795797066
1,1,586,0.759698432283,0.648645919257,0.151857796728
1,1,587,0.826928069227,0.735491093299,0.370671490673
1,1,588,0.863914936856,0.808710947229,0.712917716514
1,1,589,0.846633932411,0.76206728656,0.433301381485
1,1,590,0.802317761042,0.698895375807,0.274729181745
1,1,591,0.849104962654,0.764784738989,0.533656959264
1,1,592,0.811404891672,0.7039311028,0.345857002983
1,1,593,0.837921753702,0.763061573125,0.56565569785
1,1,594,0.830023778174,0.736966708568,0.289529370248
1,1,595,0.868828689855,0.792013722544,0.552762328053
1,1,596,0.818626058491,0.726969975449,0.375432896632
1,1,597,0.843568037266,0.756972464875,0.465508795859
1,1,598,0.857041665858,0.789603118788,0.63539920703
1,1,599,0.798361166805,0.701985815673,0.430169054309
1,1,600,0.811988711123,0.694886532382,0.221100645896
1,1,601,0.85337389971,0.773498158259,0.602981947097
1,1,602,0.87472424648,0.802351258056,0.509270719873
1,1,603,0.813368626498,0.700986446636,0.186013144289
1,1,604,0.848195826125,0.749715855112,0.304328900656
1,1,605,0.880679092366,0.800162263541,0.218650147594
1,1,606,0.820224676015,0.707438845294,0.0975075158042
1,1,607,0.837548205664,0.737172599684,0.398276890345
1,1,608,0.883825034539,0.815846691138,0.312877339213
1,1,609,0.866995298803,0.790935777371,0.401533452901
1,1,610,0.844470124474,0.767286457994,0.510133238055
1,1,611,0.855463953798,0.76265686755,0.134627091588
1,1,612,0.865117001544,0.773230838474,0.219555993866
1,1,613,0.754137389053,0.635439169964,0.1410609846
1,1,614,0.863777144891,0.776157861739,0.406998617869
1,1,615,0.855604118379,0.758612812971,0.373014662301
1,1,616,0.841451516954,0.753918824511,0.416224419289
1,1,617,0.854117739255,0.784417144801,0.618584831346
1,1,618,0.829843103549,0.730659171105,0.345912264115
1,1,619,0.863965473445,0.778227480353,0.397088176253
1,1,620,0.819560632482,0.724489413734,0.428801149344
1,1,621,0.855494800144,0.767534728409,0.221794701964
1,1,622,0.876108964087,0.791598473231,0.389527534948
1,1,623,0.810235431842,0.705279122727,0.181361100855
1,1,624,0.845125740668,0.754007886061,0.320099118813
1,1,625,0.87817413611,0.799089485113,0.417612341277
1,1,626,0.840737162017,0.742946592964,0.369226356709
1,1,627,0.765176891958,0.637141797167,0.120453110853
1,1,628,0.828152529325,0.743817933779,0.425190509021
1,1,629,0.851818763459,0.779225768244,0.626044097449
1,1,630,0.860786113238,0.760812454481,0.182333532038
1,1,631,0.843660544712,0.748302641662,0.283331264644
1,1,632,0.860244140625,0.778352258152,0.565894733318
1,1,633,0.855987686438,0.771246060511,0.514427939026
1,1,634,0.869630013464,0.81497701554,0.702326626223
1,1,635,0.861778042315,0.776021535245,0.176449605432
1,1,636,0.88157530954,0.816766018823,0.573392554268
1,1,637,0.874287109375,0.793315387861,0.52343616386
1,1,638,0.873833629718,0.80094828734,0.628634105793
1,1,639,0.847963402996,0.748538956405,0.281661515964
1,1,640,0.867522408787,0.787296332901,0.328137173426
1,1,641,0.884580761317,0.83827654965,0.781374551191
1,1,642,0.847241274196,0.764015370102,0.486564120994
1,1,643,0.864770308256,0.771423616573,0.0870418484855
1,1,644,0.837625711997,0.741321669825,0.409170911965
1,1,645,0.834729563571,0.754126923099,0.507182533577
1,1,646,0.868346470173,0.79249680958,0.519427310781
1,1,647,0.871376992365,0.788322195721,0.453956995378
1,1,648,0.734043756007,0.651887059458,0.444083219029
1,1,649,0.85518515625,0.761339375387,0.218039816711
1,1,650,0.838401271094,0.737672936155,0.344285289036
1,1,651,0.863742330248,0.776762586576,0.315894187548
1,1,652,0.833928090115,0.738576400103,0.345697989039
1,1,653,0.86456773124,0.783068811911,0.269986431801
1,1,654,0.885169019711,0.826727770554,0.708402922804
1,1,655,0.873532967747,0.797149181861,0.554420148912
1,1,656,0.849122998658,0.744797208699,0.158397878514
1,1,657,0.781778692273,0.652874028697,0.132234206438
1,1,658,0.845893079357,0.756457923312,0.395372394039
1,1,659,0.834272244425,0.745744808321,0.485372197138
1,1,660,0.845493753718,0.758168821589,0.348430881741
1,1,661,0.843870246718,0.725053172758,0.246539324089
1,1,662,0.842769622803,0.744682881065,0.422227288904
1,1,663,0.847749023438,0.75582244917,0.452693739381
1,1,664,0.801924198251,0.691649401016,0.216924531872
1,1,665,0.8213436259,0.713242158143,0.248692058065
1,1,666,0.848217908305,0.741246669904,0.230476694207
1,1,667,0.876875372011,0.796992407717,0.443102570158
1,1,668,0.862605133028,0.787545809765,0.398322464037
1,1,669,0.84444150692,0.749504524366,0.329459089991
1,1,670,0.824301972067,0.723632262132,0.327686258152
1,1,671,0.825355555556,0.746932430594,0.544822364399
1,1,672,0.839234337865,0.766317273611,0.567296339128
1,1,673,0.832502457753,0.737383843788,0.303638639623
1,1,674,0.855026036269,0.774911136593,0.367249510368
1,1,675,0.848252136508,0.752768847758,0.399853145332
1,1,676,0.841179118706,0.762051257268,0.535829539982
1,1,677,0.803002081165,0.7031272868,0.245701899122
1,1,678,0.832606267359,0.764693169903,0.587224996777
1,1,679,0.890934508695,0.819048759418,0.473202609207
1,1,680,0.874220359266,0.80515398881,0.446944279106
1,1,681,0.830600791726,0.713639038428,0.109411974944
1,1,682,0.844445757194,0.757298503053,0.385560624447
1,1,683,0.862841552062,0.80201792586,0.572564562761
1,1,684,0.771728421761,0.676157903869,0.336443348798
1,1,685,0.850902046843,0.762016566782,0.374985913959
1,1,686,0.856162874539,0.781402219182,0.515588986371
1,1,687,0.811317338162,0.702123434806,0.238236188932
1,1,688,0.821849030471,0.746194058509,0.580608741142
1,1,689,0.850802510381,0.757166898831,0.105568676471
1,1,690,0.862882922605,0.772438739144,0.281181611855
1,1,691,0.855849955814,0.767223379689,0.500915847982
1,1,692,0.836370025952,0.744028127011,0.449043318024
1,1,693,0.829222193879,0.718385234282,0.174633178735
1,1,694,0.89718568909,0.836711062982,0.692970878155
1,1,695,0.833655386936,0.735545097878,0.441381092813
1,1,696,0.843259588607,0.745408125918,0.242948480659
1,1,697,0.859664068799,0.791392805488,0.69276252311
1,1,698,0.830242214533,0.723462947526,0.218162929936
1,1,699,0.865958052317,0.77349028273,0.268309664562
1,1,700,0.842092854785,0.737556937424,0.374205850809
1,1,701,0.861630359488,0.806604143264,0.80993503458
1,1,702,0.845293005671,0.755311997465,0.44836378104
1,1,703,0.879284972299,0.813948756328,0.592255000389
1,1,704,0.789752066116,0.679847135615,0.218226683688
1,1,705,0.856079133549,0.749648338565,0.266987950865
1,1,706,0.839043474096,0.753272066859,0.443895377449
1,1,707,0.826134067952,0.72382378765,0.400309693772
1,1,708,0.820904741583,0.703002957549,0.238062043023
1,1,709,0.87062590086,0.803729605452,0.627248129559
1,1,710,0.840523186683,0.767787432436,0.561301357463
1,1,711,0.85724217179,0.778180533741,0.553899948589
1,1,712,0.862293511068,0.785341804499,0.499531958114
1,1,713,0.875428130528,0.822676224296,0.675295229588
1,1,714,0.820394448503,0.697231564411,0.217473762187
1,1,715,0.895640495868,0.856308170348,0.817063199745
1,1,716,0.843661631634,0.736053132852,0.168854705838
1,1,717,0.885859692869,0.848818838865,0.920015893233
1,1,718,0.802934027778,0.685596439349,0.281904522937
1,1,719,0.829637115997,0.752528538464,0.634618920543
1,1,720,0.859807967129,0.776183108425,0.29117120418
1,1,721,0.867564513409,0.777838989932,0.271844505405
1,1,722,0.825695781954,0.745635722225,0.46625800244
1,1,723,0.85675866771,0.778935620905,0.549174895624
1,1,724,0.765486111111,0.6457423539,0.168020658488
1,1,725,0.866503529066,0.779992357173,0.418171903308
1,1,726,0.823071492271,0.69514502489,0.205931119559
1,1,727,0.843758324897,0.756870361922,0.543011877323
1,1,728,0.876604876355,0.816060961708,0.596103884178
1,1,729,0.813095330074,0.716629090977,0.375884053177
1,1,730,0.844055997106,0.742136941064,0.211774963959
1,1,731,0.846843299633,0.795125742958,0.882812196269
1,1,732,0.857095616024,0.783335383253,0.606430966232
1,1,733,0.854148568244,0.767244533256,0.514871426136
1,1,734,0.844308289661,0.75934121597,0.433536503528
1,1,735,0.850430685628,0.780529771134,0.610599750373
1,1,736,0.850183984886,0.771785029822,0.400963851033
1,1,737,0.83254332267,0.755751091661,0.540027872609
1,1,738,0.837260007853,0.730770111167,0.234274583019
1,1,739,0.854856790123,0.777859918074,0.478992194259
1,1,740,0.835136741974,0.722390545248,0.305558366262
1,1,741,0.815018481883,0.709754078909,0.305384785726
1,1,742,0.858922934615,0.759479139656,0.117631158175
1,1,743,0.769264705882,0.647681704183,0.176306733739
1,1,744,0.839795696373,0.743830220031,0.29422119347
1,1,745,0.863591836735,0.789504607505,0.61559490715
1,1,746,0.875981237402,0.800547518832,0.478102507757
1,1,747,0.877882027158,0.814867237827,0.507731959211
1,1,748,0.827963688145,0.761720609478,0.617588245586
1,1,749,0.860534409842,0.803748988716,0.652110532626
1,1,750,0.827518294177,0.727434455467,0.409550971204
1,1,751,0.831161408322,0.74160403298,0.504820221464
1,1,752,0.843409781789,0.74226140035,0.168946775609
1,1,753,0.859272438943,0.773398097549,0.569445634649
1,1,754,0.873921904537,0.803304069786,0.610899791554
1,1,755,0.84718325287,0.744224499049,0.0966042261814
1,1,756,0.871678711872,0.790493634808,0.554839649376
1,1,757,0.877460978148,0.817394075407,0.666411664724
1,1,758,0.845473251029,0.756864098054,0.477299844908
1,1,759,0.83282648283,0.737797505862,0.228342462714
1,1,760,0.796482615928,0.693031162367,0.327829794618
1,1,761,0.850165750507,0.770852394392,0.502522908365
1,1,762,0.724773674091,0.611210474664,0.146296838521
1,1,763,0.865696777859,0.786994886653,0.551214819537
1,1,764,0.865819746783,0.795573205306,0.557038013115
1,1,765,0.841789777279,0.744299312107,0.368925267912
1,1,766,0.829890181812,0.731638437284,0.360827344168
1,1,767,0.857750495828,0.790484174728,0.685254956406
1,1,768,0.886079710408,0.836718442945,0.775978851017
1,1,769,0.832342129842,0.726829367679,0.231727797725
1,1,770,0.806372123945,0.7104174527,0.373511420981
1,1,771,0.840828976219,0.741034838887,0.244709390881
1,1,772,0.838298514672,0.740434878788,0.324411905991
1,1,773,0.849240676663,0.779679199467,0.627446206613
1,1,774,0.8197,0.733690758989,0.509035065847
1,1,775,0.822158513572,0.717768607829,0.276678895829
1,1,776,0.833238851096,0.756221294905,0.591387877568
1,1,777,0.840231120666,0.733570349832,0.261692349843
1,1,778,0.811309462741,0.702066849473,0.262183774887
1,1,779,0.84131007476,0.746425183871,0.391370997999
1,1,780,0.851228235048,0.751299480553,0.322364985255
1,1,781,0.804023668639,0.686041611827,0.249782689458
1,1,782,0.834882867644,0.737233028559,0.303959928121
1,1,783,0.841587539022,0.737668210092,0.405795946907
1,1,784,0.857847846974,0.75711564697,0.232903127896
1,1,785,0.786816058578,0.669141862,0.0954529162633
1,1,786,0.762084245463,0.640331664495,0.0923900773517
1,1,787,0.840462071595,0.740215708256,0.319936930614
1,1,788,0.867167480609,0.774451328877,0.377286480258
1,1,789,0.90572631893,0.870130964383,0.890908368323
1,1,790,0.873540581047,0.814448511193,0.642087352699
1,1,791,0.860563265969,0.794745205794,0.643289614528
1,1,792,0.764537219665,0.632877628312,0.141558074305
1,1,793,0.884612037759,0.827878711645,0.802799957322
1,1,794,0.803163869098,0.719760639246,0.475806453313
1,1,795,0.832029797821,0.729301167262,0.370544451983
1,1,796,0.814856360352,0.70574865578,0.337929871106
1,1,797,0.842970579091,0.749355211708,0.345180604011
1,1,798,0.861144555763,0.755063200737,0.16422804803
1,1,799,0.871620707596,0.801374668988,0.653164767451
1,1,800,0.824505355848,0.732742735296,0.412539705676
1,1,801,0.852837465565,0.797026817992,0.726983019005
1,1,802,0.833770129145,0.751916814696,0.530035530532
1,1,803,0.85661279122,0.781652667119,0.547133359059
1,1,804,0.875109259367,0.777170578319,0.447934402725
1,1,805,0.827192458546,0.7283313818,0.405142324737
1,1,806,0.856089302112,0.757669580568,0.389990616377
1,1,807,0.854566096192,0.77818630527,0.483262428325
1,1,808,0.82964014008,0.723324234579,0.297776618567
1,1,809,0.85451621265,0.758027636336,0.329798640112
1,1,810,0.860494400704,0.753909582172,0.333751467252
1,1,811,0.847639459982,0.770570197226,0.635452857784
1,1,812,0.79676635197,0.688853598021,0.19201059606
1,1,813,0.799927438861,0.676341814825,0.110243345854
1,1,814,0.828161667177,0.747915608726,0.560983573056
1,1,815,0.772056651701,0.69439610186,0.587307103177
1,1,816,0.844285178626,0.761981274647,0.498113023734
1,1,817,0.848208977408,0.777818471413,0.587604588017
1,1,818,0.890045450856,0.836720293046,0.729975823715
1,1,819,0.871715976331,0.815069982562,0.734854134246
1,1,820,0.848354189824,0.764267398319,0.413573080938
1,1,821,0.797601817328,0.680268433383,0.0621991244161
1,1,822,0.788669997172,0.672139635224,0.329107142653
1,1,823,0.830433290854,0.785614653209,0.760286290082
1,1,824,0.898481507068,0.854401446989,0.850400849267
1,1,825,0.853120329232,0.78521278926,0.721435915213
1,1,826,0.849411624664,0.763758349006,0.519020303107
1,1,827,0.842179521634,0.752181053569,0.445163388479
1,1,828,0.81093367718,0.708672650594,0.427108873
1,1,829,0.853997594082,0.766336991399,0.459338580933
1,1,830,0.87107603458,0.790373786108,0.530625985806
1,1,831,0.814500524728,0.71654628503,0.300199160325
1,1,832,0.82930198148,0.730225220353,0.270481694027
1,1,833,0.839609665552,0.744404419171,0.321660248225
1,1,834,0.82807736972,0.736776523101,0.486411918118
1,1,835,0.8452605,0.757996904344,0.35493202018
1,1,836,0.871603436675,0.819462214385,0.808700341209
1,1,837,0.845461104383,0.763537311004,0.494854500461
1,1,838,0.802244351962,0.716132559332,0.473538427571
1,1,839,0.838778,0.754383439554,0.51390559932
1,1,840,0.873437952266,0.801170505164,0.48715582134
1,1,841,0.804735725309,0.707626526083,0.411976671201
1,1,842,0.83874440608,0.761442372031,0.384020050943
1,1,843,0.672585034014,0.569207258774,0.147146733488
1,1,844,0.85216931545,0.743205106118,0.104909111337
1,1,845,0.847345132743,0.769637099044,0.57486899944
1,1,846,0.844064681123,0.750046190179,0.420809319833
1,1,847,0.901084331023,0.84648875351,0.769225703746
1,1,848,0.849138379842,0.747093111626,0.213707954855
1,1,849,0.829014171963,0.728246231918,0.31005928751
1,1,850,0.846521125457,0.760574232848,0.559616432336
1,1,851,0.895548044986,0.848137061329,0.753730598989
1,1,852,0.841870543254,0.73860194153,0.294115432472
1,1,853,0.828406436748,0.737168449451,0.462677208693
1,1,854,0.787058396343,0.676181224253,0.301412643802
1,1,855,0.826856,0.720345233585,0.269184941171
1,1,856,0.866455383174,0.793469809134,0.463383392833
1,1,857,0.914125273923,0.893216950358,0.9356825599
1,1,858,0.841215182124,0.765356123865,0.614603813338
1,1,859,0.839985672578,0.744520322835,0.37426945564
1,1,860,0.839243701598,0.73487448407,0.260265501637
1,1,861,0.833132154006,0.756065929744,0.55222078591
1,1,862,0.799270833333,0.686462391994,0.357463500938
1,1,863,0.854352,0.76348049787,0.349507401344
1,1,864,0.762621311636,0.665950056876,0.361790055547
1,1,865,0.82688404636,0.748737076706,0.502773663304
1,1,866,0.868477874308,0.800309179458,0.667664515845
1,1,867,0.871827473226,0.788377968705,0.536774400475
1,1,868,0.848371691307,0.768969560061,0.521251824234
1,1,869,0.858526725272,0.767854356173,0.449139410613
1,1,870,0.866233723313,0.773348842861,0.493374623579
1,1,871,0.834036165487,0.734928141586,0.330764352421
1,1,872,0.835383506785,0.743073295291,0.538707640927
1,1,873,0.817173668913,0.701519823318,0.233152326303
1,1,874,0.752649136578,0.636222072327,0.165013446882
1,1,875,0.852887021212,0.748974511791,0.290352995924
1,1,876,0.7734375,0.660920614479,0.284070989048
1,1,877,0.834974913605,0.734806947883,0.381304103143
1,1,878,0.821266464934,0.718033681261,0.427180663942
1,1,879,0.841778888426,0.743367134545,0.38695646262
1,1,880,0.849489795918,0.774250628425,0.582426935651
1,1,881,0.865582782263,0.769685895546,0.461983814372
1,1,882,0.811962023507,0.714532561034,0.401021153674
1,1,883,0.840647866618,0.744508205716,0.419821422781
1,1,884,0.855095757378,0.774297246062,0.572541789936
1,1,885,0.845022573617,0.781200369479,0.594644097542
1,1,886,0.823034457772,0.716934400028,0.273057135438
1,1,887,0.858502224419,0.777167032625,0.525620916684
1,1,888,0.815669037585,0.70869942689,0.250370712286
1,1,889,0.803923912301,0.709614267827,0.425154239077
1,1,890,0.81865877712,0.700564941857,0.235258678041
1,1,891,0.823053770023,0.719499314888,0.280206597499
1,1,892,0.728319807527,0.635037996469,0.296838742116
1,1,893,0.795966191315,0.720035587236,0.509757236462
1,1,894,0.875133333333,0.825556408644,0.776301392418
1,1,895,0.840854989089,0.751871773953,0.480037314757
1,1,896,0.837641101108,0.755389739866,0.495554716266
1,1,897,0.85873015873,0.773088966689,0.520807236167
1,1,898,0.760325443787,0.638754196393,0.181200795762
1,1,899,0.825874485597,0.732203970421,0.472986943398
1,1,900,0.845806121826,0.7751134238,0.594918579132
1,1,901,0.875188092063,0.793231632447,0.440283366886
1,1,902,0.835098140496,0.757535375209,0.541797257197
1,1,903,0.83099112426,0.739137359351,0.474189149013
1,1,904,0.845773981412,0.755591012934,0.421950212961
1,1,905,0.826191627008,0.77383712954,0.762220620614
1,1,906,0.84269274683,0.736720710671,0.360277058175
1,1,907,0.835853731471,0.735161846986,0.334171822777
1,1,908,0.794062017156,0.684801378292,0.325118703519
1,1,909,0.860071637289,0.759653480751,0.327815359193
1,1,910,0.857997682075,0.798430655525,0.697940084314
1,1,911,0.870947071639,0.821629043965,0.759467198832
1,1,912,0.841700680272,0.776783000742,0.668894704602
1,1,913,0.857505202914,0.758849638573,0.4195633048
1,1,914,0.830225742742,0.772768463067,0.698646945165
1,1,915,0.872424111398,0.812197632224,0.730569670342
1,1,916,0.824229200474,0.753313387703,0.556843322105
1,1,917,0.796066727885,0.70776718924,0.44354113342
1,1,918,0.846211751302,0.766987208939,0.594896485773
1,1,919,0.816735790367,0.728971689522,0.536503729971
1,1,920,0.802674093364,0.72221504116,0.516922283832
1,1,921,0.77600591716,0.680024421688,0.396237642852
1,1,922,0.861877291028,0.766071201639,0.434834920536
1,1,923,0.855227623457,0.756433795982,0.436454692861
1,1,924,0.815187294806,0.71452646909,0.413603046734
1,1,925,0.832076968855,0.749240131983,0.440469408311
1,1,926,0.865295421165,0.779746613405,0.490662942997
1,1,927,0.787720740997,0.718397127909,0.596277028513
1,1,928,0.82705,0.747259953251,0.545791195278
1,1,929,0.822729105079,0.713386587316,0.388986652265
1,1,930,0.831714649092,0.717743548411,0.236141128206
1,1,931,0.821559015763,0.725369317529,0.464154594851
1,1,932,0.886748576982,0.828000979332,0.684153877293
1,1,933,0.776218820862,0.655276381328,0.215404291208
1,1,934,0.838159091808,0.729614202813,0.411105869256
1,1,935,0.829123938471,0.746248585829,0.499427531131
1,1,936,0.825525497219,0.760391980082,0.610416064065
1,1,937,0.843139686279,0.769890086443,0.600536933719
1,1,938,0.836616394788,0.761370413702,0.570684677894
1,1,939,0.787013888889,0.704091915376,0.488060520242
1,1,940,0.828158802055,0.720011529771,0.366005988845
1,1,941,0.812594482237,0.72198375489,0.449083732901
1,1,942,0.83099112426,0.706219516379,0.252277713765
1,1,943,0.826430221631,0.71299281051,0.154168991501
1,1,944,0.84655,0.785202190686,0.693547627075
1,1,945,0.810272257446,0.710035219938,0.390579320291
1,1,946,0.834584171215,0.743258379579,0.470088191607
1,1,947,0.855661157025,0.785970200184,0.617705342038
1,1,948,0.807710514591,0.712564473582,0.439568903645
1,1,949,0.866529492455,0.812023819517,0.721411231334
1,1,950,0.902681109695,0.846222565625,0.739274520697
1,1,951,0.86597188303,0.782311128102,0.568169013361
1,1,952,0.763314167217,0.643193865284,0.251246223796
1,1,953,0.824679930796,0.749513943519,0.577623010574
1,1,954,0.82591540404,0.730667968138,0.432425680158
1,1,955,0.850521690417,0.760130728506,0.48802838492
1,1,956,0.831501423994,0.748931672951,0.550850246904
1,1,957,0.899104539775,0.836834834378,0.639260815039
1,1,958,0.784440248432,0.687121905504,0.374529020574
1,1,959,0.757932833937,0.650276880337,0.311708197539
1,1,960,0.836841599385,0.745144339404,0.446443563379
1,1,961,0.783765715894,0.679815741823,0.304178761135
1,1,962,0.791595649704,0.692960410101,0.380237359665
1,1,963,0.807130550552,0.717397983906,0.462274541224
