0,1,0,0.884199070011,0.929572620216,1.0
1,0,0,0.994752805776,0.995968623868,1.0
0,0,0,0.832501640748,0.854041576427,0.966335056788
1,1,0,0.815055952957,0.750487275717,0.515198021512
1,1,1,0.808797008498,0.727144896894,0.117250822554
1,1,2,0.834989594173,0.77106872889,0.68525604702
1,1,3,0.829756681412,0.75439495983,0.309013996308
1,1,4,0.810615740986,0.738721316614,0.338302467005
1,1,5,0.84831334385,0.7836352754,0.583605058577
1,1,6,0.781409894349,0.706294163876,0.310473576633
1,1,7,0.819390191927,0.739087739095,0.153582542772
1,1,8,0.815037624144,0.734168760571,0.320860587922
1,1,9,0.805867875341,0.719193230661,0.264575952771
1,1,10,0.778729495473,0.703616745433,0.521978756903
1,1,11,0.816353092635,0.743438615844,0.424492417021
1,1,12,0.821134811911,0.751818939893,0.297468599687
1,1,13,0.832697292795,0.755989529667,0.382611555834
1,1,14,0.828531460819,0.744887775599,0.150640424942
1,1,15,0.811016682056,0.720467918704,0.350738169014
1,1,16,0.823197561573,0.751088077387,0.545868576465
1,1,17,0.854152441986,0.78464438043,0.368613719135
1,1,18,0.810902720747,0.737394728507,0.531301625584
1,1,19,0.829212033988,0.758769265909,0.48539435146
1,1,20,0.829049747109,0.751375243978,0.390581743663
1,1,21,0.797284405035,0.71851659657,0.182922796682
1,1,22,0.8146707473,0.735712674716,0.09249285383
1,1,23,0.821277339922,0.745628232483,0.223461804134
1,1,24,0.815180468287,0.734128455817,0.198488208832
1,1,25,0.824333904347,0.74858150274,0.386048553513
1,1,26,0.803951327685,0.727567457304,0.220930510307
1,1,27,0.821412417217,0.746538709485,0.392053325336
1,1,28,0.8144250552,0.743258655173,0.236293941031
1,1,29,0.798567595587,0.722021110702,0.162710443517
1,1,30,0.776159220202,0.695271972132,0.437556366734
1,1,31,0.831431044427,0.743516070787,0.130549841818
1,1,32,0.809483183685,0.734007307535,0.47174242956
1,1,33,0.786594695375,0.698483536377,0.056615234737
1,1,34,0.847943307877,0.760267747479,0.349256603415
1,1,35,0.824031703941,0.74852663819,0.512359867481
1,1,36,0.85272178635,0.784316276322,0.213240933776
1,1,37,0.748441369231,0.662170407073,0.0690565232623
1,1,38,0.859195362695,0.803022141282,0.664229269034
1,1,39,0.840743644787,0.772826710262,0.465905039247
1,1,40,0.726062486646,0.614451364039,0.121334329962
1,1,41,0.845043266541,0.774377590802,0.266089069993
1,1,42,0.78450659235,0.687647770712,0.231895357891
1,1,43,0.778053280061,0.69343842964,0.352304870472
1,1,44,0.813860561915,0.770425711403,0.758119934872
1,1,45,0.773777359505,0.686243003388,0.147348674229
1,1,46,0.818468573552,0.744589378506,0.258813132178
1,1,47,0.819737395842,0.744331293166,0.589207962096
1,1,48,0.838667355988,0.762104964601,0.432464134566
1,1,49,0.808389197531,0.716169572044,0.288339960079
1,1,50,0.825826028416,0.735305619926,0.1912517175
1,1,51,0.777687296417,0.672681084902,0.172129235265
1,1,52,0.855964142314,0.790215000808,0.545917367083
1,1,53,0.837083308985,0.755257202906,0.38200320754
1,1,54,0.82814021913,0.740009782148,0.241101926809
1,1,55,0.695930664326,0.614388139046,0.298058923739
1,1,56,0.814147182627,0.733035880343,0.384901527526
1,1,57,0.78894768819,0.697378207134,0.460884014701
1,1,58,0.808781650524,0.720430977911,0.409801452792
1,1,59,0.820663366326,0.750967300551,0.646500148197
1,1,60,0.863492179272,0.799767873802,0.575182034245
1,1,61,0.842165816866,0.762120614394,0.133343586543
1,1,62,0.748144411748,0.677194956268,0.60587554709
1,1,63,0.829777599716,0.765578030039,0.679783392811
1,1,64,0.839112530302,0.774445967097,0.385003253441
1,1,65,0.819211572186,0.74539320719,0.524792293182
1,1,66,0.818399430402,0.726257126768,0.28227098591
1,1,67,0.86594234404,0.796301657769,0.489581089028
1,1,68,0.864795056297,0.805810970424,0.476206166817
1,1,69,0.822539322607,0.745075184414,0.501805645824
1,1,70,0.787484702876,0.696123113079,0.263916647534
1,1,71,0.837665610296,0.76605039732,0.478110053573
1,1,72,0.787621039516,0.700503840656,0.393603093498
1,1,73,0.842179824989,0.768196217348,0.312451755992
1,1,74,0.801484912789,0.714787086046,0.148943729341
1,1,75,0.792158019868,0.686794831698,0.282076684933
1,1,76,0.813373992245,0.737972214772,0.399354788394
1,1,77,0.823667147323,0.752024875683,0.503936196436
1,1,78,0.830108468226,0.759152124272,0.339035464822
1,1,79,0.824495159483,0.746075252906,0.525730567779
1,1,80,0.840684954345,0.770061495775,0.624864159561
1,1,81,0.78390813093,0.686916420806,0.335905716061
1,1,82,0.810515066029,0.733111570951,0.21886006983
1,1,83,0.822039006995,0.733094240306,0.237286110378
1,1,84,0.74455549076,0.664883869761,0.34667689699
1,1,85,0.832893425378,0.760808298549,0.342701302686
1,1,86,0.857643250865,0.798146210326,0.433164553235
1,1,87,0.813838898965,0.730988997336,0.105477043247
1,1,88,0.852553457403,0.780761502674,0.292592726071
1,1,89,0.823962006654,0.755201546263,0.322938015497
1,1,90,0.850865276575,0.781503987864,0.497366564242
1,1,91,0.842510818207,0.760154540128,0.222937026579
1,1,92,0.87831624349,0.810015544279,0.592575678556
1,1,93,0.812671937041,0.725957699351,0.29017534019
1,1,94,0.813072575848,0.728642896861,0.409340069992
1,1,95,0.754326161481,0.655068432774,0.257857291508
1,1,96,0.798626929891,0.717534522999,0.334465844618
1,1,97,0.825834280226,0.745159873346,0.297855723187
1,1,98,0.820647055496,0.753456253202,0.539695394084
1,1,99,0.806619893596,0.739929217457,0.417232551615
1,1,100,0.798147829439,0.715455805397,0.404725588255
1,1,101,0.828077511621,0.747399106899,0.365589303207
1,1,102,0.778561978087,0.710408440206,0.605761665829
1,1,103,0.821241912959,0.744112782574,0.355355529515
1,1,104,0.83355617479,0.758294479092,0.57410648225
1,1,105,0.821212040724,0.746770314132,0.507636814646
1,1,106,0.810651752531,0.728349168087,0.334250837554
1,1,107,0.793567857304,0.720059317205,0.630457042766
1,1,108,0.8144951658,0.732067606822,0.438350429243
1,1,109,0.825652239046,0.7610963525,0.524587612211
1,1,110,0.738889824089,0.670028587124,0.507324438825
1,1,111,0.810217250262,0.728610553101,0.290916465532
1,1,112,0.821907299952,0.744665426632,0.218369900937
1,1,113,0.775283978773,0.69495127231,0.497041603277
1,1,114,0.815310072022,0.738949424243,0.412319476565
1,1,115,0.760658660161,0.677412935985,0.368903822267
1,1,116,0.873264259721,0.827098810635,0.90963129725
1,1,117,0.848801940198,0.775193420951,0.426667470309
1,1,118,0.832593414715,0.765389812556,0.589689748153
1,1,119,0.805312279909,0.730250667312,0.53548873766
1,1,120,0.839890058969,0.766113357639,0.567882342618
1,1,121,0.795978408546,0.721109799819,0.565648372252
1,1,122,0.786570972145,0.69560432663,0.295008105083
1,1,123,0.832953157482,0.76047802475,0.537385317206
1,1,124,0.808466598794,0.721203195038,0.402209643773
1,1,125,0.762266822884,0.66913464352,0.315834619342
1,1,126,0.817346633197,0.748469207649,0.348960085479
1,1,127,0.840554471293,0.764810944081,0.394828952337
1,1,128,0.849528645413,0.78479923392,0.471631268521
1,1,129,0.780212822948,0.679900803785,0.37883602397
1,1,130,0.819885746693,0.740689223494,0.135558404177
1,1,131,0.810837931034,0.739482774786,0.73745501932
1,1,132,0.826322368258,0.737559921203,0.484113935803
1,1,133,0.829673812698,0.766516182544,0.348088249206
1,1,134,0.872456607556,0.800904392635,0.300118421003
1,1,135,0.834035595426,0.755318877617,0.367634533235
1,1,136,0.825438449427,0.738447392083,0.153761441207
1,1,137,0.843371463205,0.769942399409,0.207210161425
1,1,138,0.834256248429,0.753709119835,0.210199871666
1,1,139,0.816503085862,0.74007355948,0.160363903628
1,1,140,0.771815706705,0.679110505998,0.433155916107
1,1,141,0.820354543456,0.74937539634,0.548573238123
1,1,142,0.771377030118,0.667867276891,0.282832478295
1,1,143,0.868946588266,0.813238228587,0.735565297625
1,1,144,0.872356118187,0.806729329143,0.592072803792
1,1,145,0.832355845813,0.754991408066,0.418045301087
1,1,146,0.821887731834,0.747018047588,0.507085242328
1,1,147,0.806021289291,0.732566361917,0.3855541572
1,1,148,0.864179387362,0.81189868649,0.608778382873
1,1,149,0.8151202212,0.730791793959,0.244064845641
1,1,150,0.797091987325,0.695966226612,0.229853246744
1,1,151,0.798276357369,0.731896481419,0.633142128089
1,1,152,0.817324557486,0.739107014571,0.254789060004
1,1,153,0.820805563209,0.757046607289,0.566578363755
1,1,154,0.800475510204,0.711106789914,0.397810983211
1,1,155,0.834400468606,0.7591450421,0.317792558315
1,1,156,0.840515717488,0.770742440297,0.5416255689
1,1,157,0.856725307078,0.768434565594,0.366265510501
1,1,158,0.859874519157,0.795542130614,0.742544856542
1,1,159,0.841610922727,0.773329140379,0.77622116034
1,1,160,0.815746315261,0.736160651425,0.278894347611
1,1,161,0.778078375586,0.679841565465,0.389387878342
1,1,162,0.83507238195,0.763351593277,0.603365894812
1,1,163,0.831374372321,0.760250931165,0.30486602423
1,1,164,0.82429809733,0.759340241715,0.436185254718
1,1,165,0.836149883338,0.757515719989,0.176470682335
1,1,166,0.858066294297,0.802671805105,0.606565177892
1,1,167,0.807232736302,0.732584134678,0.471633160287
1,1,168,0.838028319106,0.756679412784,0.198716390227
1,1,169,0.821721050278,0.74691147323,0.425840087102
1,1,170,0.835998393499,0.76193474555,0.316620448404
1,1,171,0.811635993025,0.729012749964,0.243639595299
1,1,172,0.830469149801,0.76377087588,0.341656529259
1,1,173,0.803399574609,0.725649932367,0.373031245621
1,1,174,0.841797952385,0.772118183693,0.364070014702
1,1,175,0.816400208209,0.739736771418,0.471543571628
1,1,176,0.846764706833,0.781350728977,0.191613987618
1,1,177,0.842326718779,0.770395978995,0.171262492163
1,1,178,0.848119954557,0.785021921082,0.659832132268
1,1,179,0.824135322948,0.744911296226,0.59344562097
1,1,180,0.80582870704,0.722762278785,0.41743499381
1,1,181,0.810793859344,0.72631153447,0.108496916813
1,1,182,0.828375369036,0.748802617635,0.164463982086
1,1,183,0.786881465331,0.702680352087,0.273991972602
1,1,184,0.796668893789,0.71679360564,0.167287806972
1,1,185,0.814684934982,0.736606134204,0.360492690105
1,1,186,0.843297117851,0.76153022874,0.392225739906
1,1,187,0.88321560203,0.824152168323,0.449932500149
1,1,188,0.824106438809,0.739005136305,0.283820788351
1,1,189,0.832961473465,0.760591562737,0.155658736501
1,1,190,0.861894579199,0.797726584544,0.409723197774
1,1,191,0.818700152364,0.750521770077,0.489545871875
1,1,192,0.843177361018,0.77766737667,0.590915466756
1,1,193,0.769667018762,0.670927246145,0.25606637495
1,1,194,0.796414793884,0.707626218184,0.370900835199
1,1,195,0.841172413604,0.770988992836,0.700417394194
1,1,196,0.823669309669,0.755697496538,0.34467415466
1,1,197,0.866840280761,0.803889065567,0.59165972121
1,1,198,0.828234059488,0.759022979028,0.495007910497
1,1,199,0.827414339554,0.755606671948,0.212421217121
1,1,200,0.816658238419,0.742152877438,0.437591980411
1,1,201,0.751140784439,0.652470621049,0.135527469859
1,1,202,0.794346634931,0.716422518604,0.348808766957
1,1,203,0.830979409525,0.765603365252,0.350511414941
1,1,204,0.868367523307,0.803002110623,0.520584044821
1,1,205,0.844923291834,0.764024403326,0.487649121007
1,1,206,0.789674413595,0.713322061224,0.682680228666
1,1,207,0.866738256178,0.814130803903,0.598724827743
1,1,208,0.858777811685,0.792331257075,0.535318816045
1,1,209,0.835391157996,0.762502395147,0.180449206785
1,1,210,0.860581190321,0.800753458215,0.440909030494
1,1,211,0.810551011038,0.698002274882,0.115181489505
1,1,212,0.824984462205,0.748428529978,0.43346001663
1,1,213,0.86368684394,0.796690310205,0.47266724212
1,1,214,0.857996370389,0.798072498208,0.783509532587
1,1,215,0.825945959416,0.752745354041,0.441534805715
1,1,216,0.806634792407,0.728206914122,0.405142411227
1,1,217,0.796441477089,0.703046704181,0.323349084569
1,1,218,0.764115474546,0.674521005897,0.366766927595
1,1,219,0.821666713999,0.72773695816,0.0651245250057
1,1,220,0.838149412574,0.758436688668,0.367823033168
1,1,221,0.718714690405,0.640346799225,0.302713579159
1,1,222,0.88366479832,0.832285769039,0.728235276304
1,1,223,0.754078768674,0.682266758012,0.495476337863
1,1,224,0.876921959777,0.804279454717,0.462630507729
1,1,225,0.802143792065,0.712711785999,0.0920565851847
1,1,226,0.848210124989,0.77524964985,0.603397206254
1,1,227,0.786605706061,0.719402999521,0.565773146044
1,1,228,0.766570644719,0.685899403154,0.219904396525
1,1,229,0.728343851315,0.641475439336,0.351477939316
1,1,230,0.854923083632,0.787953294777,0.66411484127
1,1,231,0.792264680873,0.674201787529,0.0850985437981
1,1,232,0.782090761145,0.705031536097,0.561620394731
1,1,233,0.898138330046,0.848053216394,0.677089191848
1,1,234,0.822547587855,0.756242391845,0.576823517476
1,1,235,0.826855915115,0.744951356883,0.322340022597
1,1,236,0.834763728716,0.763405054991,0.221714108593
1,1,237,0.774413761927,0.684895534355,0.367714293798
1,1,238,0.762487387908,0.677855281296,0.325475759244
1,1,239,0.815342071281,0.732551096515,0.162272684106
1,1,240,0.820471322758,0.733428506249,0.289376777887
1,1,241,0.79203879416,0.718353969482,0.463857011693
1,1,242,0.819473201045,0.718740754485,0.292765665596
1,1,243,0.763410774957,0.672473016361,0.237143116903
1,1,244,0.7926496196,0.714699127656,0.264061785441
1,1,245,0.832708731099,0.75737142605,0.414765509917
1,1,246,0.870486828233,0.806529635786,0.425629074739
1,1,247,0.802374001975,0.724829852668,0.421878967451
1,1,248,0.818480864936,0.738731658641,0.277423974483
1,1,249,0.807880588108,0.72770191379,0.390825925001
1,1,250,0.791082787908,0.710683524758,0.359334617212
1,1,251,0.847901173581,0.766969801487,0.35817873875
1,1,252,0.831874665295,0.761366391439,0.420562806456
1,1,253,0.831588598693,0.764259261844,0.575966925495
1,1,254,0.854895794071,0.772475885269,0.358634178867
1,1,255,0.843767458172,0.768637999346,0.257110408822
1,1,256,0.818753540632,0.727073864063,0.152749135379
1,1,257,0.814740476664,0.725664933214,0.295671615023
1,1,258,0.750125782193,0.654635405159,0.0620612130892
1,1,259,0.869434976892,0.808991123475,0.617570132324
1,1,260,0.857340234949,0.804489681096,0.716246211952
1,1,261,0.747765950908,0.648889436298,0.404252218509
1,1,262,0.701428839075,0.595916555382,0.143430357071
1,1,263,0.824014790671,0.743371877962,0.152072897561
1,1,264,0.844609995176,0.774342635447,0.546879961074
1,1,265,0.829360995852,0.755708741432,0.4726701379
1,1,266,0.824092858543,0.747345680959,0.525097366111
1,1,267,0.823558282554,0.740301218613,0.231294144189
1,1,268,0.80393414,0.728101216877,0.205129768098
1,1,269,0.816976776535,0.737536959502,0.500169369067
1,1,270,0.843781190936,0.765888663375,0.362455668959
1,1,271,0.838943544146,0.766667447104,0.0837245144988
1,1,272,0.811966878236,0.739041552297,0.660461713543
1,1,273,0.774337098692,0.69251231688,0.409561693196
1,1,274,0.773914125953,0.688912088277,0.307195851956
1,1,275,0.753207937086,0.673030605913,0.274431148192
1,1,276,0.878943492018,0.82582913875,0.676394411938
1,1,277,0.86255816552,0.800745079756,0.528386857716
1,1,278,0.815230357648,0.737258806161,0.283410323966
1,1,279,0.834818087286,0.754858465758,0.262602432834
1,1,280,0.80455474416,0.74628934394,0.625177437437
1,1,281,0.784549201848,0.696470036353,0.449523592338
1,1,282,0.813474917377,0.725257573068,0.201773409806
1,1,283,0.858522581459,0.798405428684,0.399535770516
1,1,284,0.763459811358,0.68206636505,0.43915285604
1,1,285,0.814796773469,0.73940185338,0.384207680425
1,1,286,0.865471306083,0.811250179834,0.745979018803
1,1,287,0.809231203819,0.730471238853,0.463187078175
1,1,288,0.739799793672,0.673700230381,0.575151566527
1,1,289,0.80997217507,0.734000926996,0.625004853126
1,1,290,0.663915820252,0.579414392508,0.212528907824
1,1,291,0.823091741041,0.740843493263,0.121316128215
1,1,292,0.755968159236,0.663072469013,0.284736902976
1,1,293,0.856853748554,0.794513670666,0.556156440028
1,1,294,0.848311359181,0.788623502271,0.469881662248
1,1,295,0.78952010932,0.71394347165,0.137520588983
1,1,296,0.827626395709,0.746805915264,0.234628740742
1,1,297,0.848147068351,0.779026866164,0.667223706811
1,1,298,0.844012936438,0.778477180209,0.320984438363
1,1,299,0.860040014746,0.788487961075,0.481933439149
1,1,300,0.848402868998,0.79466895037,0.777634032679
1,1,301,0.828836474809,0.756083032869,0.262569907844
1,1,302,0.855389260828,0.794696449902,0.502777739921
1,1,303,0.84496465219,0.789818445832,0.716531372299
1,1,304,0.845127435158,0.772255747009,0.463902546548
1,1,305,0.807129727743,0.734007891816,0.187361465886
1,1,306,0.868676291936,0.805699051829,0.557563309513
1,1,307,0.818749267227,0.734186962256,0.531376320555
1,1,308,0.827307341262,0.755393522676,0.375891313111
1,1,309,0.811865918217,0.733455132234,0.356211356663
1,1,310,0.7867122683,0.736551487702,0.640873323602
1,1,311,0.829925453325,0.758491328028,0.562752872228
1,1,312,0.769427143406,0.686857966337,0.348086274638
1,1,313,0.856345311161,0.791727843071,0.322093957563
1,1,314,0.817902700104,0.746949328841,0.55780609382
1,1,315,0.815668422852,0.739153103432,0.604098081913
1,1,316,0.787999826842,0.704135610937,0.503662634079
1,1,317,0.878058359243,0.826261125929,0.566571937662
1,1,318,0.805867131948,0.738750355453,0.586367693303
1,1,319,0.844860497412,0.772793239903,0.156584959599
1,1,320,0.868183104807,0.803376507902,0.454003936053
1,1,321,0.863858272315,0.789924793719,0.366431575226
1,1,322,0.857770586211,0.792451971511,0.567675064021
1,1,323,0.845162790511,0.770419859312,0.502163657525
1,1,324,0.79897866739,0.711112710914,0.365911700584
1,1,325,0.841931216931,0.7573599221,0.524837434457
1,1,326,0.807446641505,0.740386361527,0.63681491516
1,1,327,0.855135092181,0.772433927206,0.377546972177
1,1,328,0.803428972695,0.717769393009,0.439433188216
1,1,329,0.764509217868,0.667314725564,0.151044527234
1,1,330,0.815652120282,0.736593590449,0.460331014164
1,1,331,0.84588857177,0.792054091631,0.798438927406
1,1,332,0.833164929309,0.768024275914,0.633348702682
1,1,333,0.837254547619,0.76740333599,0.430495959345
1,1,334,0.817330716919,0.730449956803,0.308578770326
1,1,335,0.814924641019,0.731340944611,0.385709246511
1,1,336,0.756156764403,0.655793533771,0.297197976875
1,1,337,0.831408836992,0.766063066748,0.31264156158
1,1,338,0.837554182277,0.765383809261,0.51146607746
1,1,339,0.827539241626,0.765720639504,0.461152841243
1,1,340,0.826502026581,0.76693205929,0.782323781981
1,1,341,0.83026539505,0.759630667,0.53504408032
1,1,342,0.820554849953,0.743418428081,0.420453458899
1,1,343,0.832532755208,0.764241506296,0.577173244661
1,1,344,0.821853781575,0.738260079291,0.164457393562
1,1,345,0.82154515759,0.734951040334,0.182590787962
1,1,346,0.818749783722,0.746211751579,0.525665398147
1,1,347,0.809236908416,0.726738159307,0.434645047736
1,1,348,0.844266748188,0.783885995677,0.799503407665
1,1,349,0.85773084498,0.78677133212,0.410131271122
1,1,350,0.791431514826,0.694976528534,0.371047861594
1,1,351,0.834670608108,0.773527056533,0.6951411279
1,1,352,0.807499337868,0.713489378383,0.228140976944
1,1,353,0.843153007176,0.786969986395,0.833451574939
1,1,354,0.849824295234,0.784918158371,0.460396997515
1,1,355,0.827973209977,0.750145490447,0.364456096993
1,1,356,0.843593458238,0.773276046451,0.62112947793
1,1,357,0.854916999122,0.772173666932,0.407035880289
1,1,358,0.796949279091,0.713100474586,0.336051433196
1,1,359,0.860415864026,0.79723085623,0.46629728613
1,1,360,0.843543418863,0.757970948326,0.2447699402
1,1,361,0.6491398823,0.552009566679,0.0609629710998
1,1,362,0.829754701162,0.748973086227,0.124488623857
1,1,363,0.843814427774,0.76961325021,0.552257130896
1,1,364,0.710495963091,0.595409989477,0.135621540943
1,1,365,0.776348403728,0.681056706816,0.219663867753
1,1,366,0.842878071834,0.743366295523,0.355122842218
1,1,367,0.760097123901,0.702324381535,0.599366826958
1,1,368,0.779641954194,0.665142376361,0.207610679936
1,1,369,0.802671571088,0.710253090133,0.371244892806
1,1,370,0.858017280721,0.791842988359,0.499693409902
1,1,371,0.809880277134,0.73395403253,0.591604757701
1,1,372,0.865354008398,0.804657763539,0.598992822848
1,1,373,0.816539162682,0.741191170297,0.493024551019
1,1,374,0.85069209081,0.774280560193,0.459986283639
1,1,375,0.840063565265,0.772828750738,0.569422345211
1,1,376,0.785629205874,0.690639650494,0.121934568101
1,1,377,0.871084183673,0.801564206483,0.653043964707
1,1,378,0.732794915954,0.646348681848,0.240389932611
1,1,379,0.814217473161,0.711929163387,0.27231927975
1,1,380,0.8282297809,0.746236220795,0.459932901154
1,1,381,0.761697667525,0.662392128509,0.215736438218
1,1,382,0.825444442466,0.729738935285,0.159012608019
1,1,383,0.870224399405,0.812537427016,0.561023543109
1,1,384,0.832991591637,0.759743489655,0.654874066709
1,1,385,0.840744689388,0.771630035492,0.432196831067
1,1,386,0.814589581226,0.730537259264,0.112745477211
1,1,387,0.712640293481,0.638132222939,0.449311289626
1,1,388,0.800533611213,0.717737338125,0.580854667908
1,1,389,0.8251874108,0.739978638049,0.290840002081
1,1,390,0.845714811085,0.776338241455,0.437636424488
1,1,391,0.871749819407,0.808234311155,0.64312431618
1,1,392,0.790125775177,0.691609298143,0.250686670513
1,1,393,0.826503498771,0.76027901884,0.621666382672
1,1,394,0.865499758692,0.803085602201,0.76586717341
1,1,395,0.814278607435,0.737902619583,0.225400305203
1,1,396,0.816037043281,0.724297656929,0.334236333343
1,1,397,0.767984158063,0.667310689903,0.202458016104
1,1,398,0.832868033631,0.744270163847,0.319627899521
1,1,399,0.819372357015,0.740652209385,0.279813028265
1,1,400,0.833132647005,0.746351627087,0.434758872957
1,1,401,0.831757416806,0.743837426627,0.456881288246
1,1,402,0.84555418901,0.786571624387,0.674219403631
1,1,403,0.83133491358,0.750828945988,0.248464474625
1,1,404,0.856337219953,0.785898949701,0.273814113072
1,1,405,0.855611090687,0.790311128717,0.673722610766
1,1,406,0.768423617675,0.678765945013,0.431863502418
1,1,407,0.811774491202,0.72911203695,0.419500384
1,1,408,0.806048691675,0.723781630669,0.384559349338
1,1,409,0.827744245755,0.718420101545,0.327884981493
1,1,410,0.74696544481,0.668299747565,0.49852668828
1,1,411,0.823555924757,0.741615416483,0.251902756339
1,1,412,0.835701751056,0.773331902623,0.619129272096
1,1,413,0.810171044395,0.729971662806,0.325822075217
1,1,414,0.828534732555,0.756445535735,0.375574064917
1,1,415,0.886352951198,0.83042043038,0.525070068956
1,1,416,0.853366243404,0.775965896162,0.489151537228
1,1,417,0.839594430168,0.768820364207,0.620032665877
1,1,418,0.839457704866,0.768077527115,0.491204440896
1,1,419,0.73975326678,0.63317966742,0.198682658799
1,1,420,0.793476995977,0.698302877224,0.271879639881
1,1,421,0.799162033049,0.717749997765,0.399795306237
1,1,422,0.829805761631,0.749294789063,0.132007470408
1,1,423,0.787663353104,0.703377244715,0.39239586716
1,1,424,0.835863775388,0.767438908976,0.479682510668
1,1,425,0.838354825755,0.753026740667,0.237406994712
1,1,426,0.760414997597,0.66775857789,0.0878725014319
1,1,427,0.818247954297,0.756085332151,0.366296931265
1,1,428,0.846592086898,0.762711167507,0.48760004485
1,1,429,0.820676883881,0.73381099399,0.410804404152
1,1,430,0.847624985953,0.779815955761,0.520444459979
1,1,431,0.848659122085,0.751032947315,0.332286510548
1,1,432,0.866970074245,0.812784584627,0.767021362267
1,1,433,0.842053944739,0.761279717147,0.36946380037
1,1,434,0.785906515831,0.696431958884,0.394767016578
1,1,435,0.835228899745,0.775114314964,0.734737743583
1,1,436,0.766052347809,0.713397825733,0.602835687623
1,1,437,0.853937399849,0.780438096727,0.490371989831
1,1,438,0.745192307692,0.657265664768,0.248831120874
1,1,439,0.820689771563,0.751280491758,0.450961421361
1,1,440,0.839921970924,0.776641942427,0.46120771265
1,1,441,0.864678513453,0.803364117855,0.725539261467
1,1,442,0.836747715266,0.761736287179,0.529625076748
1,1,443,0.82286237316,0.743246169806,0.392734664701
1,1,444,0.850803217182,0.783816984078,0.352634185775
1,1,445,0.84237497617,0.773201709545,0.445928801138
1,1,446,0.820307556884,0.749796224049,0.53786759412
1,1,447,0.837875806719,0.755708873015,0.406212040607
1,1,448,0.749134948097,0.670084773414,0.440323103411
1,1,449,0.794947521635,0.71100468939,0.333957160047
1,1,450,0.831496853333,0.764031467855,0.562085238658
1,1,451,0.843949077996,0.756089836814,0.322776483441
1,1,452,0.817586641462,0.705818791266,0.249823032167
1,1,453,0.82741027283,0.766098394463,0.729273760671
1,1,454,0.835735704128,0.753760765304,0.390223268129
1,1,455,0.807792357714,0.729888318593,0.40191282791
1,1,456,0.778035356303,0.702792538225,0.54500546081
1,1,457,0.837256028279,0.759811957269,0.334170248391
1,1,458,0.851726339284,0.786838831752,0.756462977451
1,1,459,0.803930870884,0.718129327453,0.378426703593
1,1,460,0.772767408748,0.667431027751,0.29877462917
1,1,461,0.846507630015,0.783598090189,0.746904232633
1,1,462,0.8529856387,0.7764412102,0.486242928057
1,1,463,0.881735739964,0.82410625048,0.602624310071
1,1,464,0.840982850712,0.76062501667,0.31810971227
1,1,465,0.783004614591,0.714302765757,0.526442393314
1,1,466,0.816418651715,0.747921173976,0.415151222973
1,1,467,0.83053906837,0.765918896319,0.567184195384
1,1,468,0.826581177095,0.761109642317,0.524028248213
1,1,469,0.789239715494,0.687750921885,0.475263754269
1,1,470,0.814957246595,0.712042735301,0.202346195126
1,1,471,0.834982214502,0.77805190128,0.909636495343
1,1,472,0.836809603476,0.748842828748,0.43175812728
1,1,473,0.784564232702,0.69204421935,0.356384781985
1,1,474,0.796072587414,0.732132912891,0.614357751167
1,1,475,0.824645861,0.753707095313,0.38238827948
1,1,476,0.74643247933,0.652312582285,0.133782932087
1,1,477,0.783584775087,0.676337810418,0.308859350992
1,1,478,0.857647320301,0.78816953917,0.305210629258
1,1,479,0.776444846839,0.685350328658,0.425211336405
1,1,480,0.851074636295,0.782615278371,0.461293417762
1,1,481,0.803629990219,0.726347793228,0.423183570882
1,1,482,0.794625141911,0.711199172014,0.171431311883
1,1,483,0.804723512054,0.717208619684,0.381545285167
1,1,484,0.827012671965,0.746194591013,0.445693630604
1,1,485,0.752012064256,0.672580498313,0.446512416753
1,1,486,0.820377640037,0.748798831838,0.59312454724
1,1,487,0.828572799351,0.744852219985,0.423276046747
1,1,488,0.825051818267,0.750698413706,0.480628798834
1,1,489,0.86058844004,0.784137731109,0.553437481287
1,1,490,0.820322891465,0.730113130293,0.402726075799
1,1,491,0.826616360807,0.757159657242,0.489669273432
1,1,492,0.797634869638,0.713625874918,0.526373804494
1,1,493,0.795087768497,0.724900396447,0.542918198815
1,1,494,0.831393186339,0.761787059439,0.470902580891
1,1,495,0.76789046663,0.670340043766,0.265082515996
1,1,496,0.745678934434,0.646543831039,0.193577938715
1,1,497,0.814674332199,0.753883361288,0.735627191576
1,1,498,0.81975444523,0.745078693619,0.484420644524
1,1,499,0.835286112361,0.760961037895,0.51351421991
1,1,500,0.859186669312,0.790337687306,0.526365164698
1,1,501,0.778879612954,0.703440823427,0.438167483874
1,1,502,0.793840893352,0.715206596259,0.47533065226
1,1,503,0.814213097392,0.741882055043,0.604121829736
1,1,504,0.850577758096,0.786102625554,0.689323481981
1,1,505,0.844848233807,0.769026055996,0.428772947712
1,1,506,0.820392390012,0.720279969964,0.330175360921
1,1,507,0.857326391005,0.782515641454,0.289618025832
1,1,508,0.801699688523,0.728510810017,0.537292029994
1,1,509,0.738425009893,0.635789540934,0.282202666433
1,1,510,0.850987861751,0.799167559204,0.77680540666
1,1,511,0.782890011223,0.703041842635,0.597844249225
1,1,512,0.791938180218,0.706132419263,0.451247071303
1,1,513,0.823510446496,0.755645025943,0.54685693578
1,1,514,0.860016486024,0.795376150749,0.667787402546
1,1,515,0.802263158243,0.726208269824,0.481943602733
1,1,516,0.807476969564,0.716996569213,0.236873043773
1,1,517,0.769854080579,0.687070161015,0.347593006443
1,1,518,0.839389559408,0.7736432997,0.579612415719
1,1,519,0.808434327929,0.726768679518,0.311055335306
1,1,520,0.762134553948,0.684909115946,0.41272574238
1,1,521,0.747724452883,0.667611784803,0.346030452598
1,1,522,0.817327451814,0.778323246324,0.755786878126
1,1,523,0.770126785624,0.69730081856,0.411218189832
1,1,524,0.742294145281,0.641406147999,0.0952472407363
1,1,525,0.810133475564,0.708401918659,0.173610543859
1,1,526,0.744919335892,0.687930220703,0.697952910393
1,1,527,0.799594851045,0.723067269076,0.424302636901
1,1,528,0.781698365032,0.691973531218,0.349440178059
1,1,529,0.801061840161,0.709908920396,0.28991424469
1,1,530,0.780095847605,0.692644085679,0.505711022726
1,1,531,0.86219695735,0.813862212178,0.770445665052
1,1,532,0.825886695895,0.73998432611,0.344968939012
1,1,533,0.78991415812,0.704784827498,0.493843037747
1,1,534,0.750147928994,0.687050045454,0.568430635072
1,1,535,0.832054769236,0.767456339123,0.713127065998
1,1,536,0.768994961511,0.664442160421,0.223502659932
1,1,537,0.824396866515,0.73990041112,0.440826971482
1,1,538,0.755017966633,0.657852116228,0.286562488784
1,1,539,0.844524902589,0.769930271357,0.399846369573
1,1,540,0.854218846029,0.79369921327,0.739044727946
1,1,541,0.853541924838,0.786148226665,0.668894708249
1,1,542,0.78149375,0.71798000225,0.576232032814
1,1,543,0.694452428859,0.610751895416,0.327432009981
1,1,544,0.841176406335,0.774761684479,0.468918131577
1,1,545,0.776703156552,0.658073941335,0.199328541729
1,1,546,0.8189945018,0.723864155695,0.325073445584
1,1,547,0.829374049835,0.758313068557,0.409491819469
1,1,548,0.801296243586,0.723167131925,0.425250132263
1,1,549,0.770894705833,0.698654346467,0.602094587481
1,1,550,0.814935264991,0.735407888267,0.311301083827
1,1,551,0.817934604212,0.752204505453,0.52192730442
1,1,552,0.792287230474,0.723306300176,0.574221910278
1,1,553,0.858793314318,0.791654325803,0.455675175304
1,1,554,0.846561817626,0.78028522554,0.552927129359
1,1,555,0.78590679523,0.713045905524,0.486059524632
1,1,556,0.860336303711,0.773163992453,0.477722532869
1,1,557,0.815665748393,0.712768088919,0.320069450577
1,1,558,0.807239889197,0.715151192194,0.364328857286
1,1,559,0.791780963718,0.705965584535,0.495816573775
1,1,560,0.836903858468,0.77075609459,0.58311520565
1,1,561,0.773316954342,0.711939602382,0.626417990896
1,1,562,0.812690400916,0.741578431287,0.339919133711
1,1,563,0.729751689949,0.635238823804,0.190151424156
1,1,564,0.755319890947,0.650816580733,0.314885780335
1,1,565,0.857398383848,0.800652849915,0.714900567277
1,1,566,0.794667352538,0.734545288181,0.700567507832
1,1,567,0.816510161092,0.717215606351,0.119992502999
1,1,568,0.865594298878,0.811980909485,0.717607443805
1,1,569,0.90640937035,0.863713693507,0.697572792664
1,1,570,0.849316528926,0.786945311086,0.534168515287
1,1,571,0.75808473044,0.673647322601,0.334006530671
1,1,572,0.747728569886,0.656086933309,0.27591932084
1,1,573,0.796158389176,0.711210636299,0.475219792488
1,1,574,0.780316720048,0.676105284202,0.335289457899
1,1,575,0.784815883157,0.706537264217,0.524914903433
1,1,576,0.746056838071,0.641772166393,0.109870564104
1,1,577,0.679673427833,0.625485723107,0.746877554331
1,1,578,0.787717140705,0.730194464063,0.453378063771
1,1,579,0.813773542967,0.747207612422,0.681863900638
1,1,580,0.85451595457,0.775400772891,0.555627139476
1,1,581,0.801938712168,0.730586498053,0.563624349935
1,1,582,0.736694014415,0.654525732821,0.371934846693
1,1,583,0.789101267131,0.67921868579,0.254903171516
1,1,584,0.8625265217,0.799872655421,0.412761561275
1,1,585,0.833005396393,0.761672303596,0.512308873506
1,1,586,0.749020177094,0.6541498004,0.2747301798
1,1,587,0.836614386155,0.779397789469,0.742844504961
1,1,588,0.784404122514,0.715990074018,0.555882431236
1,1,589,0.8286795084,0.762258490948,0.669513490805
1,1,590,0.807513173423,0.734349096742,0.627352844927
1,1,591,0.747625502729,0.64549225199,0.286123624834
1,1,592,0.746813206612,0.632398332319,0.224608654254
1,1,593,0.795012482473,0.724726949787,0.645059846053
1,1,594,0.800116092007,0.724723985333,0.474664142522
1,1,595,0.835294309498,0.766323254676,0.66890391903
1,1,596,0.776564853141,0.700048478839,0.62433606391
1,1,597,0.848554749321,0.768965358698,0.471079011562
1,1,598,0.76748529954,0.665348115337,0.300452779562
1,1,599,0.83276993985,0.74437897396,0.444278903321
1,1,600,0.819087164623,0.740059939672,0.508241376405
1,1,601,0.723018021952,0.646511982431,0.402822743827
1,1,602,0.757897704739,0.647343097246,0.14280405027
1,1,603,0.665801316881,0.56218356113,0.059164813233
1,1,604,0.762350778547,0.665241126894,0.0888762944901
1,1,605,0.843778247314,0.760132621645,0.297953862996
1,1,606,0.859948172665,0.790225030323,0.457549185513
1,1,607,0.702231159727,0.589894405086,0.0739371949563
1,1,608,0.815300901226,0.743646805862,0.484551009024
1,1,609,0.826509699901,0.750817221022,0.580426434555
1,1,610,0.817149622587,0.741770304667,0.52981426934
1,1,611,0.871936304781,0.804918693391,0.621674698958
1,1,612,0.88221570437,0.830955551673,0.794500789695
1,1,613,0.694954234467,0.586111632831,0.160182651154
1,1,614,0.871050195799,0.816476055941,0.725041170663
1,1,615,0.788406636893,0.661143689507,0.159809754461
1,1,616,0.74003569304,0.704034830077,0.83158908393
1,1,617,0.764557563514,0.695367321456,0.522290788598
1,1,618,0.791788065964,0.687580073115,0.326024027231
1,1,619,0.802299134817,0.71587586519,0.369745581819
1,1,620,0.829758341974,0.758170923122,0.594222902475
1,1,621,0.810113408907,0.738351954452,0.618854574361
1,1,622,0.802132151946,0.712127495667,0.346761021312
1,1,623,0.813713579605,0.71146145979,0.295787524162
1,1,624,0.805015228099,0.724127724172,0.250417225908
1,1,625,0.849898143957,0.790827688848,0.672208492866
1,1,626,0.807066583137,0.712649229813,0.189889371953
1,1,627,0.798403720786,0.714468783143,0.534503098176
1,1,628,0.735748242091,0.644794206063,0.314201052755
1,1,629,0.774829515309,0.714727853637,0.653456422816
1,1,630,0.703752787037,0.600314105629,0.0368610867211
1,1,631,0.702080042127,0.600009501402,0.145010511178
1,1,632,0.85515625,0.807019713344,0.787540769252
1,1,633,0.806018036767,0.720826952349,0.477377037539
1,1,634,0.83077788407,0.774589753028,0.802370826606
1,1,635,0.788657403526,0.697714706962,0.459530220514
1,1,636,0.861543748764,0.780943506819,0.2918435962
1,1,637,0.804677734375,0.71015267605,0.402285755813
1,1,638,0.849658424747,0.772978525344,0.499979117085
1,1,639,0.831963042719,0.748711085669,0.438308210903
1,1,640,0.835288789294,0.760203010395,0.718031875752
1,1,641,0.763031550069,0.657087231025,0.341722761573
1,1,642,0.852423411065,0.793356448181,0.63932454852
1,1,643,0.867610185826,0.789622842008,0.243946565519
1,1,644,0.765552687789,0.657148933417,0.245980890551
1,1,645,0.719303839957,0.63185788988,0.433918816228
1,1,646,0.881212052278,0.829934901245,0.710743691744
1,1,647,0.793897746549,0.71494812959,0.413231930048
1,1,648,0.827632992255,0.749052107116,0.588528578725
1,1,649,0.86670546875,0.802114382212,0.62936220386
1,1,650,0.780711246256,0.70703967682,0.522231805481
1,1,651,0.80357995725,0.732593914124,0.642461120787
1,1,652,0.84304457447,0.771644827966,0.597652509513
1,1,653,0.840254315539,0.754874743807,0.283871095439
1,1,654,0.771260274205,0.686773977404,0.406369345578
1,1,655,0.882286418929,0.822660328256,0.648823506536
1,1,656,0.811017307686,0.730815670556,0.401841959068
1,1,657,0.747099336991,0.657618819717,0.441066519914
1,1,658,0.760981211141,0.686789798196,0.527090416022
1,1,659,0.821609617938,0.74739399573,0.506873714861
1,1,660,0.770920582986,0.668478526135,0.236696507947
1,1,661,0.876754187415,0.831640334675,0.820137972478
1,1,662,0.845783233643,0.786172496893,0.741513792933
1,1,663,0.744838867188,0.646330563065,0.250793138343
1,1,664,0.8545939192,0.777159205967,0.519933502389
1,1,665,0.826360721188,0.746189197315,0.489465818193
1,1,666,0.755176960769,0.64295663557,0.237396992804
1,1,667,0.818970799342,0.720395085914,0.324263865134
1,1,668,0.801205758732,0.715680030441,0.224391200174
1,1,669,0.764779527728,0.666007901997,0.226917209357
1,1,670,0.773978147678,0.680397918947,0.329623833256
1,1,671,0.735644444444,0.664995579128,0.484980361595
1,1,672,0.814884598517,0.743179400281,0.509096892592
1,1,673,0.789098203847,0.692176446123,0.323678655651
1,1,674,0.816774078052,0.736176248865,0.522922626231
1,1,675,0.734533340944,0.613138269925,0.0635892327471
1,1,676,0.764456517901,0.685570627034,0.439963176762
1,1,677,0.816022372529,0.722202506695,0.297501746715
1,1,678,0.783887815481,0.726918193121,0.617182427594
1,1,679,0.854748570965,0.781317290254,0.593470179664
1,1,680,0.850827175045,0.792375129397,0.722208318089
1,1,681,0.83332894018,0.761772413134,0.610778147354
1,1,682,0.81520426381,0.731706131829,0.497548489667
1,1,683,0.807105011122,0.73219984485,0.568983466043
1,1,684,0.747032391388,0.670297621352,0.423892620649
1,1,685,0.830804092174,0.758267342976,0.561401640075
1,1,686,0.803338056802,0.713826979389,0.334305103569
1,1,687,0.783110004527,0.694485010783,0.44571354222
1,1,688,0.68061326562,0.587073107745,0.223513692223
1,1,689,0.84825750242,0.781928220038,0.558869858651
1,1,690,0.843876424553,0.761367595362,0.257281372674
1,1,691,0.669833354374,0.57701464581,0.255308038894
1,1,692,0.715222210208,0.622182818991,0.322656233236
1,1,693,0.816547794889,0.72955943992,0.403683751589
1,1,694,0.865197782817,0.795183818122,0.570925605267
1,1,695,0.764351022717,0.638059856685,0.175549110889
1,1,696,0.844646037267,0.773554278255,0.588659650621
1,1,697,0.736992743886,0.663399494923,0.411698995381
1,1,698,0.775820717993,0.671630758372,0.275998647892
1,1,699,0.786995360844,0.711395415053,0.368884559466
1,1,700,0.692442635529,0.586360155454,0.146696117052
1,1,701,0.819000010339,0.765983973015,0.783566786057
1,1,702,0.847585066163,0.781373874284,0.611090163006
1,1,703,0.73050662223,0.684473195891,0.780759154561
1,1,704,0.694823140496,0.598313911119,0.22463790229
1,1,705,0.792711153813,0.695394934776,0.342505278979
1,1,706,0.886753032172,0.838547210723,0.848052138977
1,1,707,0.704260789715,0.611517315983,0.300784795678
1,1,708,0.766632600346,0.671156125442,0.291339922716
1,1,709,0.788543097721,0.730879356442,0.688387892441
1,1,710,0.778929845422,0.713640313794,0.53595010667
1,1,711,0.714467107153,0.611117856535,0.256165625696
1,1,712,0.837611827965,0.773953258225,0.677762755512
1,1,713,0.694502992209,0.601649041283,0.231131476271
1,1,714,0.792359386413,0.673662858477,0.224931708736
1,1,715,0.686838842975,0.600283817691,0.333835850873
1,1,716,0.775651863983,0.688855499914,0.403909882706
1,1,717,0.856528495557,0.798063618002,0.671443149669
1,1,718,0.794722222222,0.756146256572,0.743878457823
1,1,719,0.853497263591,0.792820156553,0.670945597467
1,1,720,0.766561767727,0.683419911001,0.379003113049
1,1,721,0.823632147074,0.751838085246,0.487244816155
1,1,722,0.739984346345,0.655771249339,0.462912329906
1,1,723,0.849839650514,0.785492010098,0.735737645107
1,1,724,0.72350308642,0.624508202746,0.264666946967
1,1,725,0.795829698069,0.707896377656,0.3347994165
1,1,726,0.765253418549,0.654271884131,0.309481387774
1,1,727,0.874433906974,0.836483029568,0.766376340017
1,1,728,0.878075884418,0.824067505916,0.767823116337
1,1,729,0.809697188773,0.76015049039,0.678516688671
1,1,730,0.855795004065,0.770560087866,0.421084473817
1,1,731,0.804776541516,0.749295716319,0.799982293036
1,1,732,0.829065885614,0.777189761194,0.68458037432
1,1,733,0.846235801275,0.775009049354,0.63636110913
1,1,734,0.814085872932,0.740176810411,0.575203603543
1,1,735,0.746610879871,0.680771964923,0.566970233174
1,1,736,0.800477143781,0.714249578683,0.315382787722
1,1,737,0.757802890293,0.676079781866,0.346093854299
1,1,738,0.6802498605,0.574837854199,0.0725578987408
1,1,739,0.836467901235,0.749198918681,0.522578110231
1,1,740,0.719607609988,0.6066406122,0.166152997155
1,1,741,0.75290894419,0.64753842617,0.253205868303
1,1,742,0.862446646563,0.794086256642,0.654262831941
1,1,743,0.681487889273,0.605086079156,0.326436451427
1,1,744,0.814284937305,0.754472527102,0.757529859852
1,1,745,0.811453061224,0.770841181119,0.798993623844
1,1,746,0.769620319192,0.674047748234,0.2721718695
1,1,747,0.784306711759,0.714830022279,0.506282241573
1,1,748,0.881496974012,0.835372281645,0.781714609537
1,1,749,0.722991157247,0.653130513626,0.433814233067
1,1,750,0.715634956759,0.623492199412,0.367915761774
1,1,751,0.736654092364,0.653693348335,0.410404189512
1,1,752,0.80742176454,0.716686148645,0.442669305077
1,1,753,0.847045285373,0.75630392756,0.429106291034
1,1,754,0.81061333294,0.700811867652,0.318973287194
1,1,755,0.86775629843,0.793823650781,0.364818143061
1,1,756,0.827153523222,0.720876654405,0.297488841565
1,1,757,0.78342351717,0.694049151528,0.457005585985
1,1,758,0.739588477366,0.66260231031,0.362164914184
1,1,759,0.795245187305,0.713908656495,0.366250981164
1,1,760,0.738397095217,0.655725623915,0.453648529319
1,1,761,0.776155883172,0.689006146958,0.406543649036
1,1,762,0.816716071142,0.737880771275,0.54184701882
1,1,763,0.757548088629,0.676980676038,0.446997194525
1,1,764,0.794992385559,0.710470653133,0.494973568978
1,1,765,0.843675692998,0.777820961342,0.665531042612
1,1,766,0.671444296169,0.603318412256,0.479527509792
1,1,767,0.788957366946,0.704175928671,0.50726525932
1,1,768,0.830386304253,0.762737322374,0.619228009383
1,1,769,0.811207369045,0.734876921509,0.435452908646
1,1,770,0.673856804255,0.590112694285,0.178122642136
1,1,771,0.857272727273,0.787206611059,0.637553377456
1,1,772,0.796186450912,0.706376102457,0.381643667272
1,1,773,0.721903835063,0.663538212619,0.577243670432
1,1,774,0.707422222222,0.606235255105,0.240237236715
1,1,775,0.866871824648,0.792456807817,0.566403679063
1,1,776,0.834026203074,0.767862221212,0.599997066877
1,1,777,0.693666437114,0.585570147142,0.100223590851
1,1,778,0.855904380835,0.789308785728,0.668416069016
1,1,779,0.751071555714,0.660709773014,0.334172087191
1,1,780,0.784317052584,0.669862298472,0.204943491392
1,1,781,0.735414201183,0.610533656996,0.140080545439
1,1,782,0.816947655798,0.724698699329,0.29901512148
1,1,783,0.839864073881,0.747086166395,0.44072967316
1,1,784,0.801489213032,0.716839970819,0.381003538889
1,1,785,0.816188612549,0.715674527739,0.265185423279
1,1,786,0.851921651013,0.792088887791,0.687144743141
1,1,787,0.730814531393,0.633445875121,0.266450681098
1,1,788,0.690482619937,0.588734307573,0.112350684707
1,1,789,0.860013346559,0.773526306599,0.349997004676
1,1,790,0.814909141336,0.769587624485,0.782421892687
1,1,791,0.766988272056,0.692121399761,0.48634843422
1,1,792,0.858992621813,0.762383544344,0.455333193588
1,1,793,0.730553157719,0.64347958684,0.491388056562
1,1,794,0.718617920541,0.629026733481,0.329120386924
1,1,795,0.715240641711,0.609102683383,0.282846361599
1,1,796,0.89436804382,0.850772862945,0.809666371792
1,1,797,0.825858612135,0.727415237668,0.339756322291
1,1,798,0.836675549023,0.769342810093,0.552856745566
1,1,799,0.694643600416,0.594273119019,0.22330170559
1,1,800,0.760701629574,0.671006663214,0.404912300411
1,1,801,0.829485766758,0.779487807914,0.813594360799
1,1,802,0.727384606186,0.648943007652,0.410526677496
1,1,803,0.823987963127,0.733118527583,0.451061530212
1,1,804,0.868291474856,0.794768488547,0.605870198931
1,1,805,0.84379098449,0.76158341894,0.439787088437
1,1,806,0.857983241506,0.787610285507,0.60160393449
1,1,807,0.759855542234,0.675528343149,0.367276876812
1,1,808,0.724308658375,0.62984492589,0.358899299225
1,1,809,0.762636676407,0.684805961298,0.490425718212
1,1,810,0.832742432393,0.768111548558,0.692349372685
1,1,811,0.841410499831,0.757887096672,0.487521583782
1,1,812,0.832607835378,0.729035451179,0.290163321943
1,1,813,0.835702768073,0.769609640355,0.608460146473
1,1,814,0.780373176207,0.727436888675,0.662010600221
1,1,815,0.775246632798,0.697763028057,0.445881248552
1,1,816,0.84224145292,0.766417796383,0.601816925997
1,1,817,0.7430328478,0.672885304105,0.466897244755
1,1,818,0.843701809918,0.750838075942,0.475684101666
1,1,819,0.854670857988,0.763698108679,0.405517566843
1,1,820,0.806519819642,0.739778036114,0.693304216805
1,1,821,0.714355548314,0.596089258866,0.0827258425073
1,1,822,0.786973324536,0.691221316708,0.409240568934
1,1,823,0.828080580335,0.802440195138,0.804928110636
1,1,824,0.856706344989,0.800103199446,0.710974706226
1,1,825,0.738078663418,0.649438226482,0.356227885437
1,1,826,0.815101066785,0.731876738667,0.42373820654
1,1,827,0.793540882827,0.68006978588,0.229620311359
1,1,828,0.75213251339,0.658132097143,0.373691669672
1,1,829,0.795725904912,0.715958439558,0.481349850325
1,1,830,0.813066893424,0.751387992841,0.673335838605
1,1,831,0.80851886209,0.721057095689,0.384735574324
1,1,832,0.817960197683,0.727161422323,0.327127535324
1,1,833,0.817195147193,0.730486806367,0.393040237219
1,1,834,0.817244883147,0.757481200398,0.733450824554
1,1,835,0.7892205,0.698526539656,0.3244284942
1,1,836,0.812043890068,0.747438765367,0.580604888157
1,1,837,0.877715220696,0.844623327772,0.950988059094
1,1,838,0.671689209275,0.577344875521,0.212191614764
1,1,839,0.829148,0.739287438726,0.391417916014
1,1,840,0.794844215108,0.709139026769,0.488049019491
1,1,841,0.767119984568,0.684782251093,0.461662899129
1,1,842,0.701520967555,0.618351901417,0.361980881391
1,1,843,0.807278911565,0.713568996874,0.418797018879
1,1,844,0.772964157039,0.690291061632,0.505164968298
1,1,845,0.748629493304,0.696425339931,0.591174392476
1,1,846,0.758258298258,0.686643848807,0.463380022436
1,1,847,0.803133532871,0.750928423294,0.66435120861
1,1,848,0.833809480425,0.749895342242,0.572314542534
1,1,849,0.737188618599,0.682482369662,0.602936963682
1,1,850,0.779864408348,0.685137903832,0.290904762969
1,1,851,0.843292931647,0.786638312663,0.673553462479
1,1,852,0.797511259148,0.719280124068,0.466520686892
1,1,853,0.80468486975,0.743734639696,0.753929942538
1,1,854,0.721410568585,0.66463029788,0.590430684874
1,1,855,0.838724,0.764407461525,0.565489399432
1,1,856,0.798770369117,0.717157636958,0.525224947971
1,1,857,0.76781638057,0.659063567359,0.309141909405
1,1,858,0.741454953576,0.696901160571,0.650532844322
1,1,859,0.807782763841,0.7282302965,0.533730681535
1,1,860,0.80188523184,0.71186654901,0.430412646717
1,1,861,0.788626430801,0.713001383715,0.495926380979
1,1,862,0.739027777778,0.616768512798,0.188228252281
1,1,863,0.779386666667,0.666903193246,0.144546533144
1,1,864,0.659224585825,0.585389304674,0.276352787727
1,1,865,0.84057487226,0.780307677292,0.722253268816
1,1,866,0.795225151992,0.712201460177,0.549676733523
1,1,867,0.745415423737,0.647194752433,0.314024099514
1,1,868,0.692738234348,0.597108943066,0.127501633749
1,1,869,0.781776186572,0.69812748069,0.427668616417
1,1,870,0.846652125058,0.80860031183,0.809118710082
1,1,871,0.82732889074,0.754806172702,0.652930116642
1,1,872,0.857589467911,0.790422771411,0.5877561663
1,1,873,0.827165081252,0.71786497404,0.37032594948
1,1,874,0.851550235479,0.760825086588,0.496753963054
1,1,875,0.772639191025,0.657389314223,0.185520129592
1,1,876,0.696979166667,0.606001979392,0.285413835505
1,1,877,0.830882238584,0.75078861549,0.479074525382
1,1,878,0.815859736561,0.71622839978,0.488358780945
1,1,879,0.729811652552,0.650702230634,0.454625414636
1,1,880,0.728356186224,0.610283490358,0.183294028346
1,1,881,0.808481074283,0.76534318616,0.727338860621
1,1,882,0.789356286997,0.72758527996,0.59023470856
1,1,883,0.837899695947,0.771252072416,0.645921627357
1,1,884,0.847500271267,0.75549060914,0.425496712011
1,1,885,0.798718582242,0.740006854373,0.550335954334
1,1,886,0.662668522721,0.565465721085,0.203163322469
1,1,887,0.841024645152,0.784339555115,0.676156807399
1,1,888,0.714443374459,0.646167862362,0.45815604189
1,1,889,0.773324909501,0.668330140186,0.31779286728
1,1,890,0.83942800789,0.768650103811,0.670331919016
1,1,891,0.800415773901,0.719421562732,0.458059153486
1,1,892,0.736300632002,0.634364501513,0.260796033001
1,1,893,0.760995834001,0.707414860828,0.584797251085
1,1,894,0.684336111111,0.584812698326,0.182400069526
1,1,895,0.782917575878,0.678712431497,0.337585083779
1,1,896,0.765195637119,0.683913975459,0.457346003861
1,1,897,0.796689342404,0.695319010391,0.418253262563
1,1,898,0.712943786982,0.637380255092,0.406215708177
1,1,899,0.899300792562,0.860098731055,0.761092452184
1,1,900,0.717994689941,0.632917806457,0.286011977187
1,1,901,0.835041123765,0.784830887893,0.771363129742
1,1,902,0.778223463326,0.703580579378,0.535405619421
1,1,903,0.773976824458,0.689070285446,0.388801711894
1,1,904,0.861080103861,0.811848048486,0.771615313621
1,1,905,0.788184116597,0.733026559322,0.645458554464
1,1,906,0.769154497927,0.679930959922,0.455190652763
1,1,907,0.767151522919,0.67419564389,0.366912245038
1,1,908,0.85079785817,0.816420886627,0.880990732383
1,1,909,0.760845744179,0.642741986429,0.257740050924
1,1,910,0.840075752486,0.782677496924,0.593089428954
1,1,911,0.751655346234,0.676478446048,0.500496432404
1,1,912,0.828866213152,0.790990435166,0.7392669507
1,1,913,0.87410574922,0.785957816254,0.515149985112
1,1,914,0.76687761473,0.688125249669,0.399329713868
1,1,915,0.73011025835,0.65129669923,0.294287892351
1,1,916,0.820523222666,0.788996019374,0.715808598486
1,1,917,0.710845832058,0.633956411756,0.407510845228
1,1,918,0.853949652778,0.795074253423,0.731223001083
1,1,919,0.653619568291,0.558539791391,0.195531446489
1,1,920,0.720353491512,0.646955923077,0.432555659346
1,1,921,0.734615384615,0.636954969891,0.270978691163
1,1,922,0.702211405565,0.645350967254,0.472913089252
1,1,923,0.791051793981,0.682153772182,0.333253627033
1,1,924,0.692516118824,0.597523882579,0.23910176627
1,1,925,0.730782582821,0.66272826023,0.444566302158
1,1,926,0.77501352779,0.66047595435,0.154758688025
1,1,927,0.753603272161,0.677762105364,0.51105113985
1,1,928,0.811275,0.742740639876,0.584618192161
1,1,929,0.768560198871,0.682489933603,0.487656895717
1,1,930,0.740258989479,0.622231747903,0.140762128796
1,1,931,0.73820165321,0.66112349242,0.375396622352
1,1,932,0.858450182794,0.808119876429,0.746532749305
1,1,933,0.69565696649,0.626877601672,0.373592832347
1,1,934,0.878377042047,0.814448521081,0.723358213911
1,1,935,0.715960983817,0.622697603661,0.314382466414
1,1,936,0.795574512207,0.748342361006,0.69518440266
1,1,937,0.808869117738,0.747796150831,0.650154189549
1,1,938,0.730737662871,0.647734452614,0.380974439531
1,1,939,0.763177083333,0.687886864,0.512302539475
1,1,940,0.783692198486,0.684021279552,0.295282318857
1,1,941,0.735733182162,0.629536869153,0.197668875938
1,1,942,0.80624260355,0.69877874149,0.330745597304
1,1,943,0.806259299867,0.677611055104,0.121825118385
1,1,944,0.83085,0.782809547228,0.743397843254
1,1,945,0.761321860515,0.706807329656,0.657930356917
1,1,946,0.77001939098,0.663171464377,0.295821460175
1,1,947,0.920144628099,0.882776699528,0.787866851241
1,1,948,0.857833036311,0.776873229595,0.567175760882
1,1,949,0.79792866941,0.735716983915,0.567973004717
1,1,950,0.818008038428,0.720576546299,0.473023835574
1,1,951,0.733743549449,0.628440679507,0.227521842935
1,1,952,0.791544914695,0.70276915573,0.450958241459
1,1,953,0.778451557093,0.689748813045,0.445504347136
1,1,954,0.795511937557,0.704110392078,0.502780670505
1,1,955,0.759278386611,0.707242181131,0.619955648761
1,1,956,0.793454076184,0.752527881743,0.724222133015
1,1,957,0.766382063029,0.657248150868,0.311512043404
1,1,958,0.756842795169,0.650585301992,0.193943328232
1,1,959,0.76626546587,0.721485564935,0.687359179946
1,1,960,0.744581410996,0.653076946494,0.343399693212
1,1,961,0.795224244699,0.708930835145,0.578576991612
1,1,962,0.70801882964,0.631592805337,0.386163135167
1,1,963,0.735825045031,0.661814036263,0.469465713268
