0,1,0,0.838201156156,0.908022639338,1.0
1,0,0,0.986457318397,0.98309853164,1.0
0,0,0,0.865987347672,0.853590909622,0.878036820059
1,1,0,0.858715283552,0.790292398199,0.34464704179
1,1,1,0.853061429369,0.772043053874,0.232977496219
1,1,2,0.847937044745,0.757486006862,0.384176735302
1,1,3,0.858443170897,0.78420078622,0.298005330556
1,1,4,0.869955745018,0.795424836369,0.284163592702
1,1,5,0.86337147714,0.788352558816,0.376039529321
1,1,6,0.83269210868,0.748133914305,0.165612619963
1,1,7,0.862580703417,0.786016828783,0.128871137954
1,1,8,0.859406720107,0.785436486074,0.590170149519
1,1,9,0.858061102238,0.78395105491,0.435544578859
1,1,10,0.842073836324,0.747106929266,0.350360271995
1,1,11,0.828281420698,0.738105677052,0.263334146756
1,1,12,0.849481318117,0.772286934557,0.24155773286
1,1,13,0.852078550604,0.764490614887,0.411069692152
1,1,14,0.862060421742,0.779914244094,0.083431065157
1,1,15,0.872169836873,0.798014591768,0.3273204627
1,1,16,0.855150853913,0.773177493301,0.175513790413
1,1,17,0.85321837327,0.766007462078,0.149619900971
1,1,18,0.852246972336,0.778004332655,0.334540861145
1,1,19,0.862122286452,0.777271727247,0.194930430115
1,1,20,0.875238802948,0.79470982228,0.185106624489
1,1,21,0.838826110362,0.753758638866,0.152728383317
1,1,22,0.858659229138,0.780166301273,0.100692010694
1,1,23,0.841152160088,0.76063136081,0.340349809314
1,1,24,0.84781465729,0.762181388228,0.190422245882
1,1,25,0.840994929124,0.759559482253,0.223982898977
1,1,26,0.856199003355,0.777679414088,0.147832489193
1,1,27,0.853905201718,0.770588493488,0.307234796054
1,1,28,0.859240221445,0.785457657332,0.320116699528
1,1,29,0.855495766264,0.786475316727,0.444682420673
1,1,30,0.859197668351,0.790731332466,0.334814669537
1,1,31,0.856812371578,0.771295525959,0.211596303673
1,1,32,0.863417015479,0.789862905975,0.209423821293
1,1,33,0.864431052954,0.787161350379,0.0334251698297
1,1,34,0.893748693601,0.832645231599,0.520194724
1,1,35,0.850512585553,0.766875547129,0.210259010626
1,1,36,0.883721215108,0.813581121363,0.26725956264
1,1,37,0.860125610873,0.781427340263,0.269887525052
1,1,38,0.848909712237,0.763361373229,0.40362711133
1,1,39,0.852437655748,0.766326677986,0.224261333861
1,1,40,0.820160700296,0.705842965538,0.203265227052
1,1,41,0.859817754253,0.764910358887,0.0593186820287
1,1,42,0.83246306335,0.726838718331,0.200444230895
1,1,43,0.841697599838,0.742860494808,0.178304631753
1,1,44,0.84657648283,0.769785649889,0.519131009634
1,1,45,0.853234077713,0.772302592349,0.303330840136
1,1,46,0.861017963092,0.785287675611,0.311008726072
1,1,47,0.840089218079,0.750199806165,0.345908942624
1,1,48,0.857858202385,0.778001678816,0.371582882222
1,1,49,0.864212654321,0.774145894311,0.275605553062
1,1,50,0.867137228915,0.78354480526,0.225709962643
1,1,51,0.865194856179,0.793617154069,0.573111523708
1,1,52,0.865942934126,0.78945400698,0.337248693966
1,1,53,0.853413915267,0.781584048732,0.344179297453
1,1,54,0.843655898987,0.750854193288,0.16216519372
1,1,55,0.808830195594,0.693203433017,0.214678263
1,1,56,0.875312411243,0.808845863989,0.187132298187
1,1,57,0.853404097949,0.769484026279,0.546558759984
1,1,58,0.807558548635,0.702868785409,0.266350854177
1,1,59,0.868017799913,0.794024474331,0.346182380332
1,1,60,0.861651605869,0.783637718528,0.453621137009
1,1,61,0.866913464409,0.779479548689,0.188340319277
1,1,62,0.776976137754,0.689408302981,0.46005905259
1,1,63,0.844114972084,0.766166842502,0.50374879305
1,1,64,0.854613068308,0.769449802624,0.167923535015
1,1,65,0.846054376442,0.767407982249,0.403545733388
1,1,66,0.881104165183,0.802730364228,0.226928741125
1,1,67,0.8979327264,0.851617381449,0.593860249832
1,1,68,0.867291964892,0.789448163111,0.180941947868
1,1,69,0.871617304518,0.788074417825,0.0363409543045
1,1,70,0.855551120675,0.758774182029,0.164669155928
1,1,71,0.876830235768,0.799992169839,0.310566372391
1,1,72,0.851632253471,0.756691615914,0.270127895602
1,1,73,0.864662978252,0.788923667865,0.185843656678
1,1,74,0.858272604938,0.796028846436,0.743609303806
1,1,75,0.85570410617,0.777966914445,0.514908303929
1,1,76,0.843609647855,0.754996875068,0.135804063784
1,1,77,0.852331524921,0.773815121679,0.195403629977
1,1,78,0.861631365797,0.791151409129,0.204653493411
1,1,79,0.860404868089,0.770082488873,0.34619313439
1,1,80,0.864169744537,0.791452713452,0.557913667863
1,1,81,0.850070675622,0.751406448731,0.282702322
1,1,82,0.866944236966,0.79438453224,0.10978387351
1,1,83,0.851374615039,0.760744414887,0.272531256781
1,1,84,0.750909931831,0.651107369528,0.259491287184
1,1,85,0.874086752137,0.799676312642,0.346337889202
1,1,86,0.871246261068,0.791332475293,0.114988866273
1,1,87,0.849802795198,0.770238740524,0.146057585912
1,1,88,0.851208474296,0.761621299246,0.191505327999
1,1,89,0.874511959594,0.801133305318,0.354990157276
1,1,90,0.869879401214,0.780531331581,0.199279541049
1,1,91,0.875725743791,0.802470014337,0.094242656964
1,1,92,0.84720187717,0.745536245486,0.38297495298
1,1,93,0.850875830609,0.767303061148,0.403309609433
1,1,94,0.857840199286,0.767556623826,0.180429736407
1,1,95,0.859817826291,0.779435897714,0.4240788831
1,1,96,0.871082203462,0.796682303937,0.450909489524
1,1,97,0.869115737359,0.783629364045,0.219144340982
1,1,98,0.855004293479,0.771486549728,0.177825180653
1,1,99,0.844488213799,0.761660683681,0.189647755522
1,1,100,0.844223432275,0.764934922976,0.329362420969
1,1,101,0.864465519026,0.784816471196,0.46063323858
1,1,102,0.819421424474,0.729635185915,0.469549084018
1,1,103,0.848403943933,0.770057255596,0.208098947343
1,1,104,0.860118509328,0.776511900719,0.526559614945
1,1,105,0.85618434789,0.775605817189,0.361499217612
1,1,106,0.865487599588,0.781595362598,0.379685077476
1,1,107,0.840086032161,0.7547597288,0.531154895293
1,1,108,0.868740794345,0.798642063246,0.294645491378
1,1,109,0.853834270879,0.784695882328,0.563813155645
1,1,110,0.817628987459,0.732549675338,0.471053602585
1,1,111,0.84159275212,0.746094935298,0.190469303543
1,1,112,0.85275921846,0.776875209459,0.241968693898
1,1,113,0.842726196219,0.742433800977,0.392031414041
1,1,114,0.85551767944,0.765774824144,0.208065285536
1,1,115,0.825227997748,0.741043297921,0.552960792511
1,1,116,0.870149173292,0.79215623799,0.199252495909
1,1,117,0.848905718576,0.750657272682,0.110798700665
1,1,118,0.865036528609,0.792645773653,0.398770336235
1,1,119,0.845320595188,0.772477050572,0.633818505403
1,1,120,0.864519537764,0.791458681917,0.380241042592
1,1,121,0.866471975065,0.782453098636,0.440892329078
1,1,122,0.875388269759,0.806719007119,0.527532906399
1,1,123,0.872984191695,0.788665434584,0.363116410946
1,1,124,0.864907980265,0.792435073622,0.537467391172
1,1,125,0.813272881222,0.722489574595,0.470573252469
1,1,126,0.861769718589,0.773291536897,0.228171669523
1,1,127,0.84645529547,0.755531193501,0.198174683246
1,1,128,0.877859453086,0.799535418075,0.274027891788
1,1,129,0.884262303066,0.815491274606,0.740097034879
1,1,130,0.866830675476,0.797847564243,0.441850390991
1,1,131,0.845102437574,0.764498717604,0.52016106911
1,1,132,0.815641939556,0.697955328716,0.205124196929
1,1,133,0.854746853285,0.785274669224,0.2689329854
1,1,134,0.858853827407,0.775157613898,0.265681718294
1,1,135,0.849203086151,0.758211857265,0.203076845676
1,1,136,0.858519042052,0.777096830578,0.144452341003
1,1,137,0.860404344693,0.7780606354,0.0526072721687
1,1,138,0.864031848004,0.787103971977,0.217243483712
1,1,139,0.858512093288,0.778938101589,0.0753070113356
1,1,140,0.821191193427,0.738190701323,0.515208035474
1,1,141,0.837500916176,0.744159078457,0.138305424152
1,1,142,0.828746040285,0.724367835361,0.190825363616
1,1,143,0.862574969649,0.776314255647,0.155135660098
1,1,144,0.872479239416,0.789655142289,0.280956833306
1,1,145,0.860401457075,0.782551532803,0.356527155347
1,1,146,0.845630379165,0.766846296216,0.275871277425
1,1,147,0.858207482772,0.780612494281,0.441083794358
1,1,148,0.855691627292,0.780182990609,0.426459977954
1,1,149,0.849685561316,0.767795811081,0.250480863652
1,1,150,0.8571915799,0.774119111831,0.304680040505
1,1,151,0.862197644355,0.786389645162,0.550643395571
1,1,152,0.857812824532,0.780889332948,0.0955574595265
1,1,153,0.856883398678,0.776532863446,0.300119602829
1,1,154,0.815895918367,0.702144486273,0.228209717345
1,1,155,0.862003366053,0.782758047422,0.197210353337
1,1,156,0.858708972436,0.769780707974,0.15132906546
1,1,157,0.874766421115,0.810753166252,0.736311189452
1,1,158,0.875780350751,0.810886431753,0.463747765828
1,1,159,0.870101242294,0.779394583967,0.197329857509
1,1,160,0.863486332684,0.783475253954,0.155634414692
1,1,161,0.854133854934,0.76229188555,0.401795853731
1,1,162,0.852548010595,0.76036930271,0.334196021933
1,1,163,0.877502698688,0.802871341648,0.347049517625
1,1,164,0.858979070476,0.780012967727,0.193155496377
1,1,165,0.855735499425,0.772211331447,0.0362285908494
1,1,166,0.859118037751,0.791197452206,0.378144502516
1,1,167,0.850079259338,0.755483015604,0.262837234335
1,1,168,0.857976396966,0.769243589883,0.150741984016
1,1,169,0.863119501564,0.78888545399,0.496365277568
1,1,170,0.86064184814,0.778668482483,0.170815194359
1,1,171,0.85429453242,0.773467725077,0.160264412512
1,1,172,0.882451576984,0.813832054594,0.372201986287
1,1,173,0.849782720024,0.772605252965,0.185120688004
1,1,174,0.848808524505,0.75894851865,0.0740679755645
1,1,175,0.858323914337,0.771068441903,0.364577879828
1,1,176,0.864243277255,0.783220279176,0.0734986366645
1,1,177,0.86758394126,0.801682192138,0.167634232488
1,1,178,0.787169246631,0.682445593708,0.247526220419
1,1,179,0.841946194426,0.738618921919,0.155498946166
1,1,180,0.862447074456,0.776297461934,0.31465605147
1,1,181,0.859486713714,0.773477614947,0.107579824489
1,1,182,0.857538164245,0.773882180769,0.24989053619
1,1,183,0.872307013937,0.799789261715,0.393280228606
1,1,184,0.84511823284,0.76439735063,0.257523898937
1,1,185,0.865644561611,0.7855711525,0.1140549553
1,1,186,0.83773703536,0.731415628562,0.252832223326
1,1,187,0.872621044947,0.791886207642,0.406624985764
1,1,188,0.866187396771,0.786621752606,0.270440393653
1,1,189,0.863340686785,0.790971383897,0.0698784315565
1,1,190,0.877674552517,0.798539403174,0.321976785274
1,1,191,0.866394969764,0.78778589174,0.297560709625
1,1,192,0.86434584735,0.78862042522,0.514367177079
1,1,193,0.852862029073,0.794781154502,0.677671977066
1,1,194,0.859998563236,0.769902022226,0.288635631594
1,1,195,0.866606409293,0.783042894108,0.270738713968
1,1,196,0.885737356764,0.821643469536,0.265707461972
1,1,197,0.856123972752,0.770263677616,0.176076200773
1,1,198,0.861458691705,0.792076270234,0.340509293923
1,1,199,0.875566992302,0.802865863623,0.19925723565
1,1,200,0.880969714013,0.809258867403,0.609616430431
1,1,201,0.853530771684,0.762459225272,0.27964868863
1,1,202,0.873465007584,0.796988965266,0.203924504152
1,1,203,0.842911481306,0.746836146439,0.207747856871
1,1,204,0.855108000079,0.771081381532,0.363444640497
1,1,205,0.878743505539,0.806700265165,0.628939980537
1,1,206,0.853440205136,0.780623217862,0.426953606917
1,1,207,0.874114377801,0.798798210165,0.362826347813
1,1,208,0.858699449462,0.771670858097,0.300669448526
1,1,209,0.874998840689,0.798522500995,0.11057190574
1,1,210,0.875717637804,0.792172228368,0.15235540899
1,1,211,0.905464665205,0.866642970592,0.847849504224
1,1,212,0.880716377403,0.817651020849,0.649423185595
1,1,213,0.860173210757,0.765723646346,0.262021594424
1,1,214,0.856626367694,0.773015194766,0.264397165224
1,1,215,0.869185688857,0.794441301783,0.337737438937
1,1,216,0.868776130017,0.792338485377,0.32135143171
1,1,217,0.852409135981,0.755794705344,0.208552365914
1,1,218,0.82844384366,0.71734533291,0.210571121881
1,1,219,0.867080352038,0.787564450716,0.120207105708
1,1,220,0.880633589074,0.805517971779,0.211703597444
1,1,221,0.867644002615,0.790432049422,0.461664281168
1,1,222,0.869185580041,0.803209422664,0.718385264176
1,1,223,0.783666817565,0.663619322621,0.179878015209
1,1,224,0.840724692944,0.751884865747,0.355414016983
1,1,225,0.850552524438,0.766044269866,0.189914447901
1,1,226,0.878542867373,0.805585940399,0.446605521397
1,1,227,0.810702956811,0.714376284229,0.314733247692
1,1,228,0.867280591249,0.791046839221,0.446038237464
1,1,229,0.819231273777,0.712035189283,0.140714832917
1,1,230,0.854323484818,0.752207064942,0.256314569143
1,1,231,0.823623386328,0.727673516882,0.222260944539
1,1,232,0.886266292663,0.821010355055,0.515091531741
1,1,233,0.83743879027,0.732308564213,0.143105548113
1,1,234,0.842373447523,0.761699055271,0.365823837576
1,1,235,0.847001119206,0.759060126227,0.382798667962
1,1,236,0.864349400318,0.790081012926,0.258863427819
1,1,237,0.848077052555,0.75816657059,0.344816961848
1,1,238,0.868556496503,0.776582932597,0.382452389757
1,1,239,0.879270447235,0.804493603962,0.272618298445
1,1,240,0.853855770098,0.776525162122,0.405206307743
1,1,241,0.875993137495,0.811317419269,0.605111224979
1,1,242,0.865117576442,0.766508766592,0.149818856946
1,1,243,0.84868587169,0.745770426898,0.191794727831
1,1,244,0.86125025352,0.78112173525,0.382992006524
1,1,245,0.856593334714,0.770469790968,0.271087772241
1,1,246,0.875142192907,0.793748719684,0.141932460503
1,1,247,0.845867881235,0.767916034213,0.262633999879
1,1,248,0.858082539254,0.780347416676,0.401658039512
1,1,249,0.844630533854,0.755000856031,0.300841569587
1,1,250,0.869052165308,0.796355320042,0.489908576333
1,1,251,0.861707445835,0.769269705861,0.350230921769
1,1,252,0.85621534636,0.779068297284,0.224414656979
1,1,253,0.872970163455,0.793650832052,0.519351866072
1,1,254,0.854261793155,0.769701258973,0.302177834799
1,1,255,0.86372667061,0.780708978554,0.370714375683
1,1,256,0.856841834773,0.766559482902,0.119231929943
1,1,257,0.843463819748,0.759903220573,0.434358485682
1,1,258,0.85983320229,0.763970789507,0.166127053946
1,1,259,0.8542888513,0.769968527653,0.242578129087
1,1,260,0.874831455857,0.809462467693,0.683568241598
1,1,261,0.864621072926,0.789399761881,0.445140499943
1,1,262,0.848846403932,0.740779812034,0.126581980843
1,1,263,0.856546917047,0.769488896097,0.0930862769348
1,1,264,0.854606376913,0.782539235718,0.358516544186
1,1,265,0.865883075755,0.792375450415,0.397817429495
1,1,266,0.846286638565,0.744640570214,0.143439789732
1,1,267,0.861073443749,0.772532976496,0.0766587836935
1,1,268,0.85083,0.777003235363,0.343042967441
1,1,269,0.867487414574,0.784509667065,0.340221554398
1,1,270,0.822251481238,0.714999364381,0.202694060248
1,1,271,0.857401430109,0.775408191691,0.189766205062
1,1,272,0.822391482834,0.720337991676,0.269160152099
1,1,273,0.85344530321,0.761631350576,0.362307912662
1,1,274,0.855349351324,0.772114022253,0.299537559116
1,1,275,0.864188532556,0.784590113713,0.416154530938
1,1,276,0.858484513591,0.772761208156,0.309601391363
1,1,277,0.851434316313,0.760972413307,0.296014506998
1,1,278,0.839235600655,0.759737984474,0.254482887102
1,1,279,0.867701787057,0.786334487703,0.235557211837
1,1,280,0.836876344029,0.748247155031,0.312515659913
1,1,281,0.846906637261,0.751703866339,0.255790204903
1,1,282,0.85970560597,0.769999801643,0.147329746681
1,1,283,0.881740387014,0.813093457953,0.339622372978
1,1,284,0.842073584659,0.731076939809,0.0708247494485
1,1,285,0.854007064877,0.780532447063,0.225523206411
1,1,286,0.849126573396,0.757529886195,0.243982508371
1,1,287,0.843026760969,0.744418448631,0.17032150845
1,1,288,0.843179267422,0.75873289132,0.443621924241
1,1,289,0.850606747425,0.770388854213,0.242454894331
1,1,290,0.828081717452,0.716817105256,0.333251361762
1,1,291,0.85693439258,0.777556641511,0.191386089196
1,1,292,0.830006666561,0.740737324144,0.431205057023
1,1,293,0.858091189452,0.778399707204,0.490518930193
1,1,294,0.874469091873,0.806409274651,0.29412670234
1,1,295,0.854053875208,0.778524109648,0.11349762931
1,1,296,0.849867692223,0.761668753754,0.182247977314
1,1,297,0.844781341108,0.752559647117,0.350524329792
1,1,298,0.859939969334,0.77284058952,0.130564014211
1,1,299,0.885140438588,0.817872725153,0.326577445257
1,1,300,0.854246158337,0.761397954264,0.46183260555
1,1,301,0.857870843727,0.777141672432,0.137432668643
1,1,302,0.871976474771,0.795458909674,0.368463495672
1,1,303,0.865745270557,0.796549986568,0.522614297948
1,1,304,0.872412200839,0.7968772181,0.344796053411
1,1,305,0.85898537043,0.783672669066,0.108565797281
1,1,306,0.865333974979,0.79129850292,0.528362534354
1,1,307,0.852309958887,0.75791551722,0.243831698374
1,1,308,0.87042144981,0.793803032606,0.206610244091
1,1,309,0.873447798678,0.804149606731,0.194900242287
1,1,310,0.876437460618,0.775193554349,0.161639703913
1,1,311,0.866561288137,0.784621539326,0.143503637447
1,1,312,0.84138023837,0.75716975957,0.404682191834
1,1,313,0.861182976833,0.777261339806,0.271657237116
1,1,314,0.886064461959,0.819509227878,0.29634051698
1,1,315,0.836604395825,0.725234636567,0.183614643338
1,1,316,0.816241208908,0.718899710542,0.298351653517
1,1,317,0.878448090434,0.799973866363,0.142393496786
1,1,318,0.862261555707,0.794097828478,0.518157162154
1,1,319,0.86492654504,0.785499826049,0.0978258887458
1,1,320,0.866727179412,0.788914517239,0.413355602543
1,1,321,0.886600146915,0.812820512756,0.108338268977
1,1,322,0.850864625236,0.756650344366,0.0936673193618
1,1,323,0.868373084914,0.781225098097,0.0858376790252
1,1,324,0.857375979717,0.773026123054,0.299977116537
1,1,325,0.841931216931,0.734717092878,0.210293252033
1,1,326,0.868940548531,0.805002245213,0.645290700992
1,1,327,0.867831984449,0.782148392424,0.240370751887
1,1,328,0.861881873575,0.770513228077,0.229236208935
1,1,329,0.85121734358,0.76631505171,0.329184460694
1,1,330,0.851233518818,0.754736981811,0.218349788399
1,1,331,0.841325464519,0.747120373405,0.307756472969
1,1,332,0.817497503199,0.718187041401,0.469542420246
1,1,333,0.85570317514,0.769964406297,0.240747457344
1,1,334,0.846368557469,0.751393770566,0.254080918101
1,1,335,0.852155458492,0.774374078754,0.368213719273
1,1,336,0.852312671468,0.756927675687,0.436598014854
1,1,337,0.861244903829,0.783507574538,0.195486758347
1,1,338,0.851634746683,0.770161236204,0.400500469209
1,1,339,0.861277767863,0.787483587084,0.286923718587
1,1,340,0.827596380432,0.732676311283,0.339619933483
1,1,341,0.877462424876,0.811437098663,0.651881592784
1,1,342,0.861899847885,0.779462227147,0.139308789471
1,1,343,0.810401545857,0.733956271378,0.527504518838
1,1,344,0.849311886671,0.766339163087,0.113315060839
1,1,345,0.855228207173,0.770846206817,0.358830572497
1,1,346,0.861560003895,0.793499211513,0.599645985577
1,1,347,0.856217448533,0.771610543939,0.246121344382
1,1,348,0.868307275745,0.793891372371,0.449454402015
1,1,349,0.86877141562,0.794562437655,0.454843065182
1,1,350,0.85481799994,0.769603771294,0.536040627639
1,1,351,0.858690193572,0.787861003254,0.60622550592
1,1,352,0.876249980235,0.814176215005,0.520806103976
1,1,353,0.867093993818,0.79560938999,0.586747452093
1,1,354,0.864564877057,0.773715726888,0.19208398266
1,1,355,0.876742259536,0.793458692149,0.210038388194
1,1,356,0.856031935642,0.784587879303,0.650035885264
1,1,357,0.837526751033,0.732183880744,0.168903544234
1,1,358,0.860362999295,0.770283884378,0.306598085403
1,1,359,0.876855788376,0.797995397603,0.352807012276
1,1,360,0.846345314635,0.744088661052,0.206609886749
1,1,361,0.830018107741,0.742304381471,0.510327347968
1,1,362,0.860015457618,0.782812886732,0.0856185451516
1,1,363,0.840005784534,0.753533983552,0.305027796653
1,1,364,0.871762062668,0.806442248249,0.638987074105
1,1,365,0.850180117655,0.764198585804,0.23360888928
1,1,366,0.840642722117,0.752145224686,0.392895279518
1,1,367,0.841720529394,0.793179564926,0.716071407985
1,1,368,0.839241894706,0.742284205343,0.377894530593
1,1,369,0.796615584013,0.681802555631,0.15326640305
1,1,370,0.852263782951,0.774052609837,0.368372124196
1,1,371,0.876908750573,0.80035939472,0.505860359523
1,1,372,0.835619239242,0.737145306423,0.211028835355
1,1,373,0.868519022587,0.795492308341,0.401095255611
1,1,374,0.853442784507,0.768661462656,0.423497732312
1,1,375,0.845879012937,0.760225795283,0.319994870917
1,1,376,0.866376250504,0.789004138218,0.473720663877
1,1,377,0.808966836735,0.700070728858,0.323598617489
1,1,378,0.843386414501,0.755211800687,0.488327845651
1,1,379,0.857822764781,0.795695089315,0.652726123203
1,1,380,0.863914000173,0.778228096323,0.349708300747
1,1,381,0.85743761793,0.778851431161,0.422895152876
1,1,382,0.870896587657,0.788189429287,0.0702229725759
1,1,383,0.870576769362,0.79300281458,0.307480599982
1,1,384,0.859270154228,0.773680619041,0.419326197556
1,1,385,0.866706538051,0.786720912923,0.258159749649
1,1,386,0.874484975544,0.801716847155,0.306835412625
1,1,387,0.863918566217,0.769807672158,0.256731153189
1,1,388,0.857234966534,0.760269466758,0.197091544798
1,1,389,0.863611725978,0.772441212882,0.249063647628
1,1,390,0.844662453293,0.7547366362,0.289959361239
1,1,391,0.860973421189,0.775681793183,0.351452372118
1,1,392,0.869478993799,0.786538324075,0.359449478685
1,1,393,0.88107571198,0.809671583307,0.24776366445
1,1,394,0.819102033019,0.730275175492,0.393065771711
1,1,395,0.855716892033,0.779947147161,0.187423717481
1,1,396,0.882950748526,0.819063116307,0.551230230421
1,1,397,0.852843538626,0.765939774015,0.372608250513
1,1,398,0.87957284035,0.79340468002,0.239935024847
1,1,399,0.865178896836,0.782232807322,0.114159650327
1,1,400,0.839989271366,0.756176706946,0.411330708721
1,1,401,0.835110110642,0.734987858667,0.256757965771
1,1,402,0.867286749098,0.782031012189,0.255461111796
1,1,403,0.853584395062,0.76065930381,0.175429667234
1,1,404,0.873682483268,0.802062174786,0.228381592934
1,1,405,0.87563826497,0.793106228809,0.363733790911
1,1,406,0.890073029891,0.835304494624,0.659934257098
1,1,407,0.862947012746,0.78801383811,0.545247148779
1,1,408,0.866571755737,0.775941853576,0.21448732004
1,1,409,0.82313859736,0.723621629797,0.356511408638
1,1,410,0.846408464042,0.765795080433,0.458646818962
1,1,411,0.869639982791,0.79786781539,0.364218812334
1,1,412,0.86325314176,0.785625587205,0.427116934149
1,1,413,0.859492461125,0.777525005007,0.133996543162
1,1,414,0.839244655024,0.75460364151,0.358124843577
1,1,415,0.846766632268,0.742492717802,0.239733561099
1,1,416,0.831773954006,0.735059674815,0.199234259981
1,1,417,0.857867902128,0.763521280105,0.0841654372698
1,1,418,0.849794642523,0.760033310723,0.191871283948
1,1,419,0.835531477423,0.73585879973,0.315325646945
1,1,420,0.85212636562,0.765923345242,0.206937346302
1,1,421,0.86841514361,0.792232186978,0.324219374664
1,1,422,0.865343379591,0.795296486456,0.334572406743
1,1,423,0.862442391551,0.772155827346,0.319441161169
1,1,424,0.868330429928,0.795469179371,0.297465846898
1,1,425,0.846238058877,0.75500001759,0.176899039947
1,1,426,0.868095738337,0.788267727971,0.293236738811
1,1,427,0.873397501107,0.811197795289,0.550392267746
1,1,428,0.884384371416,0.80777262646,0.413251786468
1,1,429,0.88160844415,0.801102913974,0.234958147966
1,1,430,0.871763951666,0.788922901,0.276010827898
1,1,431,0.821330589849,0.7226655886,0.310009838892
1,1,432,0.85646070523,0.784203288538,0.560307595129
1,1,433,0.856410630229,0.769969013616,0.280999839704
1,1,434,0.855377323371,0.769844039093,0.406614535053
1,1,435,0.872985805415,0.798456643455,0.382875494953
1,1,436,0.771860601902,0.683734836237,0.439002321708
1,1,437,0.865603497031,0.77697292664,0.26681377072
1,1,438,0.816082873793,0.712988544343,0.205995058838
1,1,439,0.861674400585,0.774239417637,0.239326088917
1,1,440,0.851462863536,0.767455200652,0.21703121307
1,1,441,0.89209046179,0.823738722627,0.338851394029
1,1,442,0.862351798223,0.787554157699,0.51283008142
1,1,443,0.85845846462,0.781803536541,0.302432038384
1,1,444,0.875816600445,0.801561804103,0.319896095435
1,1,445,0.838307581465,0.747642395353,0.276921255873
1,1,446,0.867579017579,0.793154067951,0.415559888194
1,1,447,0.858586635066,0.771629059821,0.368073229153
1,1,448,0.849251189446,0.77161364032,0.601609708464
1,1,449,0.859952408199,0.777998194699,0.412460827682
1,1,450,0.848143502222,0.770904838026,0.366646627077
1,1,451,0.867516765507,0.799009658573,0.560376069493
1,1,452,0.880048309179,0.813929159862,0.674943330172
1,1,453,0.863408123934,0.811208877937,0.854899249036
1,1,454,0.8822907637,0.814367899631,0.488466760385
1,1,455,0.865983481301,0.793513833344,0.258279207917
1,1,456,0.870542089388,0.795052705383,0.531806088768
1,1,457,0.853620794407,0.766950187048,0.294427146208
1,1,458,0.854490701737,0.775099758375,0.477480677312
1,1,459,0.841790943511,0.745172887503,0.171397380223
1,1,460,0.784726437898,0.667607451206,0.145677329771
1,1,461,0.857564657838,0.771652111751,0.213469779915
1,1,462,0.842898535075,0.761132301146,0.437666833727
1,1,463,0.894080320839,0.839474464721,0.75739389222
1,1,464,0.866596345069,0.794527920664,0.44434950067
1,1,465,0.826580355625,0.74600965066,0.502148638959
1,1,466,0.855468667045,0.777287775928,0.205340889013
1,1,467,0.849749931699,0.759276615376,0.312816827817
1,1,468,0.849726670515,0.766086596571,0.191823641422
1,1,469,0.665056708958,0.550417677245,0.0854992915353
1,1,470,0.857304981031,0.770542922351,0.279420608501
1,1,471,0.842285519516,0.773155795874,0.665270447467
1,1,472,0.846047536677,0.762716281786,0.328700432686
1,1,473,0.85486124393,0.790693632748,0.603885998574
1,1,474,0.842930962986,0.758792197607,0.255365892207
1,1,475,0.850359077193,0.756012550919,0.269410058044
1,1,476,0.856248664608,0.763710854685,0.254700197729
1,1,477,0.818543944637,0.707094633427,0.212493108865
1,1,478,0.841397635931,0.744677103298,0.133422540049
1,1,479,0.819262109552,0.742163342078,0.531697764947
1,1,480,0.859953811215,0.771405946077,0.171506033738
1,1,481,0.851912077636,0.766836513141,0.369806152855
1,1,482,0.854191464382,0.768719938055,0.23573708747
1,1,483,0.849687713339,0.764357829785,0.325696470476
1,1,484,0.815853362699,0.712124101568,0.082769499995
1,1,485,0.840766454214,0.727919602293,0.29224903164
1,1,486,0.830014061065,0.755598853941,0.483914040256
1,1,487,0.856729543881,0.782136846952,0.423779072319
1,1,488,0.850747346337,0.776451891538,0.639890749649
1,1,489,0.800618332958,0.695247847143,0.282168686664
1,1,490,0.837649637101,0.740171691221,0.357280587878
1,1,491,0.850078037151,0.762936224521,0.252071931902
1,1,492,0.87073115061,0.804876779548,0.618984985103
1,1,493,0.845747451075,0.761193104437,0.429226372211
1,1,494,0.8549332627,0.782085306463,0.550910761561
1,1,495,0.857400609869,0.76257207824,0.202767734943
1,1,496,0.851228571004,0.758672776465,0.255766714161
1,1,497,0.855428810072,0.770783404719,0.427443525802
1,1,498,0.83876405675,0.747438087852,0.317914551244
1,1,499,0.849547483662,0.767496937928,0.488133001204
1,1,500,0.866713835438,0.798308115859,0.655481281003
1,1,501,0.866749590468,0.788815002018,0.422298969108
1,1,502,0.84311634349,0.772281310796,0.672697231141
1,1,503,0.861815769263,0.790678156242,0.458396168776
1,1,504,0.868594655468,0.786254237255,0.244783628359
1,1,505,0.846858126085,0.750756703219,0.322705450932
1,1,506,0.841010701546,0.738850243038,0.398369376995
1,1,507,0.869391382987,0.784266789312,0.223255343995
1,1,508,0.859982187105,0.796751237102,0.665157642578
1,1,509,0.805571258975,0.700526382454,0.31001469217
1,1,510,0.846829120254,0.760635342151,0.349088673322
1,1,511,0.85261707989,0.776255178728,0.601727720716
1,1,512,0.866750577699,0.791522090256,0.596911006265
1,1,513,0.851307429425,0.769735356142,0.239995530052
1,1,514,0.863506702246,0.785431790157,0.341682729138
1,1,515,0.866324799251,0.788890797017,0.444238922774
1,1,516,0.87588269571,0.788728707251,0.237976046311
1,1,517,0.858143078512,0.782899640801,0.574493369748
1,1,518,0.849591949174,0.762389415932,0.195667822281
1,1,519,0.868724690438,0.795752441903,0.280376022405
1,1,520,0.770752234959,0.656315866607,0.162040793941
1,1,521,0.877416678155,0.799992785378,0.357142293971
1,1,522,0.846398455215,0.772891060473,0.510243701552
1,1,523,0.851426141794,0.774744188533,0.546210011458
1,1,524,0.824443007132,0.725379451128,0.268452950001
1,1,525,0.823138715085,0.714900477084,0.181588617817
1,1,526,0.863607391164,0.797727197903,0.639564329526
1,1,527,0.872170523564,0.789269917269,0.272384064919
1,1,528,0.855126241106,0.752755618781,0.241640594383
1,1,529,0.860457113493,0.770687558592,0.233153569502
1,1,530,0.866602367646,0.796431634084,0.438390948091
1,1,531,0.843797105075,0.741262395797,0.104011897731
1,1,532,0.855534329912,0.763081505742,0.261652263154
1,1,533,0.844439576812,0.774774299885,0.601551769965
1,1,534,0.804319526627,0.6935549442,0.277459385658
1,1,535,0.848386240585,0.749903181407,0.236803553855
1,1,536,0.851229793932,0.767146345561,0.48583169303
1,1,537,0.836734574451,0.731839843757,0.251054009067
1,1,538,0.858679610287,0.771989393299,0.323018201673
1,1,539,0.856609312912,0.755428463154,0.0983516143316
1,1,540,0.857874981001,0.769597184379,0.379310058823
1,1,541,0.861235851368,0.776136122015,0.273336524681
1,1,542,0.824325,0.718258367497,0.370899809453
1,1,543,0.858175208191,0.7737305969,0.339850220762
1,1,544,0.863250924616,0.774695729019,0.31872260964
1,1,545,0.832354660432,0.739234741412,0.346379208675
1,1,546,0.827975774517,0.721242079063,0.239363396227
1,1,547,0.848036185639,0.763174349847,0.260483222167
1,1,548,0.849428773102,0.757996108913,0.229115808144
1,1,549,0.817292315462,0.724375084967,0.388165109388
1,1,550,0.849161228603,0.763019542759,0.138486829308
1,1,551,0.845186969952,0.766093486879,0.481071385524
1,1,552,0.854170021066,0.790141911173,0.643731988286
1,1,553,0.885468924009,0.809820147981,0.291691624209
1,1,554,0.861509411302,0.791214052463,0.574702429347
1,1,555,0.851186201604,0.770083554846,0.481303865957
1,1,556,0.814346313477,0.70480867665,0.377696149427
1,1,557,0.825151515152,0.723113024936,0.383042373349
1,1,558,0.867171191136,0.793923237562,0.517261837668
1,1,559,0.851317057864,0.769657430777,0.367257808517
1,1,560,0.87576331207,0.80731879543,0.38494707587
1,1,561,0.853417606796,0.756746585859,0.290132814092
1,1,562,0.852922992256,0.758385905818,0.157342001122
1,1,563,0.8722438937,0.794987757327,0.37919526139
1,1,564,0.878190099068,0.799974217073,0.425244185442
1,1,565,0.853460651799,0.770293241133,0.457615409057
1,1,566,0.835669404483,0.737155502439,0.259863070782
1,1,567,0.858782303235,0.765296590107,0.16827095842
1,1,568,0.838015935258,0.755289126108,0.483092861609
1,1,569,0.854793151382,0.776302390424,0.340911269909
1,1,570,0.848982644628,0.754484508962,0.328085207536
1,1,571,0.831509903024,0.735240978168,0.34070164932
1,1,572,0.854219692412,0.772984710876,0.386249451597
1,1,573,0.862220992022,0.777441005376,0.472166504192
1,1,574,0.823461305402,0.709664036298,0.262231350082
1,1,575,0.846392894442,0.767451954273,0.512436479196
1,1,576,0.860527633763,0.773979028742,0.204166409453
1,1,577,0.857702247631,0.774616224797,0.611111728734
1,1,578,0.857761424854,0.76819438229,0.361372026981
1,1,579,0.857396075265,0.775490748195,0.4262457654
1,1,580,0.855522504657,0.774129716108,0.528369741303
1,1,581,0.822529485685,0.730952302361,0.440108371386
1,1,582,0.879382418738,0.79666681115,0.434293336432
1,1,583,0.857473564509,0.767859000922,0.362924990959
1,1,584,0.870239770781,0.795360666802,0.361456359848
1,1,585,0.796566298541,0.690839813101,0.179105933222
1,1,586,0.807963782842,0.706602420389,0.319728825693
1,1,587,0.762714981071,0.653174563451,0.238408388581
1,1,588,0.833290753375,0.746487016242,0.524900927367
1,1,589,0.841393084753,0.765738381653,0.559817966126
1,1,590,0.859661607205,0.769251852084,0.329180490971
1,1,591,0.817985133582,0.714529736759,0.395250001151
1,1,592,0.824298455025,0.701203403544,0.239811380832
1,1,593,0.837322594986,0.763033597505,0.591007789183
1,1,594,0.859589516186,0.782594688324,0.578672432435
1,1,595,0.882313393039,0.807832437958,0.406596678965
1,1,596,0.803280758236,0.717851519931,0.509096915973
1,1,597,0.812886320881,0.710568058944,0.303143926701
1,1,598,0.801034368996,0.684978862516,0.214105273269
1,1,599,0.840673749328,0.752301130409,0.35656122798
1,1,600,0.808174901318,0.695087941489,0.171082282455
1,1,601,0.839088324065,0.746360271981,0.321699495212
1,1,602,0.872960250182,0.80269151558,0.538648539037
1,1,603,0.783367053676,0.669112549063,0.160666951793
1,1,604,0.838812986592,0.740985860787,0.253867130554
1,1,605,0.85835768911,0.772681806317,0.360541796244
1,1,606,0.852073945558,0.755292421695,0.158819757415
1,1,607,0.858345137044,0.77928589657,0.501079867947
1,1,608,0.857384808095,0.771340129492,0.264757589351
1,1,609,0.860863638774,0.779268531586,0.350507050158
1,1,610,0.819518661997,0.720505644669,0.301704172634
1,1,611,0.862565382729,0.783120260199,0.346394777156
1,1,612,0.846546451882,0.75777573834,0.358795943862
1,1,613,0.819595968935,0.728291111323,0.334146906634
1,1,614,0.835920256319,0.731292126143,0.299570023999
1,1,615,0.812542399231,0.720524260821,0.446522350968
1,1,616,0.882920880428,0.841421792013,0.820037686688
1,1,617,0.850229564928,0.774541063634,0.573518688832
1,1,618,0.816997843948,0.70557832229,0.167724030542
1,1,619,0.847112665513,0.757369125752,0.328155534263
1,1,620,0.841031199925,0.76161575837,0.512269193778
1,1,621,0.856676612979,0.778057731977,0.363925447927
1,1,622,0.874778018663,0.792425079854,0.395378180575
1,1,623,0.817408949011,0.708341725054,0.204836095986
1,1,624,0.866680073236,0.787365046307,0.273638785537
1,1,625,0.882404305618,0.823738451998,0.760202031319
1,1,626,0.844963497019,0.74588225526,0.165972608812
1,1,627,0.808427168956,0.70640392403,0.296700621334
1,1,628,0.80824113903,0.704650081913,0.296884503952
1,1,629,0.825010338317,0.730392572769,0.407522321835
1,1,630,0.872456477186,0.793600903095,0.456264095702
1,1,631,0.871356588277,0.793736233329,0.446155128709
1,1,632,0.835400390625,0.738203932266,0.427802665935
1,1,633,0.864427968551,0.76931341226,0.363825213976
1,1,634,0.885974702381,0.839594184049,0.902760430457
1,1,635,0.874238447156,0.790334942895,0.277663560157
1,1,636,0.882368325082,0.815423963464,0.590193768682
1,1,637,0.89412109375,0.843647552535,0.722729653052
1,1,638,0.862757312269,0.791280033915,0.517515569142
1,1,639,0.844104518865,0.75604379434,0.388121013289
1,1,640,0.866289925514,0.778227894392,0.326354702208
1,1,641,0.880851337449,0.817972358243,0.662444194796
1,1,642,0.833871022371,0.746881880947,0.387465830552
1,1,643,0.873111548566,0.784233545448,0.136604673658
1,1,644,0.821027278391,0.706491288935,0.261243259416
1,1,645,0.846161456272,0.778727406392,0.588895832196
1,1,646,0.863585782664,0.786860637421,0.495024616107
1,1,647,0.841469306198,0.746581097607,0.279751543827
1,1,648,0.745689411499,0.643376579275,0.24826723511
1,1,649,0.853184570312,0.764428308359,0.424986644329
1,1,650,0.831831214844,0.731748233029,0.290061678683
1,1,651,0.85053476215,0.762141831864,0.402753986122
1,1,652,0.837565418567,0.739241661593,0.249020563063
1,1,653,0.859691580657,0.764719426468,0.241943900664
1,1,654,0.833432498364,0.729527710215,0.266307380759
1,1,655,0.84214710549,0.74220396395,0.308714865903
1,1,656,0.853554820386,0.760715453423,0.263061090007
1,1,657,0.826150739217,0.72379671132,0.321770019853
1,1,658,0.820462771488,0.736946447337,0.524385373059
1,1,659,0.846480268967,0.756377280618,0.451588741628
1,1,660,0.859387269482,0.771805866276,0.365339604916
1,1,661,0.77781943187,0.673461103021,0.298735291691
1,1,662,0.839488983154,0.742529031555,0.341198475644
1,1,663,0.838413085937,0.749908951267,0.485111932555
1,1,664,0.822211578509,0.719725655797,0.303763545546
1,1,665,0.790349126123,0.677252162638,0.167377153891
1,1,666,0.841628694485,0.754169370136,0.416001995287
1,1,667,0.860706032702,0.777980167274,0.44450728968
1,1,668,0.843147093146,0.752413421817,0.362974324832
1,1,669,0.834616759988,0.737953380924,0.27620829321
1,1,670,0.862916283242,0.793520382802,0.569328422863
1,1,671,0.865544444444,0.802615183618,0.750461333475
1,1,672,0.836795142033,0.738545054287,0.224561157334
1,1,673,0.839183228823,0.758569337463,0.484117858594
1,1,674,0.839430970911,0.742571639294,0.361676009636
1,1,675,0.857666004224,0.750187287381,0.17773993266
1,1,676,0.844864416355,0.784461134582,0.723823976241
1,1,677,0.841235691988,0.770207505915,0.562209924851
1,1,678,0.824772068591,0.72954097312,0.432300222895
1,1,679,0.866425581677,0.779957237923,0.342437372701
1,1,680,0.857450707687,0.787877180377,0.547355295585
1,1,681,0.854300158633,0.758593905222,0.226016237161
1,1,682,0.829155508297,0.718913093299,0.284539350217
1,1,683,0.854612801003,0.788406114775,0.46350879541
1,1,684,0.839262543253,0.743851537308,0.416260816074
1,1,685,0.829397067033,0.74146264618,0.375616402365
1,1,686,0.856271155464,0.79182507236,0.716308701958
1,1,687,0.831593481213,0.736021432487,0.424130778564
1,1,688,0.842182209911,0.755902135437,0.521644312775
1,1,689,0.877467343399,0.789987415853,0.230365793078
1,1,690,0.86316909836,0.76531617149,0.122408454428
1,1,691,0.821834364348,0.708589390757,0.277725966243
1,1,692,0.825893098508,0.728302867263,0.267749864225
1,1,693,0.861875588873,0.77307719238,0.401312333068
1,1,694,0.827246157722,0.725428075949,0.272812699679
1,1,695,0.780940710717,0.685858157495,0.369890410192
1,1,696,0.864821255692,0.769284531834,0.196577675019
1,1,697,0.792961569471,0.716701020615,0.578703524829
1,1,698,0.846825259516,0.742989014215,0.304228425774
1,1,699,0.868305612711,0.794181308283,0.414971510429
1,1,700,0.851963658809,0.767873182525,0.478243027343
1,1,701,0.853061899691,0.76359667622,0.39012663265
1,1,702,0.84449905482,0.75274717568,0.508199340247
1,1,703,0.862063928324,0.78174117817,0.513275521534
1,1,704,0.795160330579,0.687311030328,0.218355528178
1,1,705,0.798377587562,0.684950062258,0.21239526547
1,1,706,0.847493444762,0.763248812039,0.524273836698
1,1,707,0.82507805326,0.727409836639,0.408414047884
1,1,708,0.809191168213,0.690127425645,0.174802776084
1,1,709,0.875956460295,0.816492902881,0.627110759267
1,1,710,0.808894173603,0.726682632257,0.480022665403
1,1,711,0.861772479173,0.787674926697,0.584462896277
1,1,712,0.861178141076,0.780216578064,0.41419886279
1,1,713,0.865774022357,0.774781628905,0.462801416124
1,1,714,0.85030679328,0.759834146112,0.456993028987
1,1,715,0.80458677686,0.700647361307,0.363488946465
1,1,716,0.844141766425,0.737128630947,0.227057146617
1,1,717,0.87432802456,0.820821594661,0.803573972145
1,1,718,0.779965277778,0.672765383679,0.371107395963
1,1,719,0.823539787571,0.732407267875,0.417822042836
1,1,720,0.846216731423,0.762625254814,0.367113125976
1,1,721,0.881172626075,0.821581984419,0.616408161643
1,1,722,0.862506810107,0.784840936041,0.442669665212
1,1,723,0.810655033964,0.705987738051,0.252014367548
1,1,724,0.812361111111,0.713556580043,0.344616405621
1,1,725,0.867377708068,0.781567539011,0.190301173656
1,1,726,0.833735879905,0.727178346543,0.362224611946
1,1,727,0.834953913368,0.761330700706,0.590431554537
1,1,728,0.865497280198,0.791589875624,0.408096794374
1,1,729,0.840702641251,0.784425204194,0.702894916794
1,1,730,0.861518620963,0.769993773445,0.379056876902
1,1,731,0.827198597775,0.750685313095,0.618735414304
1,1,732,0.842009952129,0.750938922767,0.505273622383
1,1,733,0.824525889623,0.751908804619,0.534707368208
1,1,734,0.863333718677,0.78718897474,0.482970140623
1,1,735,0.822551740086,0.736633224817,0.498282214635
1,1,736,0.854228011587,0.765189926654,0.357888967731
1,1,737,0.80817169838,0.706584490595,0.222022640498
1,1,738,0.846913082715,0.765240615478,0.491494859126
1,1,739,0.873925925926,0.797274808274,0.517066677828
1,1,740,0.836409036861,0.731206880641,0.339453529666
1,1,741,0.795391243232,0.684396208372,0.242059835703
1,1,742,0.834586715668,0.735935585953,0.25418417919
1,1,743,0.788832179931,0.684471067873,0.319246992642
1,1,744,0.862982575847,0.76538046145,0.293342564823
1,1,745,0.804620408163,0.692118176258,0.284432560665
1,1,746,0.856048437894,0.779697111909,0.409822895957
1,1,747,0.843891628899,0.765221346905,0.56619193897
1,1,748,0.735114809541,0.653523731072,0.348645064102
1,1,749,0.761509996155,0.669837784553,0.373271592743
1,1,750,0.737789293092,0.621884838522,0.178928212547
1,1,751,0.846669714982,0.746838837641,0.436582363101
1,1,752,0.810190640023,0.700047152485,0.168225962093
1,1,753,0.84349964253,0.744900772768,0.236844251977
1,1,754,0.869424917297,0.79005926647,0.558639960632
1,1,755,0.851437989371,0.751476282534,0.125049730783
1,1,756,0.800895419279,0.696319484529,0.276191608957
1,1,757,0.812715920916,0.700790484298,0.296683695197
1,1,758,0.786721536351,0.682597183014,0.377939870723
1,1,759,0.845514438085,0.749366550839,0.208929304271
1,1,760,0.804200981784,0.714126461848,0.416537246813
1,1,761,0.82024810779,0.724561079837,0.326319448289
1,1,762,0.872856913956,0.795569770446,0.492858545235
1,1,763,0.79443632822,0.708384639117,0.463743636473
1,1,764,0.849657723432,0.774719973697,0.556718904663
1,1,765,0.811546226566,0.727989464617,0.623917649479
1,1,766,0.80439272752,0.707923858366,0.396788684523
1,1,767,0.853189693324,0.754201188725,0.310228286333
1,1,768,0.8360565757,0.75484956455,0.483114145182
1,1,769,0.844454340555,0.764803568175,0.431611632214
1,1,770,0.82814487224,0.755533856625,0.611207025437
1,1,771,0.845579355709,0.754588944177,0.259240344375
1,1,772,0.82349112426,0.725001502065,0.210124831829
1,1,773,0.866373510188,0.786028089355,0.545096919028
1,1,774,0.861377777778,0.804285400111,0.701279416208
1,1,775,0.821470460154,0.713430646494,0.166329349524
1,1,776,0.807697152935,0.743247440592,0.568713594779
1,1,777,0.80472319269,0.685673395089,0.102023605543
1,1,778,0.788866659827,0.665299696893,0.213219064078
1,1,779,0.816393734425,0.699334022008,0.146684553286
1,1,780,0.831023050617,0.734754864913,0.356009083389
1,1,781,0.755665680473,0.634979162433,0.196855128926
1,1,782,0.852597309718,0.760773372163,0.286934194716
1,1,783,0.745284859521,0.64481021185,0.29784647877
1,1,784,0.867604430518,0.793839121163,0.505853977675
1,1,785,0.827683373311,0.737943338894,0.339117528517
1,1,786,0.871725160652,0.801736913355,0.645057754178
1,1,787,0.862682289185,0.781454936024,0.434938623206
1,1,788,0.83285837403,0.758179845017,0.626941472808
1,1,789,0.902129098724,0.863027016168,0.842034102328
1,1,790,0.848481777598,0.771671439749,0.437841826467
1,1,791,0.850519438357,0.761627209851,0.420001249769
1,1,792,0.746219592373,0.629590586339,0.21382686911
1,1,793,0.836833788149,0.748845413904,0.517619012723
1,1,794,0.791035201063,0.692228938767,0.296000230136
1,1,795,0.81710943979,0.729872302727,0.480162913553
1,1,796,0.821076860323,0.707300143672,0.293882402207
1,1,797,0.804019757755,0.694595137338,0.199177789125
1,1,798,0.865006012398,0.779144931346,0.330304463455
1,1,799,0.843969823101,0.742552591096,0.331307353648
1,1,800,0.826257080727,0.737154779034,0.465413717702
1,1,801,0.856786042241,0.802221201879,0.76889596579
1,1,802,0.805963010204,0.705760589248,0.296750538044
1,1,803,0.838057079833,0.738623368892,0.326619483792
1,1,804,0.729546646466,0.614285003991,0.147887838253
1,1,805,0.839968844091,0.754846569609,0.48335775455
1,1,806,0.869949494949,0.803283135175,0.653889493051
1,1,807,0.846441341553,0.765740813978,0.492284582927
1,1,808,0.852629513344,0.737194792118,0.288340018739
1,1,809,0.824759638043,0.719211407803,0.28692525681
1,1,810,0.896853146853,0.82340785464,0.58408034837
1,1,811,0.827249006977,0.742619000635,0.458677392088
1,1,812,0.846182655888,0.757875003128,0.4588602582
1,1,813,0.81524321419,0.712798714439,0.314702486708
1,1,814,0.825936128966,0.731096648195,0.423663865706
1,1,815,0.791410680529,0.685997250774,0.2861190629
1,1,816,0.854524225853,0.777150073999,0.573125654582
1,1,817,0.795648781213,0.683436813785,0.292702762522
1,1,818,0.770655790926,0.660743185523,0.298733836856
1,1,819,0.859256656805,0.779744289604,0.509314647736
1,1,820,0.829386137904,0.721248628431,0.205849913742
1,1,821,0.841721860652,0.742389408455,0.30127872289
1,1,822,0.821071731549,0.717590885018,0.409726067241
1,1,823,0.884741691991,0.851994195714,0.888745492399
1,1,824,0.858254065257,0.796951816216,0.703915754912
1,1,825,0.815989639852,0.707021206015,0.237210314882
1,1,826,0.819108594361,0.735042799973,0.405777098705
1,1,827,0.833844228702,0.724350113746,0.248667683947
1,1,828,0.905651436003,0.852026328225,0.709231062815
1,1,829,0.84259641626,0.750384035358,0.435736461185
1,1,830,0.809240362812,0.689228577508,0.244961302848
1,1,831,0.794123985682,0.683221268724,0.113158793796
1,1,832,0.841598635615,0.749090136715,0.460929213369
1,1,833,0.864461270356,0.78815955473,0.493300509804
1,1,834,0.837276818116,0.769638792397,0.687211828324
1,1,835,0.836732,0.758722885863,0.528652201378
1,1,836,0.900251022204,0.866337874804,0.850702222894
1,1,837,0.874204437115,0.833008671827,0.887032527703
1,1,838,0.729953180737,0.617916480173,0.202928279373
1,1,839,0.820448,0.700283715931,0.137094162271
1,1,840,0.861456148313,0.761212159729,0.237607632783
1,1,841,0.776692708333,0.677857626151,0.403223870204
1,1,842,0.842420238417,0.752798621386,0.389159387526
1,1,843,0.790340136054,0.682104003931,0.356952427491
1,1,844,0.834931558752,0.734837623622,0.195660285683
1,1,845,0.82514292427,0.73448449839,0.470214013621
1,1,846,0.82403164793,0.728245966623,0.39061022132
1,1,847,0.841892459567,0.759634251155,0.469475692655
1,1,848,0.840445712724,0.735432569622,0.299348857303
1,1,849,0.742831835781,0.622680110776,0.0938015852468
1,1,850,0.831991762691,0.72590310115,0.144747339668
1,1,851,0.892066313152,0.835489283166,0.708118703498
1,1,852,0.838170271158,0.75716226814,0.469736591162
1,1,853,0.829349381365,0.742230524105,0.413037613215
1,1,854,0.830492545602,0.712808548398,0.29907590937
1,1,855,0.865072,0.771435755012,0.368810594636
1,1,856,0.8579140202,0.785417977602,0.424250513422
1,1,857,0.827988038714,0.740663244956,0.413712735886
1,1,858,0.862928527701,0.774263815379,0.456830302079
1,1,859,0.844206179715,0.780891056549,0.630174180269
1,1,860,0.835175472993,0.740169041086,0.382129086559
1,1,861,0.817762747138,0.723569253954,0.376339499321
1,1,862,0.702864583333,0.583191903704,0.0762504778837
1,1,863,0.844666666667,0.780239529875,0.793045231551
1,1,864,0.860136261151,0.802112170277,0.687618828863
1,1,865,0.832282931866,0.754706859932,0.623474977747
1,1,866,0.792993954174,0.686694009758,0.260976368831
1,1,867,0.800332534598,0.696684683696,0.319745694732
1,1,868,0.773925045301,0.671049977307,0.230472506101
1,1,869,0.820641292119,0.713817639735,0.236337450894
1,1,870,0.832788023002,0.742038163227,0.436315496286
1,1,871,0.861359850062,0.766058646847,0.368833153798
1,1,872,0.837200923375,0.742157852715,0.380258167807
1,1,873,0.741998612763,0.634077492027,0.218004779918
1,1,874,0.833036469025,0.753512445153,0.506925590243
1,1,875,0.808943195064,0.706522071189,0.268336862321
1,1,876,0.807986111111,0.69126748183,0.280734464234
1,1,877,0.842304091275,0.75448901448,0.317252141143
1,1,878,0.81583748665,0.706383211521,0.392090894813
1,1,879,0.840864917396,0.754153844091,0.438937566033
1,1,880,0.777283960459,0.65913538925,0.246860446198
1,1,881,0.877743519007,0.802737755124,0.575383984016
1,1,882,0.787554691298,0.685315372681,0.302780952275
1,1,883,0.807978883357,0.702956573635,0.280543187007
1,1,884,0.809455023872,0.700134041849,0.27317872333
1,1,885,0.835684283821,0.75617957177,0.513954948031
1,1,886,0.800928662688,0.697750467657,0.326330171333
1,1,887,0.835604830167,0.755799413289,0.615497770689
1,1,888,0.824764973971,0.71635561256,0.30796943051
1,1,889,0.816440133871,0.71331588286,0.384913073445
1,1,890,0.838619329389,0.729813256029,0.320375271397
1,1,891,0.814693653709,0.701925328693,0.277703519284
1,1,892,0.809178397012,0.721524141805,0.469476361335
1,1,893,0.802135074507,0.72677404412,0.511925029309
1,1,894,0.829688888889,0.737947589048,0.433215471287
1,1,895,0.840867387423,0.729873547061,0.344941465083
1,1,896,0.849141274238,0.762317818992,0.400783610891
1,1,897,0.781315192744,0.660494224868,0.200154735497
1,1,898,0.780621301775,0.659554618914,0.19449650949
1,1,899,0.77013793629,0.68394267992,0.411744431426
1,1,900,0.800704956055,0.692004337185,0.239506456157
1,1,901,0.833536387264,0.743816606264,0.440904024659
1,1,902,0.801628680269,0.716816477977,0.438221773052
1,1,903,0.793608234714,0.685654170804,0.31372115937
1,1,904,0.803125530831,0.711435844162,0.428599593508
1,1,905,0.789940883403,0.692188617684,0.4254866895
1,1,906,0.857821044408,0.791559556189,0.644344011471
1,1,907,0.785552565253,0.660574862307,0.158992336882
1,1,908,0.796899142203,0.692790661167,0.311826907872
1,1,909,0.755908898105,0.644805529924,0.126681839529
1,1,910,0.827369154797,0.737346923373,0.503714122678
1,1,911,0.801315733265,0.69566095693,0.394810801626
1,1,912,0.767528344671,0.661124576407,0.289370195553
1,1,913,0.739691727367,0.615781520381,0.125014857713
1,1,914,0.813183546051,0.732794406145,0.623260532446
1,1,915,0.860037244131,0.797996707474,0.662423624725
1,1,916,0.815161615719,0.727900884489,0.47099309805
1,1,917,0.841495765738,0.746049073354,0.487519050964
1,1,918,0.805948893229,0.689809127746,0.259498412938
1,1,919,0.756103308512,0.669546076123,0.344918227708
1,1,920,0.762876157407,0.658323564807,0.304176816856
1,1,921,0.791331360947,0.693636712783,0.377396887784
1,1,922,0.818430382789,0.708997865913,0.358676480034
1,1,923,0.847475405093,0.757611619185,0.443459565462
1,1,924,0.729569637277,0.634047102288,0.313572346696
1,1,925,0.763749752033,0.644295557238,0.219653334742
1,1,926,0.849648277461,0.756588374165,0.446243440727
1,1,927,0.858877250693,0.827053655526,0.926227659484
1,1,928,0.808075,0.709228682192,0.395988893921
1,1,929,0.75792797635,0.636450690142,0.178932437679
1,1,930,0.875505838825,0.789504022058,0.516941669711
1,1,931,0.839268550557,0.752495468813,0.482236169821
1,1,932,0.88468924985,0.804846638297,0.572871706664
1,1,933,0.795524691358,0.706397602404,0.479009606993
1,1,934,0.825461809264,0.746232206913,0.514665137594
1,1,935,0.877794023394,0.790777840131,0.457413639092
1,1,936,0.823381091526,0.757766308439,0.659560790555
1,1,937,0.834738669477,0.749665043075,0.493623588255
1,1,938,0.830922335077,0.779708549181,0.742491376893
1,1,939,0.774010416667,0.662915245796,0.25437496483
1,1,940,0.832510816658,0.735379841391,0.35718603313
1,1,941,0.801461325271,0.687433780078,0.26407674971
1,1,942,0.764230769231,0.641000308503,0.169300322233
1,1,943,0.874814002663,0.787992066481,0.430347404341
1,1,944,0.85365,0.782436474747,0.62197588091
1,1,945,0.816372742288,0.737904855253,0.515380467345
1,1,946,0.891949152542,0.828770390228,0.660511807017
1,1,947,0.751590909091,0.667446665205,0.43271174338
1,1,948,0.76459122299,0.667802036884,0.357662849283
1,1,949,0.792935528121,0.721579831431,0.583026236682
1,1,950,0.796784628958,0.684413880857,0.276692400007
1,1,951,0.847995285523,0.768629541235,0.518668485385
1,1,952,0.749128098784,0.65547670932,0.364079025791
1,1,953,0.834403114187,0.742362533292,0.428836155618
1,1,954,0.823992768595,0.732362826036,0.457736289297
1,1,955,0.828813767025,0.752677528033,0.592692243939
1,1,956,0.8191749733,0.720777973949,0.391528189469
1,1,957,0.823742422139,0.723173189277,0.422337428176
1,1,958,0.778479136107,0.669560257945,0.172230973018
1,1,959,0.787433717701,0.682161459116,0.356590271354
1,1,960,0.879457420223,0.809033837989,0.624870641877
1,1,961,0.78458669544,0.698983818837,0.424970445901
1,1,962,0.772279035793,0.670659530378,0.305548799695
1,1,963,0.820953089514,0.70397298187,0.343987131302
