0,1,0,0.838673395244,0.910002058943,1.0
1,0,0,0.992020597145,0.991274795964,1.0
0,0,0,0.870549297712,0.863233320707,0.9356825599
1,1,0,0.840320724283,0.770344800852,0.404788223674
1,1,1,0.852409967305,0.777335752427,0.237454445143
1,1,2,0.826711758585,0.745653088267,0.478465810481
1,1,3,0.849829466759,0.774050655992,0.309183933153
1,1,4,0.853540673025,0.772837158935,0.300698730817
1,1,5,0.843823791828,0.766061768045,0.418548806983
1,1,6,0.836869573957,0.75896168059,0.29155821478
1,1,7,0.850307205939,0.774100461378,0.148595264243
1,1,8,0.829360918153,0.742760309327,0.374911174049
1,1,9,0.858070314837,0.784339033281,0.328625290245
1,1,10,0.845153896611,0.750535911737,0.373460976763
1,1,11,0.819165692622,0.727207464047,0.260908209139
1,1,12,0.845596915266,0.769081236189,0.403991310982
1,1,13,0.845130528946,0.757461580394,0.33228351203
1,1,14,0.852953573569,0.77315235994,0.144876619396
1,1,15,0.859712834718,0.778985151863,0.363039248203
1,1,16,0.832286369216,0.741675029261,0.0713234897097
1,1,17,0.825115443927,0.726524877971,0.155837859534
1,1,18,0.832966258935,0.754554934836,0.556447378161
1,1,19,0.853370440019,0.772504104668,0.28767384674
1,1,20,0.865676591794,0.779338790348,0.180376083641
1,1,21,0.829247956093,0.750868816556,0.454180420184
1,1,22,0.862422877075,0.791959587396,0.233281479262
1,1,23,0.844395394174,0.767540445128,0.399074049719
1,1,24,0.837077884579,0.749578487467,0.0952292675655
1,1,25,0.839901892536,0.760014118753,0.248665230903
1,1,26,0.853236462166,0.779971407947,0.319216956476
1,1,27,0.829179820352,0.739729969969,0.281763196104
1,1,28,0.850860350142,0.776134212611,0.308777990467
1,1,29,0.857248087603,0.795602591591,0.723810370246
1,1,30,0.839781495126,0.76314208603,0.240005345529
1,1,31,0.840352175712,0.742413148365,0.0936948659757
1,1,32,0.850544365796,0.776028338183,0.353725073142
1,1,33,0.849234006734,0.767136614236,0.137084004157
1,1,34,0.871823117292,0.789208535354,0.319450606287
1,1,35,0.830693902619,0.738699018703,0.24999830945
1,1,36,0.875557473611,0.808291902896,0.237999744925
1,1,37,0.829234187991,0.7332143442,0.252612164649
1,1,38,0.842487200329,0.758057654358,0.315250581102
1,1,39,0.852741973139,0.769213106141,0.261847805237
1,1,40,0.849186462845,0.763128845792,0.438712266001
1,1,41,0.847658056711,0.753858394773,0.0697478551653
1,1,42,0.778701194019,0.657885331551,0.143737416948
1,1,43,0.840096690136,0.737460637133,0.125034860041
1,1,44,0.812663891779,0.715127811993,0.329293165196
1,1,45,0.843762579323,0.753560191333,0.282256267146
1,1,46,0.850295281754,0.772341717971,0.205551251231
1,1,47,0.82995412844,0.746439017214,0.370623171117
1,1,48,0.844166687683,0.755137661478,0.225209065198
1,1,49,0.823445833333,0.717365959244,0.220567783821
1,1,50,0.842535866361,0.749868463135,0.200652803692
1,1,51,0.853682797695,0.782075709399,0.547557194559
1,1,52,0.856683673469,0.781095510814,0.407685463909
1,1,53,0.855460883857,0.787880318592,0.414473101913
1,1,54,0.837180277353,0.747111053655,0.168363379617
1,1,55,0.767958412098,0.650586127006,0.028301431559
1,1,56,0.870286246165,0.806357734607,0.267304690968
1,1,57,0.81907474751,0.735364252554,0.53925043114
1,1,58,0.775916313306,0.664217790603,0.143397324453
1,1,59,0.857293420975,0.784402138284,0.608322975746
1,1,60,0.8318557965,0.740344118558,0.412286602959
1,1,61,0.860432154944,0.77396133384,0.107054878988
1,1,62,0.805128634695,0.728926150295,0.582064546633
1,1,63,0.822508753533,0.739117902954,0.472631528835
1,1,64,0.841093444435,0.750380499449,0.220315252598
1,1,65,0.84775032546,0.774294291627,0.419707783814
1,1,66,0.824199501602,0.720698620748,0.0904104640168
1,1,67,0.864712670641,0.79920599013,0.601865919401
1,1,68,0.849072832184,0.764781842952,0.159555262735
1,1,69,0.850242542973,0.760305369991,0.027377003985
1,1,70,0.826776137515,0.725135917679,0.141148054041
1,1,71,0.859266232755,0.775162955825,0.213348147771
1,1,72,0.838708615166,0.748195516529,0.31124934656
1,1,73,0.870964057975,0.805101202374,0.261054363386
1,1,74,0.852495212463,0.781525636554,0.566814539733
1,1,75,0.823455395813,0.729042768969,0.380137860841
1,1,76,0.842788940091,0.762054989131,0.282719367038
1,1,77,0.829237575087,0.738161212923,0.138615932592
1,1,78,0.855970584992,0.789119068525,0.531347910743
1,1,79,0.843823308007,0.752177790385,0.288836301158
1,1,80,0.823583004172,0.723194015856,0.202498375378
1,1,81,0.828579281418,0.729214581086,0.263094024315
1,1,82,0.860487553386,0.787757794919,0.25829412712
1,1,83,0.818220012166,0.717158863049,0.169030737449
1,1,84,0.804063021577,0.712874734381,0.365236428191
1,1,85,0.873528139382,0.80110613611,0.327988972336
1,1,86,0.874778907426,0.808324937192,0.332950173417
1,1,87,0.848773885047,0.77284104651,0.361001613733
1,1,88,0.840914717075,0.746424203998,0.151215354328
1,1,89,0.855451442281,0.773256991275,0.290303703445
1,1,90,0.855858230949,0.763002411779,0.137103014964
1,1,91,0.867739131369,0.795435271709,0.318390128088
1,1,92,0.823635525174,0.725076666025,0.333984048178
1,1,93,0.839462162604,0.747933048981,0.270037637383
1,1,94,0.84226334771,0.751340864189,0.32773565035
1,1,95,0.827533662533,0.729552968358,0.240529042969
1,1,96,0.860860677122,0.773892338426,0.308258659215
1,1,97,0.860517964473,0.783254086556,0.318467270136
1,1,98,0.851698469259,0.770127299216,0.217294722756
1,1,99,0.849183209461,0.773884512615,0.302831903784
1,1,100,0.82870307216,0.751762678388,0.470461612577
1,1,101,0.858819547687,0.774529730446,0.211363343539
1,1,102,0.819799392369,0.726184314874,0.388648791321
1,1,103,0.838416290219,0.765290062062,0.380474913927
1,1,104,0.828005208563,0.73240278318,0.231454520228
1,1,105,0.790151721621,0.693890362996,0.241776618531
1,1,106,0.840412024355,0.748989765255,0.233967892578
1,1,107,0.739752713842,0.626842495551,0.192488615327
1,1,108,0.847276340317,0.76309237938,0.204713337186
1,1,109,0.833035325291,0.757255612067,0.549345256089
1,1,110,0.781836545745,0.688769989379,0.485086691694
1,1,111,0.829289642277,0.735190578104,0.214304930239
1,1,112,0.845366831689,0.767647895191,0.370181732347
1,1,113,0.796631726679,0.690254712788,0.331113473952
1,1,114,0.839287594174,0.751184804697,0.25987888258
1,1,115,0.780904484894,0.691407075722,0.511228875177
1,1,116,0.861240704482,0.780041577712,0.30538479689
1,1,117,0.839165678134,0.745825671642,0.180089875612
1,1,118,0.854334742877,0.783042089651,0.498688047993
1,1,119,0.813659815523,0.729455725461,0.616951931698
1,1,120,0.847638191588,0.764749373413,0.318974059587
1,1,121,0.846928445842,0.766565770059,0.514730584929
1,1,122,0.850860217291,0.771445593198,0.368490475413
1,1,123,0.83081298314,0.734302743198,0.22882793612
1,1,124,0.827905865769,0.73604005736,0.342117085647
1,1,125,0.798444145794,0.710364330117,0.507306654664
1,1,126,0.852252315732,0.764965887048,0.25538046641
1,1,127,0.843813968292,0.747251501839,0.151501364778
1,1,128,0.862520656517,0.776420072123,0.232418790503
1,1,129,0.882407610328,0.817013054577,0.647507038321
1,1,130,0.846135791748,0.764125873112,0.228817774537
1,1,131,0.85345255648,0.778992083349,0.370540399809
1,1,132,0.799862627163,0.675895035322,0.161172179928
1,1,133,0.847917270495,0.778869596766,0.396561409636
1,1,134,0.844336889474,0.756546291029,0.237107443066
1,1,135,0.851997287622,0.760575015201,0.180811260894
1,1,136,0.852980565213,0.772391417431,0.139125467632
1,1,137,0.861086850712,0.783414052893,0.0947445714039
1,1,138,0.862594430784,0.787461451435,0.147253070015
1,1,139,0.849251433333,0.774554678304,0.200784356019
1,1,140,0.819345423154,0.723303002632,0.342472599051
1,1,141,0.790802870019,0.688495271982,0.154059452274
1,1,142,0.822724284263,0.720753336589,0.18646443876
1,1,143,0.85552819671,0.771783481688,0.191805465849
1,1,144,0.829865223295,0.732196615357,0.296854854722
1,1,145,0.836880080651,0.752431014685,0.287981892721
1,1,146,0.849281029539,0.777671653278,0.361584701937
1,1,147,0.851211113186,0.771675508056,0.479643544739
1,1,148,0.854715957049,0.775482143625,0.379488425989
1,1,149,0.841115134335,0.760983017181,0.342451869315
1,1,150,0.835178270711,0.746818560563,0.218112361506
1,1,151,0.852054007469,0.764209610327,0.447323834472
1,1,152,0.856815815459,0.782535811391,0.132084221383
1,1,153,0.848893682994,0.771839064695,0.417009066291
1,1,154,0.811785714286,0.703407249868,0.181468429497
1,1,155,0.860905574965,0.786213322485,0.154193831896
1,1,156,0.851424493153,0.774633529329,0.386661856482
1,1,157,0.850181205309,0.765840367881,0.446628900166
1,1,158,0.856640472534,0.769164193052,0.289172921582
1,1,159,0.830100807418,0.729517580559,0.170517467244
1,1,160,0.857279780925,0.781634675113,0.19708807719
1,1,161,0.832583955698,0.737964089282,0.401417007457
1,1,162,0.856098777202,0.771604406877,0.38686997694
1,1,163,0.87288007346,0.800154958674,0.31718105313
1,1,164,0.852016044477,0.772105429438,0.223659931367
1,1,165,0.859747595296,0.789319485533,0.221261165988
1,1,166,0.842552483741,0.768122102539,0.361816655943
1,1,167,0.841345819013,0.748512718682,0.363603565303
1,1,168,0.846772721604,0.754677957508,0.17249777991
1,1,169,0.856001650108,0.781299102939,0.58703428695
1,1,170,0.853628018839,0.773491062605,0.156819876453
1,1,171,0.856167876331,0.780695358865,0.318122967145
1,1,172,0.860041052479,0.786430651586,0.362765277351
1,1,173,0.854770825233,0.787780201028,0.350698933047
1,1,174,0.85421535691,0.772918204179,0.221585945299
1,1,175,0.819793277811,0.724252261264,0.238723236564
1,1,176,0.850912568378,0.773594576159,0.176176920556
1,1,177,0.87873742023,0.822873147165,0.43566572516
1,1,178,0.790902186588,0.702900958106,0.290700316635
1,1,179,0.837912754829,0.740578081579,0.224456388035
1,1,180,0.839367103396,0.747979943113,0.169855073789
1,1,181,0.852191299963,0.772468644329,0.274021740312
1,1,182,0.839538853232,0.755466619765,0.290664131494
1,1,183,0.866295473727,0.780000368048,0.289072960135
1,1,184,0.844713184479,0.768521887608,0.454909920627
1,1,185,0.85914573748,0.780303350985,0.19980966351
1,1,186,0.813975655148,0.711410535384,0.301048891442
1,1,187,0.863570345994,0.777394808065,0.237173458727
1,1,188,0.83414120358,0.740174771341,0.203702493693
1,1,189,0.852718010406,0.780030445211,0.266531863962
1,1,190,0.864980795607,0.788483591495,0.362129645407
1,1,191,0.84095292696,0.758463238613,0.40163822801
1,1,192,0.84334746093,0.763700233452,0.484399100926
1,1,193,0.840897087672,0.791600484336,0.758807806604
1,1,194,0.848319943487,0.761214281851,0.179402658738
1,1,195,0.842890105249,0.748013256761,0.0984113663194
1,1,196,0.866279405587,0.792800614039,0.234258698539
1,1,197,0.845430729041,0.756293104936,0.228861283474
1,1,198,0.86394949711,0.796018185372,0.409888747311
1,1,199,0.872334286649,0.803381290471,0.339191815032
1,1,200,0.870178335892,0.798818937533,0.552445593751
1,1,201,0.845761320153,0.751073397409,0.25883003654
1,1,202,0.865423552077,0.788379231315,0.254055730457
1,1,203,0.854925599926,0.76311782689,0.248414735153
1,1,204,0.824661620239,0.734053397617,0.470242473465
1,1,205,0.8283685423,0.717442909728,0.298683513447
1,1,206,0.819633119811,0.736777263066,0.612768800818
1,1,207,0.871831689708,0.797331541597,0.337243464997
1,1,208,0.822602426674,0.728315356227,0.274627002101
1,1,209,0.863535776218,0.787154246372,0.118260523905
1,1,210,0.836320800781,0.739066019499,0.199185434903
1,1,211,0.853049277562,0.779705722856,0.52081842656
1,1,212,0.85594621201,0.790692038949,0.524740533903
1,1,213,0.8286407185,0.725582659107,0.20044368368
1,1,214,0.843614219124,0.757504212693,0.238102717514
1,1,215,0.850018155927,0.770306556762,0.337960960224
1,1,216,0.834584482695,0.746584482213,0.239351907885
1,1,217,0.863074693465,0.779263323504,0.436624632008
1,1,218,0.827673304815,0.710656852421,0.137784452432
1,1,219,0.853471411624,0.771824027359,0.143654127068
1,1,220,0.862251355445,0.779778959014,0.16046635344
1,1,221,0.842253125404,0.753331299985,0.314091406971
1,1,222,0.874029463763,0.802041225725,0.401043811614
1,1,223,0.7053915799,0.585031716828,0.0865170767348
1,1,224,0.846539399281,0.76404776945,0.323145711563
1,1,225,0.836126783365,0.747072111916,0.223045264346
1,1,226,0.851464476339,0.75773009405,0.199547643832
1,1,227,0.799330370242,0.702957563463,0.285948092861
1,1,228,0.878394221886,0.809386166238,0.38226301581
1,1,229,0.872185444426,0.786401494947,0.294850680508
1,1,230,0.84107444753,0.735616043905,0.154307348691
1,1,231,0.806960047927,0.716770557075,0.221700664937
1,1,232,0.85932880946,0.776268802945,0.261020874284
1,1,233,0.828717159763,0.719104132777,0.062603425973
1,1,234,0.836449942546,0.757443759033,0.359051321157
1,1,235,0.848194701062,0.767400217632,0.468320813857
1,1,236,0.855895733292,0.776285493963,0.306281371101
1,1,237,0.810624422899,0.710028041378,0.363226473818
1,1,238,0.816841252026,0.729642226234,0.412004957455
1,1,239,0.87443967765,0.794995503638,0.252043313886
1,1,240,0.829828923823,0.741339299509,0.412437831446
1,1,241,0.858155526767,0.789063094238,0.557057011426
1,1,242,0.852204646565,0.749799725694,0.158868574061
1,1,243,0.838718141346,0.739957301663,0.138160638428
1,1,244,0.861171521853,0.784030631823,0.40258739069
1,1,245,0.853864126872,0.772545262948,0.18623700724
1,1,246,0.862077070718,0.776676013163,0.156067159674
1,1,247,0.830240580609,0.753081148295,0.319050728353
1,1,248,0.831335982408,0.745781623948,0.206351506525
1,1,249,0.818924424913,0.720195296676,0.251890146728
1,1,250,0.849285151055,0.768073685615,0.411808942315
1,1,251,0.850969080642,0.757576265465,0.341085905614
1,1,252,0.837159763932,0.755731504887,0.319279254742
1,1,253,0.836419011277,0.731489264624,0.236237168026
1,1,254,0.821971383423,0.726562271359,0.13159014294
1,1,255,0.834875591881,0.740834201853,0.39100464552
1,1,256,0.831423863663,0.735000745627,0.121073691234
1,1,257,0.842748057159,0.75306891302,0.387092374207
1,1,258,0.865355184044,0.776643807506,0.272744609727
1,1,259,0.861514410759,0.776492711911,0.208398172178
1,1,260,0.859885469655,0.781701315384,0.45243480149
1,1,261,0.844723277134,0.748634127353,0.286955680817
1,1,262,0.844615816968,0.744224278522,0.25390042192
1,1,263,0.853353081776,0.772359621407,0.209683533483
1,1,264,0.831929685102,0.747193382019,0.349525818154
1,1,265,0.849469768677,0.765853186238,0.348468156547
1,1,266,0.822087540437,0.718605461419,0.118758331304
1,1,267,0.849489705204,0.76050625185,0.106700152471
1,1,268,0.83531414,0.758233379687,0.439796705504
1,1,269,0.865983928356,0.784429054857,0.180362918482
1,1,270,0.802796300622,0.698012863834,0.129708711157
1,1,271,0.85445976562,0.776162904732,0.355202860053
1,1,272,0.818533340544,0.716934726718,0.122485440348
1,1,273,0.861114744352,0.758506121674,0.29228033821
1,1,274,0.844767189534,0.755239582737,0.256661648351
1,1,275,0.836350739275,0.731999855946,0.125627657569
1,1,276,0.838019189745,0.743404694708,0.187507318899
1,1,277,0.844315609599,0.757869100952,0.334247811404
1,1,278,0.845225815833,0.770699797466,0.397108473444
1,1,279,0.856245217998,0.774523012994,0.346178033014
1,1,280,0.824017145598,0.725987437512,0.240232815877
1,1,281,0.833696439824,0.743491627725,0.330975685152
1,1,282,0.863008852634,0.776886379042,0.226787936488
1,1,283,0.85887118009,0.779391186894,0.238956135135
1,1,284,0.845304403189,0.744399656973,0.187638254825
1,1,285,0.85234051603,0.784503922034,0.334951931973
1,1,286,0.827573790623,0.731129814667,0.243890193005
1,1,287,0.843797883855,0.750421625698,0.191769431006
1,1,288,0.81262966364,0.71525895166,0.285212732143
1,1,289,0.840916920643,0.761055107264,0.353225519064
1,1,290,0.749557556171,0.637694661225,0.24094299751
1,1,291,0.866346287551,0.80036712961,0.38679084718
1,1,292,0.817534642307,0.756268490448,0.716819450156
1,1,293,0.820521359904,0.722487185562,0.232647449158
1,1,294,0.864693552505,0.790350715099,0.226918213355
1,1,295,0.850422738422,0.775492588604,0.195835520556
1,1,296,0.839924594426,0.749256904315,0.135272093712
1,1,297,0.808102179647,0.720132898344,0.211496096331
1,1,298,0.853738414004,0.766402593696,0.260692756959
1,1,299,0.84244863667,0.756045009454,0.289433029981
1,1,300,0.834089155772,0.746860166902,0.487830427022
1,1,301,0.849621001343,0.772041650474,0.192555789678
1,1,302,0.856323534386,0.773309736824,0.275050288596
1,1,303,0.857182498978,0.782510455235,0.620298480889
1,1,304,0.844994860476,0.756665266883,0.228810812795
1,1,305,0.847226881424,0.770400502824,0.274007244495
1,1,306,0.836895672197,0.742141194732,0.241570428153
1,1,307,0.824287100228,0.720002422455,0.240356462402
1,1,308,0.861714498099,0.785734334192,0.257642877288
1,1,309,0.861192310746,0.789505611052,0.311463906255
1,1,310,0.839880671078,0.724516290333,0.0585471051416
1,1,311,0.856770521567,0.779250181462,0.283520649623
1,1,312,0.804321895425,0.703089873584,0.223140561356
1,1,313,0.852238224934,0.772080951812,0.295658263624
1,1,314,0.855603399684,0.779166840036,0.457491333602
1,1,315,0.760934263709,0.655128575137,0.200843631283
1,1,316,0.795211685492,0.690372169943,0.215850447951
1,1,317,0.843809960435,0.757578180134,0.107758603566
1,1,318,0.856399640222,0.786466817316,0.553240314714
1,1,319,0.840264757336,0.749950866155,0.0891729627348
1,1,320,0.841986309208,0.758814089186,0.510529953089
1,1,321,0.86617650903,0.780724867437,0.106171987278
1,1,322,0.824602427324,0.72350420957,0.0991499828147
1,1,323,0.852863903559,0.765081681579,0.161982548319
1,1,324,0.849009537563,0.756419921541,0.150279046785
1,1,325,0.841576908541,0.743366669331,0.304288342487
1,1,326,0.801006992367,0.704505902806,0.28385462095
1,1,327,0.837853134628,0.739331422214,0.119115586855
1,1,328,0.859015774551,0.768300819356,0.363317129197
1,1,329,0.848771144041,0.768499187102,0.420751616142
1,1,330,0.837776102629,0.736392457925,0.298553445306
1,1,331,0.83271401401,0.738770409874,0.296487778307
1,1,332,0.830108298742,0.724433049896,0.278036662333
1,1,333,0.857879094285,0.781528278969,0.243440847677
1,1,334,0.850460619415,0.765889195842,0.343252902166
1,1,335,0.843544632131,0.761803566939,0.32048879522
1,1,336,0.787755058299,0.673755510665,0.133758714126
1,1,337,0.855297528185,0.781245492906,0.192852536947
1,1,338,0.846499772417,0.770533449122,0.475346915158
1,1,339,0.848269062158,0.772073446597,0.374892207328
1,1,340,0.8059906683,0.707031413218,0.364358715843
1,1,341,0.824042139619,0.738638317362,0.44901876938
1,1,342,0.84932737181,0.768508367734,0.517786421581
1,1,343,0.81446554812,0.737829144593,0.559125521636
1,1,344,0.833908394634,0.746026914982,0.108352545322
1,1,345,0.84579554813,0.762365258874,0.339410678542
1,1,346,0.85099432435,0.78401852858,0.614477773347
1,1,347,0.848094851718,0.766886737778,0.28491080584
1,1,348,0.844265874749,0.760004373715,0.427229692078
1,1,349,0.840200535681,0.750793738272,0.371294715923
1,1,350,0.829862044253,0.728554322192,0.356977243404
1,1,351,0.838656752191,0.756185635138,0.543387131421
1,1,352,0.839038979486,0.749362217781,0.377949096475
1,1,353,0.848463392383,0.761225276813,0.546082561259
1,1,354,0.842387759473,0.749653094554,0.142852214057
1,1,355,0.863521308005,0.778660910223,0.193413244558
1,1,356,0.842071524436,0.768405950253,0.621549320988
1,1,357,0.839104473686,0.751263771522,0.315332489216
1,1,358,0.816882291585,0.714755223043,0.110391079119
1,1,359,0.845213544498,0.742416945443,0.120015386716
1,1,360,0.839906295929,0.735334015407,0.228227170025
1,1,361,0.769094612947,0.659445169527,0.246002433409
1,1,362,0.851573983158,0.772746469982,0.154124298369
1,1,363,0.842394539771,0.75960414151,0.403951495042
1,1,364,0.816951412918,0.730365776312,0.480125091989
1,1,365,0.841212447948,0.737371768188,0.10046879212
1,1,366,0.80918241966,0.712189129358,0.364743112321
1,1,367,0.799476762081,0.755672327325,0.770181816567
1,1,368,0.7969493605,0.71662869532,0.499994850409
1,1,369,0.803607122973,0.688281019871,0.129012551896
1,1,370,0.830526612012,0.738834586232,0.283544348008
1,1,371,0.827534060716,0.725600399918,0.29432453814
1,1,372,0.830070135726,0.733526411854,0.301602875174
1,1,373,0.843963028631,0.767927900538,0.443243108806
1,1,374,0.841560628129,0.755978585062,0.365074691274
1,1,375,0.83771199279,0.753509863816,0.376001959864
1,1,376,0.842652031458,0.757826131722,0.4097604354
1,1,377,0.819528061224,0.717618337769,0.398328399818
1,1,378,0.826904037238,0.74010808823,0.48408063978
1,1,379,0.828029863003,0.742598286583,0.40046505675
1,1,380,0.856121372413,0.761884148082,0.343289773795
1,1,381,0.844513012832,0.756710431265,0.320620048011
1,1,382,0.849266180611,0.758369185281,0.0530009772363
1,1,383,0.819380417489,0.722806022256,0.321173715163
1,1,384,0.857979626879,0.776392826193,0.343045700354
1,1,385,0.856633148488,0.775264809505,0.291079078728
1,1,386,0.846712530101,0.759058743435,0.173558174691
1,1,387,0.822599768577,0.722046880918,0.271464990918
1,1,388,0.847217256711,0.752789807454,0.252426410922
1,1,389,0.851256365098,0.761005742832,0.307580737568
1,1,390,0.832820741271,0.740197276023,0.243141704695
1,1,391,0.854822938742,0.770655356817,0.411091305282
1,1,392,0.849751943401,0.759569643602,0.253535859011
1,1,393,0.857704503175,0.779343107767,0.296198841776
1,1,394,0.82512970299,0.731304604837,0.290425231568
1,1,395,0.845386510515,0.770408861984,0.355515761088
1,1,396,0.845690472904,0.75416014063,0.4078103753
1,1,397,0.846128960484,0.767122934697,0.484487004565
1,1,398,0.830898469706,0.732456066231,0.107355982098
1,1,399,0.866532134178,0.790360557817,0.255003235855
1,1,400,0.835820512235,0.745678776855,0.2155478879
1,1,401,0.781595754847,0.67258232136,0.133021826589
1,1,402,0.85151337419,0.765357824127,0.325236506929
1,1,403,0.830668246914,0.734546124604,0.217541640503
1,1,404,0.853559220274,0.776576010872,0.358120018497
1,1,405,0.824849150633,0.71724306349,0.184182041237
1,1,406,0.854473726961,0.765011398405,0.3432659653
1,1,407,0.845760487281,0.76627827174,0.571125549485
1,1,408,0.851183803678,0.751726538096,0.201304325929
1,1,409,0.794052069727,0.687165791926,0.308894687751
1,1,410,0.808422719994,0.710605304093,0.359540401977
1,1,411,0.828504931483,0.737931844041,0.248466287688
1,1,412,0.847689693055,0.761630484301,0.327517938072
1,1,413,0.85448930209,0.772499481623,0.296901134438
1,1,414,0.827912000418,0.74106649562,0.21894885984
1,1,415,0.808174523841,0.696154375606,0.122248581721
1,1,416,0.832239981525,0.735013280524,0.140843502498
1,1,417,0.832738288634,0.727892834774,0.0435169118917
1,1,418,0.827823675068,0.733332134139,0.275425958722
1,1,419,0.831475619764,0.737863499408,0.366467152711
1,1,420,0.830875671432,0.737917990876,0.185568166054
1,1,421,0.839937666419,0.750588265195,0.179794100011
1,1,422,0.861729946486,0.789628762709,0.300591087967
1,1,423,0.868356514491,0.776022206611,0.278003055712
1,1,424,0.843147280495,0.752685541013,0.235785629688
1,1,425,0.847098328093,0.761840694798,0.160083967238
1,1,426,0.855515255577,0.768163875314,0.209919703329
1,1,427,0.859350710174,0.790840795839,0.675727066404
1,1,428,0.864410732301,0.796374256619,0.401788604795
1,1,429,0.86341905834,0.770078314013,0.132588730814
1,1,430,0.846698282536,0.750579365499,0.264999554223
1,1,431,0.843583676269,0.746027537738,0.382829107644
1,1,432,0.842466559373,0.746996728893,0.185317190242
1,1,433,0.844764311656,0.76024585046,0.358149666632
1,1,434,0.850581523801,0.766110592196,0.398701038407
1,1,435,0.870753412137,0.788112772261,0.15869714842
1,1,436,0.716400352907,0.625237009752,0.332725883541
1,1,437,0.808382770525,0.69568538157,0.0799091305064
1,1,438,0.794837655619,0.691543991136,0.294859503174
1,1,439,0.847610018775,0.759952507281,0.270866875606
1,1,440,0.826539548536,0.741382655632,0.502895605025
1,1,441,0.869694839982,0.802242455502,0.40227701556
1,1,442,0.835387050376,0.735860503819,0.216704074906
1,1,443,0.854417412455,0.782620376874,0.377484107134
1,1,444,0.838914965859,0.749624341355,0.327744286985
1,1,445,0.820800198304,0.731023244776,0.270731693846
1,1,446,0.862003998179,0.788017885916,0.219419218212
1,1,447,0.851239790771,0.757254287011,0.311397640563
1,1,448,0.864700475779,0.792767876541,0.606273808005
1,1,449,0.821515085703,0.73333216286,0.487484448355
1,1,450,0.848372017778,0.774358319825,0.408939896159
1,1,451,0.885713848258,0.823058987839,0.389864373641
1,1,452,0.822465868515,0.731647012176,0.420418585647
1,1,453,0.821295309989,0.726620154774,0.380621422816
1,1,454,0.86040686713,0.771872244161,0.113542802003
1,1,455,0.82049755417,0.725821386049,0.40067345893
1,1,456,0.81615604598,0.71584979222,0.332220900999
1,1,457,0.835734400644,0.743467412717,0.278233730662
1,1,458,0.822530026429,0.726228833749,0.234348288091
1,1,459,0.810084531009,0.698793363895,0.158810860117
1,1,460,0.805233937815,0.689103232075,0.190095799518
1,1,461,0.848994828068,0.768325322434,0.321956655473
1,1,462,0.817297062438,0.722495898416,0.297463226616
1,1,463,0.867241660653,0.787305865253,0.429488031393
1,1,464,0.833340667831,0.751735018245,0.28591140293
1,1,465,0.82250679362,0.751799076256,0.671094293407
1,1,466,0.830047514746,0.749267589208,0.275882813616
1,1,467,0.817315330237,0.721511894313,0.172518585867
1,1,468,0.850651401715,0.770533840024,0.273715483041
1,1,469,0.681781045752,0.564815813333,0.105098343996
1,1,470,0.81609527324,0.722784698033,0.422035995949
1,1,471,0.82030419678,0.742814401869,0.577165911088
1,1,472,0.831057245378,0.747478124932,0.401844256178
1,1,473,0.838453787628,0.772351681334,0.583594214533
1,1,474,0.81007778993,0.721220964154,0.43629633517
1,1,475,0.851670343857,0.753915660351,0.202418879714
1,1,476,0.842446373884,0.758746626111,0.307152943129
1,1,477,0.779453287197,0.667441418368,0.130957392825
1,1,478,0.841653322532,0.747034264721,0.146980526095
1,1,479,0.801204667773,0.704016663216,0.406797340118
1,1,480,0.840339372311,0.746697026117,0.2359995549
1,1,481,0.850126552164,0.764661236296,0.312498759457
1,1,482,0.854080950569,0.7694177268,0.200863383282
1,1,483,0.852843021648,0.768767019891,0.378717801443
1,1,484,0.793988636726,0.684748495695,0.0843037443598
1,1,485,0.809077458377,0.6973663107,0.295782896753
1,1,486,0.816946453168,0.75256567098,0.666265960573
1,1,487,0.828440187942,0.74164450904,0.348134834303
1,1,488,0.834296873254,0.758192573846,0.67104166682
1,1,489,0.797741651481,0.691482820175,0.245608275728
1,1,490,0.822370419246,0.725038757142,0.314460576882
1,1,491,0.843726736209,0.757389658972,0.207233537041
1,1,492,0.859497792622,0.786278608893,0.569390635364
1,1,493,0.827613691752,0.728194587923,0.281190575582
1,1,494,0.839684418083,0.765849516776,0.563711298868
1,1,495,0.852366404666,0.763090096239,0.259601259237
1,1,496,0.831172181841,0.723460329565,0.179826030107
1,1,497,0.823075642999,0.725234754577,0.372504872049
1,1,498,0.828644904371,0.736645484273,0.353288341584
1,1,499,0.862993967958,0.78612476269,0.505620821669
1,1,500,0.872804117349,0.807525076515,0.563954307972
1,1,501,0.846694409681,0.758302814773,0.244644702659
1,1,502,0.818760387812,0.734602406015,0.535721951375
1,1,503,0.842903971861,0.761535497407,0.473601611805
1,1,504,0.835882119768,0.73394640443,0.121253178774
1,1,505,0.840874831382,0.741778910955,0.170435289121
1,1,506,0.778822829964,0.679893915066,0.384199635669
1,1,507,0.831854432639,0.734848892589,0.123150101442
1,1,508,0.836436077581,0.776608068971,0.761369557435
1,1,509,0.857962575612,0.773979405656,0.58467739575
1,1,510,0.848153739733,0.767134329294,0.322888418612
1,1,511,0.829804611774,0.741018827234,0.38262302447
1,1,512,0.835715718203,0.742081732873,0.382004072345
1,1,513,0.831007446346,0.731902747608,0.14203250869
1,1,514,0.862593761314,0.79198334794,0.480616069672
1,1,515,0.844866413941,0.756970587268,0.309417326779
1,1,516,0.847093524445,0.75443225363,0.164764099532
1,1,517,0.845901342975,0.761423904751,0.406402832591
1,1,518,0.848122966202,0.764191823461,0.232694971875
1,1,519,0.846498908159,0.765353529386,0.455237741802
1,1,520,0.819975032887,0.740424757657,0.459833306564
1,1,521,0.84912154109,0.771200697829,0.443508917014
1,1,522,0.842625070862,0.781648995038,0.6573271909
1,1,523,0.824688930386,0.730627795664,0.369798284255
1,1,524,0.809699160914,0.71259098838,0.271657584315
1,1,525,0.824076024598,0.723609312522,0.189559092413
1,1,526,0.840174989776,0.764593792047,0.609291854168
1,1,527,0.858356315212,0.770422913201,0.214501879695
1,1,528,0.83554134089,0.728092594944,0.162528354625
1,1,529,0.812869204089,0.700159152064,0.0672618379909
1,1,530,0.828492879034,0.732157915213,0.282450914062
1,1,531,0.83168941379,0.729773592948,0.0458548977872
1,1,532,0.825585005473,0.731638481568,0.271230109913
1,1,533,0.823354472153,0.740444337422,0.378705769684
1,1,534,0.74874260355,0.644830000826,0.282751356826
1,1,535,0.826021325061,0.723137355454,0.2094492724
1,1,536,0.790945812879,0.676388729752,0.177537841509
1,1,537,0.80861630411,0.696858623991,0.115233117398
1,1,538,0.834299359282,0.744405274369,0.288331901815
1,1,539,0.840977971529,0.73882926421,0.124360241128
1,1,540,0.846787623661,0.751187647216,0.33400780578
1,1,541,0.854874071468,0.770248171468,0.293847707782
1,1,542,0.76420625,0.647367835782,0.215097877575
1,1,543,0.842514847637,0.757197469202,0.358836153476
1,1,544,0.863313195387,0.779649578093,0.27555238847
1,1,545,0.843766606441,0.762215937394,0.518488647255
1,1,546,0.811777839308,0.706396726503,0.203995196853
1,1,547,0.837183678456,0.76259655496,0.405678108365
1,1,548,0.827534968357,0.728346600128,0.285162263052
1,1,549,0.814730451982,0.725336646284,0.467892171969
1,1,550,0.850243458173,0.768393765463,0.315552364057
1,1,551,0.816650808389,0.719773997096,0.328824285676
1,1,552,0.835426478284,0.760368171913,0.47705288499
1,1,553,0.856538939102,0.766746497012,0.234785908204
1,1,554,0.85277491484,0.780080685917,0.519649386486
1,1,555,0.824871004461,0.729599218798,0.388060671726
1,1,556,0.789154052734,0.68071822903,0.33224521408
1,1,557,0.82419651056,0.713155673676,0.269666071708
1,1,558,0.833136288089,0.744860931497,0.459062896456
1,1,559,0.854640028984,0.7863787242,0.451829437817
1,1,560,0.839455479684,0.755893018662,0.24147190023
1,1,561,0.824338414992,0.722315387839,0.206306148147
1,1,562,0.813672483945,0.701742562581,0.105588416625
1,1,563,0.822054517071,0.718074377376,0.16635692953
1,1,564,0.849120673115,0.757040278062,0.285890293502
1,1,565,0.810218520226,0.714584772127,0.464810590163
1,1,566,0.814472942103,0.719948349395,0.366471665274
1,1,567,0.83313669252,0.731861639875,0.144045275778
1,1,568,0.836874191451,0.761353149202,0.541369706582
1,1,569,0.807805622993,0.712925944837,0.242649179818
1,1,570,0.850156198347,0.76485994141,0.248813201334
1,1,571,0.829275558843,0.748356108011,0.542271208785
1,1,572,0.828616934302,0.73919201146,0.413632152089
1,1,573,0.854959384042,0.765568729536,0.325528616191
1,1,574,0.802290728878,0.689372274619,0.227932237219
1,1,575,0.861900290648,0.791309700115,0.58003045209
1,1,576,0.869367628248,0.785840622042,0.28807447991
1,1,577,0.858394027201,0.78098367584,0.556948528076
1,1,578,0.835679270909,0.744556519414,0.240422382926
1,1,579,0.854288766512,0.774494873295,0.442754240814
1,1,580,0.770852112253,0.657998218563,0.239175213967
1,1,581,0.758160608033,0.667867000032,0.388553500947
1,1,582,0.870772590414,0.786436023418,0.323775802363
1,1,583,0.834615725425,0.733633737707,0.175249666169
1,1,584,0.841118213326,0.7520946761,0.21229372578
1,1,585,0.769392726523,0.665391842139,0.218482227849
1,1,586,0.825627812455,0.731079305281,0.426263840708
1,1,587,0.791865873445,0.686509764509,0.290732902701
1,1,588,0.783761794165,0.688654184851,0.412729545046
1,1,589,0.80668326187,0.713360337992,0.375439429005
1,1,590,0.819600641461,0.712698920998,0.195875166454
1,1,591,0.826311584315,0.721211784627,0.349624761691
1,1,592,0.755213729111,0.627276746061,0.113637784998
1,1,593,0.810465100373,0.722150435662,0.327140788961
1,1,594,0.844860190663,0.765234593151,0.402399744915
1,1,595,0.902220595943,0.845619512311,0.484447769688
1,1,596,0.777906284663,0.679103732938,0.262607088833
1,1,597,0.78178655678,0.671540528661,0.225112974522
1,1,598,0.810601797046,0.696083651827,0.235799991444
1,1,599,0.822512714558,0.725534874127,0.243283942855
1,1,600,0.810096108007,0.710432183468,0.272226784297
1,1,601,0.864277326501,0.7900399505,0.465450381677
1,1,602,0.847257336903,0.750977067239,0.181183977056
1,1,603,0.765587019932,0.644415652269,0.0625955388922
1,1,604,0.834207936851,0.726886620646,0.144120662997
1,1,605,0.855311657542,0.769968945526,0.355477232324
1,1,606,0.850542431607,0.766913274163,0.289695164499
1,1,607,0.781099761169,0.687490185165,0.3019959668
1,1,608,0.827566833119,0.731274678143,0.216267888257
1,1,609,0.81129929482,0.71195662425,0.272169185468
1,1,610,0.808391888336,0.706228771037,0.211035064
1,1,611,0.82977400861,0.729222479156,0.175864811951
1,1,612,0.819248375867,0.723136534694,0.321726672814
1,1,613,0.811298076923,0.727151790767,0.421994242784
1,1,614,0.801559273763,0.691150414402,0.182807092292
1,1,615,0.824816976652,0.727763907733,0.308691727832
1,1,616,0.845294467579,0.767773259873,0.52310345308
1,1,617,0.824895635343,0.733398502582,0.326126802662
1,1,618,0.844786142999,0.73800583279,0.242072859463
1,1,619,0.858138991086,0.785488950432,0.483963062364
1,1,620,0.839092250683,0.757517601758,0.444659517726
1,1,621,0.841737604311,0.750074543054,0.166479317968
1,1,622,0.847496465265,0.753110445976,0.309252074393
1,1,623,0.789203954214,0.674239676242,0.181314374297
1,1,624,0.865417058668,0.780187547698,0.179042743159
1,1,625,0.853777475982,0.769334250965,0.376339465074
1,1,626,0.838691095585,0.746745126966,0.207625340937
1,1,627,0.781867608029,0.67440241539,0.275017224658
1,1,628,0.782830828082,0.684240821981,0.231587197195
1,1,629,0.827504213352,0.725303874423,0.278229311419
1,1,630,0.833574501149,0.729991965939,0.232796820097
1,1,631,0.841994040266,0.746780025236,0.309213207461
1,1,632,0.79685546875,0.68288775364,0.278032288029
1,1,633,0.818938605619,0.716572548528,0.336471244287
1,1,634,0.8558319161,0.790008567735,0.759330914753
1,1,635,0.854237419436,0.765480428744,0.276109887288
1,1,636,0.862488766353,0.777456480344,0.37554386745
1,1,637,0.8096875,0.715380084085,0.403436674394
1,1,638,0.823841900932,0.737469448438,0.522004918407
1,1,639,0.83082033173,0.73780823608,0.302748432855
1,1,640,0.861300340866,0.776728463826,0.297376319379
1,1,641,0.860060871056,0.772669553586,0.548384880676
1,1,642,0.775576216363,0.679417789109,0.254115451585
1,1,643,0.875388903523,0.801625603789,0.278034298003
1,1,644,0.823102082592,0.751126148799,0.722255097203
1,1,645,0.829804627876,0.751355806554,0.501859852568
1,1,646,0.840291246198,0.75571610142,0.35238352519
1,1,647,0.832994224605,0.737902509973,0.242260361714
1,1,648,0.769772174798,0.658890564459,0.233795270243
1,1,649,0.841790039063,0.753584528775,0.405357941333
1,1,650,0.789187486303,0.693048950418,0.312138603571
1,1,651,0.839647367556,0.7496388247,0.362771763621
1,1,652,0.814069484064,0.714756527883,0.292073711538
1,1,653,0.827409183052,0.722968990282,0.118056302347
1,1,654,0.843196712254,0.753999831716,0.421665091564
1,1,655,0.840181164617,0.735567045342,0.248269866838
1,1,656,0.808397400553,0.694851990431,0.112483182934
1,1,657,0.799363664076,0.681897410887,0.201924119474
1,1,658,0.839897717992,0.766088087105,0.594248811473
1,1,659,0.812903500108,0.713984770793,0.343773936898
1,1,660,0.829833432481,0.724504695927,0.146323313741
1,1,661,0.747595065641,0.639574654239,0.188660013639
1,1,662,0.809719085693,0.711135155341,0.377566030286
1,1,663,0.786213378906,0.691032839624,0.330235610303
1,1,664,0.787950853811,0.682325923397,0.239646859166
1,1,665,0.744749304508,0.633700997678,0.133094496278
1,1,666,0.822415030742,0.729575312167,0.305459252666
1,1,667,0.859077938448,0.778282861432,0.385365090208
1,1,668,0.837614277421,0.753774795374,0.411678033594
1,1,669,0.815235463837,0.718267445971,0.364521244478
1,1,670,0.82130834372,0.738140300396,0.485285344914
1,1,671,0.841844444444,0.756994931901,0.572982288604
1,1,672,0.803296263156,0.691568489854,0.182085765518
1,1,673,0.814253640132,0.722740650884,0.337770542706
1,1,674,0.819781282781,0.720059961261,0.293817378456
1,1,675,0.824129181563,0.708438267078,0.132236821025
1,1,676,0.797727914695,0.69635210603,0.292807906482
1,1,677,0.792731529657,0.696050840389,0.305909255369
1,1,678,0.846206677937,0.766797627876,0.54333837945
1,1,679,0.820528954216,0.718113482926,0.282799184165
1,1,680,0.842345061796,0.758027136474,0.30767861265
1,1,681,0.814334341362,0.706758999504,0.24796445107
1,1,682,0.843438222012,0.746487854456,0.317549764696
1,1,683,0.852228391357,0.778804234264,0.4467417131
1,1,684,0.787900086505,0.661334489409,0.124412700989
1,1,685,0.818897709272,0.724412807456,0.295491833079
1,1,686,0.845936273233,0.788659423415,0.763517386334
1,1,687,0.831733816206,0.730769655337,0.264960384336
1,1,688,0.804824561404,0.708481873003,0.435725576835
1,1,689,0.854358446203,0.756883090245,0.131248549714
1,1,690,0.833851018987,0.733156526422,0.103244188882
1,1,691,0.775770104785,0.653448971612,0.154033504553
1,1,692,0.83586991782,0.738386227299,0.274245053165
1,1,693,0.785008372797,0.671599791167,0.167846207202
1,1,694,0.85343159486,0.766389650091,0.468225575549
1,1,695,0.717833914601,0.61898389597,0.307602135379
1,1,696,0.845493643452,0.74942119273,0.232827968898
1,1,697,0.806369255576,0.725700131865,0.5312856875
1,1,698,0.807223183391,0.696222400645,0.131802069999
1,1,699,0.85421131973,0.760310101373,0.177805517116
1,1,700,0.829168970676,0.731382662954,0.374858812319
1,1,701,0.826759442107,0.738905463581,0.464386004212
1,1,702,0.807223534972,0.700567737652,0.293160738585
1,1,703,0.835339659799,0.750817030575,0.501602758403
1,1,704,0.790558677686,0.682359705547,0.246571811484
1,1,705,0.781411040266,0.664405866342,0.209623883498
1,1,706,0.79908047078,0.696894024548,0.339542815741
1,1,707,0.766179981635,0.637407298902,0.114250425489
1,1,708,0.789655443499,0.67300670665,0.118731057248
1,1,709,0.859425673393,0.796540470685,0.594693208837
1,1,710,0.784780023781,0.690983654227,0.363987548358
1,1,711,0.829725653548,0.744301429924,0.455672218329
1,1,712,0.86196714411,0.786890850923,0.514958283689
1,1,713,0.838580676729,0.767056112293,0.564081044693
1,1,714,0.829167275383,0.723590853754,0.313364615613
1,1,715,0.738657024793,0.627881211224,0.235856337022
1,1,716,0.821531247054,0.717444326704,0.205190140784
1,1,717,0.842373441833,0.766797241876,0.630098195824
1,1,718,0.743003472222,0.638391581747,0.261761964006
1,1,719,0.828669361759,0.740670905032,0.530629738765
1,1,720,0.826430137557,0.745469094308,0.419693312269
1,1,721,0.844493590825,0.756732460114,0.338847764807
1,1,722,0.861902532976,0.789044178642,0.4236349499
1,1,723,0.769507083154,0.64976024172,0.0867482629568
1,1,724,0.804953703704,0.716882747422,0.418590236821
1,1,725,0.846111900794,0.748052876444,0.0960866477869
1,1,726,0.827549048751,0.724749052045,0.405399925375
1,1,727,0.801707602962,0.724003929056,0.49415024115
1,1,728,0.849314455461,0.764275520183,0.285331140329
1,1,729,0.839081522279,0.781282186864,0.844114609973
1,1,730,0.864911942859,0.787979037832,0.355050969358
1,1,731,0.789890599333,0.70979483146,0.503071432196
1,1,732,0.79366654069,0.705627535382,0.396035818738
1,1,733,0.77977019784,0.683884104529,0.358827589982
1,1,734,0.835115089326,0.756863107956,0.546629690703
1,1,735,0.777553763441,0.697183594776,0.439628678681
1,1,736,0.835312330429,0.742446222656,0.312672359465
1,1,737,0.818451046969,0.720055486949,0.307714618261
1,1,738,0.806475224062,0.708031804969,0.262366926542
1,1,739,0.819408641975,0.718149818507,0.260947414253
1,1,740,0.725850178359,0.601649090176,0.110198531037
1,1,741,0.826023011245,0.734167294688,0.393853135159
1,1,742,0.829569211178,0.736337314051,0.257075936819
1,1,743,0.834420415225,0.735756728822,0.401342536282
1,1,744,0.838960088604,0.734988939646,0.26304371074
1,1,745,0.745779591837,0.637093320488,0.203824726979
1,1,746,0.815886597695,0.713100075664,0.155040597203
1,1,747,0.814964396591,0.722904196818,0.315340824265
1,1,748,0.687188501246,0.629558997662,0.387160727726
1,1,749,0.798346789696,0.699366193063,0.383967412523
1,1,750,0.728248310633,0.605995230753,0.135908236212
1,1,751,0.833266651425,0.72896925208,0.426092125362
1,1,752,0.837857302762,0.748564010527,0.271270971291
1,1,753,0.820445057063,0.713503240113,0.189742482744
1,1,754,0.83129282845,0.73718869548,0.371152939513
1,1,755,0.825406304515,0.718987254383,0.0666190762046
1,1,756,0.798504091827,0.717749832688,0.384908225791
1,1,757,0.816847034339,0.722609148885,0.391952677498
1,1,758,0.740205761317,0.632751372926,0.247453247501
1,1,759,0.855593132154,0.774289338836,0.332433926389
1,1,760,0.784930423141,0.673703076408,0.260963395129
1,1,761,0.831658023037,0.731589300353,0.358187733707
1,1,762,0.77929218074,0.663166992525,0.166897432927
1,1,763,0.797784270757,0.735875698183,0.623754761047
1,1,764,0.857430798173,0.792462897104,0.677835287852
1,1,765,0.850066495754,0.771697558431,0.499371884782
1,1,766,0.812994585589,0.730656571622,0.485289636632
1,1,767,0.82278844105,0.727432048705,0.397042073241
1,1,768,0.81679352954,0.738622830873,0.484644509499
1,1,769,0.827141195289,0.740471555235,0.340446748062
1,1,770,0.776050699503,0.695703203465,0.412952132599
1,1,771,0.825432619329,0.731052437724,0.314378373829
1,1,772,0.799052046854,0.697547834395,0.139564466067
1,1,773,0.824406478278,0.74138130502,0.536763981073
1,1,774,0.832044444444,0.748230953603,0.490541886037
1,1,775,0.789664682828,0.669587652834,0.0858361892413
1,1,776,0.74538611741,0.652030509567,0.303857301974
1,1,777,0.822531745499,0.715016272909,0.226174743383
1,1,778,0.825784001915,0.709198854644,0.299911737639
1,1,779,0.765218939124,0.644747274352,0.0832664205687
1,1,780,0.842689760792,0.755285856016,0.415942642521
1,1,781,0.806153846154,0.70531773009,0.376030746151
1,1,782,0.853593883123,0.76174845326,0.25628233683
1,1,783,0.75082921436,0.641556746835,0.284385226492
1,1,784,0.842464407372,0.759359182868,0.445962198041
1,1,785,0.798199722257,0.698685271447,0.221036840014
1,1,786,0.838102888214,0.74915655114,0.496982438243
1,1,787,0.850051401806,0.769230615146,0.43710017831
1,1,788,0.809276070095,0.727070591838,0.515963315603
1,1,789,0.812155247496,0.7001597253,0.24159540612
1,1,790,0.829194646086,0.735780774685,0.260751964791
1,1,791,0.847181641101,0.761491783544,0.475432553225
1,1,792,0.779786690043,0.661294401005,0.284003892032
1,1,793,0.812040543551,0.725986501181,0.456612368744
1,1,794,0.786431288492,0.691066335367,0.353525920302
1,1,795,0.836011896251,0.753077740809,0.514419436157
1,1,796,0.817813647223,0.709108974383,0.35300899971
1,1,797,0.821632965123,0.718586148625,0.21867546622
1,1,798,0.849771039954,0.75736211449,0.221701944123
1,1,799,0.831469823101,0.73782232595,0.307902192527
1,1,800,0.816592391742,0.707427915229,0.229572810449
1,1,801,0.826464646465,0.773888553865,0.790202480626
1,1,802,0.854963030134,0.76701740566,0.446609156187
1,1,803,0.811283887747,0.712446231483,0.371427523953
1,1,804,0.745294563254,0.635778804649,0.233705802067
1,1,805,0.803537673405,0.710650921698,0.482107602612
1,1,806,0.831209825528,0.752108972735,0.591703057151
1,1,807,0.820740803616,0.722271643393,0.39411567757
1,1,808,0.856757939862,0.753306740877,0.296742142632
1,1,809,0.842427420115,0.743884479418,0.378026591365
1,1,810,0.746796909384,0.631934962954,0.210562467918
1,1,811,0.823274004356,0.738842791037,0.37384580805
1,1,812,0.805627791283,0.700431157323,0.230210424925
1,1,813,0.798876646063,0.689210606386,0.147342589261
1,1,814,0.790187225793,0.716099940103,0.569332065891
1,1,815,0.815608754726,0.739104859199,0.506598045914
1,1,816,0.842546805217,0.770324336571,0.53810084784
1,1,817,0.809545927467,0.722290231821,0.513779021312
1,1,818,0.841916240565,0.774190185597,0.618156087817
1,1,819,0.816035502959,0.718238403414,0.363259258721
1,1,820,0.87025798702,0.799577232434,0.591740461291
1,1,821,0.829414640225,0.731554275281,0.205792256565
1,1,822,0.725421811669,0.604608888875,0.157720407902
1,1,823,0.821390059798,0.767501003396,0.699171735598
1,1,824,0.866451004358,0.789138740426,0.634813581801
1,1,825,0.784561126922,0.682377250369,0.260121609839
1,1,826,0.812405763584,0.71838438367,0.273673477405
1,1,827,0.783311777748,0.66651893793,0.187868982882
1,1,828,0.860609667394,0.783085929113,0.484306776049
1,1,829,0.82867710428,0.736051032061,0.397086125675
1,1,830,0.815307893991,0.699092474208,0.218913404127
1,1,831,0.773777313956,0.657813362305,0.125099086695
1,1,832,0.837019409608,0.746207622989,0.451556592285
1,1,833,0.853493546729,0.770131142632,0.359609998531
1,1,834,0.842829147917,0.783608338921,0.698756249056
1,1,835,0.784834,0.680746239081,0.239443867862
1,1,836,0.85627037938,0.788130378057,0.574743363581
1,1,837,0.850659640805,0.80349714838,0.829386446334
1,1,838,0.74024598692,0.617275776498,0.171012069146
1,1,839,0.825228,0.710891310048,0.08230853603
1,1,840,0.842431059066,0.733204764905,0.191889281259
1,1,841,0.767144097222,0.669706643505,0.384450466934
1,1,842,0.829971355272,0.736993567917,0.310595495229
1,1,843,0.73074829932,0.609031842693,0.173272103642
1,1,844,0.853752040837,0.777029272288,0.536700563732
1,1,845,0.796518912992,0.716587038822,0.513363732333
1,1,846,0.76939368107,0.667711930753,0.299164642458
1,1,847,0.882443289225,0.808690171252,0.619079048168
1,1,848,0.831176300239,0.731835186473,0.23634500649
1,1,849,0.800241069472,0.685843196354,0.181998109756
1,1,850,0.806600259151,0.686071061264,0.0383624426443
1,1,851,0.878998892838,0.824918147505,0.767474210069
1,1,852,0.797745824733,0.711310257238,0.377403209282
1,1,853,0.822997327666,0.738285094463,0.448345965862
1,1,854,0.797556495365,0.684818347393,0.298724759581
1,1,855,0.844244,0.748609922649,0.348948613346
1,1,856,0.851935066118,0.775573466876,0.435184780393
1,1,857,0.75683665084,0.638834152566,0.139512210754
1,1,858,0.835782063055,0.722541658497,0.251854141476
1,1,859,0.843030249784,0.778320984902,0.612664951837
1,1,860,0.799756151358,0.67658923066,0.0790239788193
1,1,861,0.79650364204,0.700472450891,0.360043691202
1,1,862,0.754565972222,0.623246655711,0.128144896672
1,1,863,0.832508444444,0.771632802176,0.750764676898
1,1,864,0.846706205274,0.761165298497,0.543644583307
1,1,865,0.81188466948,0.735508337236,0.620537520632
1,1,866,0.784225812461,0.68689316127,0.363984507246
1,1,867,0.790613232921,0.69401256938,0.349318414664
1,1,868,0.754504733357,0.644165210621,0.143277219632
1,1,869,0.839829522702,0.731248836837,0.251035651978
1,1,870,0.792402009386,0.679867872932,0.254063820971
1,1,871,0.815979453006,0.705807325708,0.214742698547
1,1,872,0.824673502704,0.723276108554,0.332717663611
1,1,873,0.750115603118,0.643141844497,0.200069545539
1,1,874,0.785676548726,0.695210761236,0.329687971558
1,1,875,0.794005078366,0.682226857588,0.226525753881
1,1,876,0.842760416667,0.750132623812,0.448293058381
1,1,877,0.805952147663,0.703841601569,0.165911275062
1,1,878,0.78025987896,0.676439514112,0.353546582551
1,1,879,0.82713221343,0.749611773554,0.546996577692
1,1,880,0.878308354592,0.820889779626,0.692020910821
1,1,881,0.840297780843,0.75702992883,0.438925492025
1,1,882,0.798771769281,0.684271777463,0.228324342219
1,1,883,0.819848641786,0.728261897752,0.404753215616
1,1,884,0.829888237847,0.728931624837,0.347675906419
1,1,885,0.828434895892,0.757374899067,0.60109925397
1,1,886,0.777583379417,0.684507644266,0.359275711331
1,1,887,0.80877056705,0.681726547384,0.21340800589
1,1,888,0.807931770943,0.713589637551,0.305839108782
1,1,889,0.786302165153,0.698942479066,0.429756705598
1,1,890,0.828553583169,0.728776934081,0.316530110244
1,1,891,0.764615855525,0.662358246717,0.303127622619
1,1,892,0.830777793737,0.746647488151,0.500945010128
1,1,893,0.788585563211,0.73678925375,0.723529517093
1,1,894,0.796186111111,0.702464457804,0.391092828325
1,1,895,0.787281789328,0.668150735728,0.285744774467
1,1,896,0.82647333795,0.741039034935,0.377352188831
1,1,897,0.746009070295,0.639316248983,0.252073560623
1,1,898,0.821464497041,0.739953324413,0.506135127911
1,1,899,0.716992455418,0.63810482561,0.34086224716
1,1,900,0.833999633789,0.740517750371,0.327203508987
1,1,901,0.795879501385,0.694392636436,0.309702605891
1,1,902,0.782509039256,0.695136465583,0.453989325791
1,1,903,0.777541502301,0.667314357637,0.261830092314
1,1,904,0.782122837244,0.692457194582,0.386307851961
1,1,905,0.818458135039,0.752806284835,0.570114003591
1,1,906,0.781263145244,0.680181589234,0.360033533075
1,1,907,0.736063052672,0.607884286756,0.0619398222592
1,1,908,0.744831903671,0.644576530572,0.304695710779
1,1,909,0.797919219531,0.681410317663,0.191507967095
1,1,910,0.777684930126,0.67305902486,0.33233750263
1,1,911,0.822162416165,0.718726526577,0.383975524591
1,1,912,0.785396825397,0.678341633113,0.333461045442
1,1,913,0.812386186264,0.729222213825,0.471026403257
1,1,914,0.780723735904,0.706099408912,0.507143297772
1,1,915,0.825453759299,0.744916751831,0.548404762138
1,1,916,0.8085171703,0.72454739194,0.501855076394
1,1,917,0.790633608815,0.702273309315,0.430779217566
1,1,918,0.81344265408,0.710451697051,0.36285494352
1,1,919,0.72780186634,0.618978842069,0.199022335843
1,1,920,0.69645785108,0.621301589612,0.379063895487
1,1,921,0.850769230769,0.757283863114,0.446861291529
1,1,922,0.876404663181,0.781321310226,0.455425363889
1,1,923,0.843062789352,0.768010278387,0.522883196799
1,1,924,0.813318302282,0.733746951146,0.451068664806
1,1,925,0.75673229518,0.639348628315,0.229345026103
1,1,926,0.770562240717,0.65785645041,0.20831116978
1,1,927,0.820777787396,0.755124321025,0.688569444756
1,1,928,0.803475,0.732423297625,0.519639661278
1,1,929,0.724821956463,0.611287398425,0.18857726527
1,1,930,0.822226557984,0.707652649345,0.248469927445
1,1,931,0.819204152249,0.737572076035,0.490498895793
1,1,932,0.832535054838,0.76161861259,0.622686773602
1,1,933,0.812185059209,0.730825508431,0.510594773355
1,1,934,0.82076460583,0.736655051392,0.46051921161
1,1,935,0.806020669764,0.699363609696,0.357235942084
1,1,936,0.797601093411,0.741023685857,0.623561943687
1,1,937,0.705189410379,0.617343271134,0.333793876025
1,1,938,0.791824834992,0.716349924296,0.530853972177
1,1,939,0.748315972222,0.663675408091,0.442737827887
1,1,940,0.796418672255,0.697668318837,0.432117615705
1,1,941,0.819349962207,0.73654433817,0.529768758713
1,1,942,0.699733727811,0.579719280306,0.104330080176
1,1,943,0.840585597932,0.74790886871,0.394742903823
1,1,944,0.75595,0.676840390073,0.499317703693
1,1,945,0.769700037296,0.674762303821,0.352706610997
1,1,946,0.824296179259,0.730396700752,0.479464864198
1,1,947,0.72173553719,0.641873513211,0.374419639026
1,1,948,0.832813544219,0.740998535101,0.467258899607
1,1,949,0.810192043896,0.727667391316,0.456514922654
1,1,950,0.898931477306,0.841337545298,0.693417813367
1,1,951,0.845510628809,0.754584638527,0.424792077435
1,1,952,0.780280893581,0.670743012658,0.311448780046
1,1,953,0.814558823529,0.71456551921,0.337151294448
1,1,954,0.774434687787,0.677815121153,0.352662386874
1,1,955,0.777590070376,0.676004071605,0.362672126511
1,1,956,0.841958882164,0.734501811197,0.377002016334
1,1,957,0.824471285113,0.72646661928,0.359759008703
1,1,958,0.854389688212,0.793217440806,0.639661448792
1,1,959,0.784866593721,0.67290096954,0.291871233512
1,1,960,0.863285755479,0.796780397284,0.566723824588
1,1,961,0.833775098518,0.789670869539,0.77934382629
1,1,962,0.788470903336,0.671191825936,0.241335481891
1,1,963,0.835167201817,0.734924343498,0.46506731854
