0,1,0,0.838759474734,0.907775057235,1.0
1,0,0,0.983972994265,0.976101705819,0.971791857748
0,0,0,0.853786087173,0.839554818261,0.822518080294
1,1,0,0.850769588302,0.773769568328,0.159174658979
1,1,1,0.856872557086,0.774928236484,0.157229024764
1,1,2,0.871917273673,0.796994864414,0.49976734343
1,1,3,0.861791491181,0.7902614502,0.431103597704
1,1,4,0.874619022179,0.797035166971,0.210987527138
1,1,5,0.864743371044,0.795351725144,0.297040929523
1,1,6,0.857824268266,0.782380250128,0.229168164172
1,1,7,0.8673139596,0.794008150661,0.152795602041
1,1,8,0.865008302187,0.792986892773,0.560327343181
1,1,9,0.864614259217,0.789627680237,0.407042806937
1,1,10,0.865539501883,0.785303125214,0.407448822807
1,1,11,0.841025676595,0.755021094978,0.345949941622
1,1,12,0.852340700289,0.772388027101,0.198591722629
1,1,13,0.855938608913,0.771918405311,0.400903104149
1,1,14,0.867574203925,0.785592109757,0.0532692285681
1,1,15,0.870896029548,0.797806721,0.446116030195
1,1,16,0.859961755795,0.775962843677,0.0839679355077
1,1,17,0.851819482302,0.766081135971,0.138184252733
1,1,18,0.852961860107,0.777504853928,0.320278723506
1,1,19,0.873980040487,0.797634367024,0.196780148718
1,1,20,0.872045163614,0.783750260226,0.117404868966
1,1,21,0.844514364244,0.758879898815,0.179187683352
1,1,22,0.859263999127,0.780066295112,0.0587263939864
1,1,23,0.850168365964,0.773652205754,0.426721148032
1,1,24,0.855848406383,0.770665919192,0.198670515329
1,1,25,0.849205448974,0.769168293419,0.232020417858
1,1,26,0.864380116331,0.784822310125,0.145226021924
1,1,27,0.859491348875,0.77764811467,0.221790310885
1,1,28,0.86440298451,0.788070061634,0.206531830573
1,1,29,0.868647470448,0.80289798791,0.377791759068
1,1,30,0.857560958811,0.785864787298,0.345553976419
1,1,31,0.873474301569,0.796815421152,0.254586310078
1,1,32,0.875474723928,0.808405127618,0.290009194237
1,1,33,0.866936074763,0.78850766397,0.0328975675816
1,1,34,0.890930837365,0.825337403128,0.531589475723
1,1,35,0.864508669125,0.786929296194,0.231503621704
1,1,36,0.875430343067,0.79678141432,0.0999162289886
1,1,37,0.858149059766,0.773456421882,0.20506313467
1,1,38,0.864303612626,0.784730144129,0.302780210116
1,1,39,0.859191139368,0.775273745639,0.162775764338
1,1,40,0.829574811103,0.723788394558,0.204018247601
1,1,41,0.858492113422,0.762202815363,0.0510816663392
1,1,42,0.861888928749,0.765688723004,0.243517000186
1,1,43,0.862054875818,0.771591859569,0.222159156601
1,1,44,0.843162215285,0.771861497952,0.527601104576
1,1,45,0.853007440826,0.768324874536,0.286939078227
1,1,46,0.864033171462,0.791724536714,0.271860463931
1,1,47,0.844676374043,0.756336659103,0.324077607937
1,1,48,0.868492478988,0.790139184906,0.419239310054
1,1,49,0.873558333333,0.788270581943,0.264025908516
1,1,50,0.87134525732,0.791870389931,0.247141840896
1,1,51,0.85121592802,0.768407197134,0.521048703128
1,1,52,0.87880011472,0.808150490863,0.363323025223
1,1,53,0.866171767714,0.79597763641,0.26873291894
1,1,54,0.853713352124,0.766878127223,0.163944240335
1,1,55,0.804345414915,0.698559112756,0.203975000481
1,1,56,0.884787401786,0.820387828636,0.1541248677
1,1,57,0.851823561007,0.768683342745,0.52281311807
1,1,58,0.826005467118,0.726904244972,0.282117293704
1,1,59,0.875200283278,0.80166679612,0.412052427258
1,1,60,0.86408502612,0.786937570922,0.48778233568
1,1,61,0.873608438553,0.791888990145,0.118948639443
1,1,62,0.798452887361,0.720737197461,0.53409313055
1,1,63,0.851559017749,0.783019637027,0.615908059499
1,1,64,0.865528678955,0.785636787352,0.277618057695
1,1,65,0.853306134433,0.775027434118,0.374680585572
1,1,66,0.873538483446,0.792276497668,0.257322080285
1,1,67,0.898605954471,0.852022521067,0.58185508029
1,1,68,0.866098181701,0.782921604173,0.104966635238
1,1,69,0.859026665844,0.766498423198,0.012352441907
1,1,70,0.842027948746,0.744444548502,0.188247639095
1,1,71,0.887693632877,0.820519436917,0.355773223563
1,1,72,0.849837130651,0.757661186677,0.292419748569
1,1,73,0.869046801905,0.785914912758,0.0845051144746
1,1,74,0.858819419285,0.793782030488,0.717070750345
1,1,75,0.855370036866,0.774719413502,0.450622930078
1,1,76,0.85276774332,0.76772990714,0.134384115631
1,1,77,0.854377014493,0.773813510519,0.129615589667
1,1,78,0.863609174346,0.791019609383,0.141900262369
1,1,79,0.858560405798,0.764611921289,0.228469280867
1,1,80,0.860259353305,0.780513258778,0.397824000253
1,1,81,0.826616069696,0.728183135913,0.313354825992
1,1,82,0.871376408212,0.79861379814,0.125303890647
1,1,83,0.856786498713,0.773874052867,0.262334219068
1,1,84,0.778876510688,0.679044151402,0.301522662509
1,1,85,0.881626462853,0.81145379507,0.276269413068
1,1,86,0.879051206652,0.804919707545,0.214803466488
1,1,87,0.855090838377,0.774662107682,0.180467754822
1,1,88,0.86937566196,0.784956904331,0.226509893241
1,1,89,0.875442760641,0.80282019621,0.377579928944
1,1,90,0.854294982639,0.756641233667,0.105952488747
1,1,91,0.883946629255,0.811716314289,0.0968650155061
1,1,92,0.849422878689,0.759306797223,0.461388022836
1,1,93,0.859862974354,0.782549769704,0.333774632829
1,1,94,0.868438801309,0.783096905911,0.259628766531
1,1,95,0.85932278904,0.783440971529,0.540989716685
1,1,96,0.866283383752,0.7891427265,0.338856404846
1,1,97,0.875779495712,0.795921831555,0.25823018474
1,1,98,0.864319496506,0.783677079366,0.178467087069
1,1,99,0.858035132456,0.778799384423,0.176719609291
1,1,100,0.847175605454,0.768713411155,0.450565421066
1,1,101,0.864816903628,0.78579770056,0.369689817301
1,1,102,0.849606250414,0.773769599096,0.55505401077
1,1,103,0.857896873996,0.784965579492,0.235083426834
1,1,104,0.866029215932,0.783652989911,0.439937202118
1,1,105,0.830594171802,0.747707906653,0.36358985824
1,1,106,0.859232159639,0.766875998935,0.252667931524
1,1,107,0.818240169362,0.722903707157,0.397090337447
1,1,108,0.865902925462,0.790066472873,0.229153329779
1,1,109,0.86389290127,0.797539080833,0.554365533524
1,1,110,0.796145105631,0.698751443501,0.393614509149
1,1,111,0.848836846537,0.758144682277,0.155844906993
1,1,112,0.860320139375,0.784157367463,0.328801921216
1,1,113,0.831421867462,0.72276179224,0.333060985699
1,1,114,0.872774797144,0.794088530732,0.190058926665
1,1,115,0.830592981798,0.746671958121,0.500677557514
1,1,116,0.885325837586,0.819640495903,0.446334154795
1,1,117,0.860924485928,0.775945367417,0.233454250782
1,1,118,0.868780807324,0.798063497417,0.400361452698
1,1,119,0.84108164026,0.763448695842,0.677549384286
1,1,120,0.871530250474,0.799684862872,0.358871471856
1,1,121,0.866042410358,0.790121249198,0.552401872707
1,1,122,0.866258509848,0.789044262649,0.295991628603
1,1,123,0.880535805285,0.807492079696,0.497753387656
1,1,124,0.857585558775,0.777543578006,0.473613021931
1,1,125,0.823003636316,0.740460470545,0.607795097234
1,1,126,0.863250245886,0.775583813602,0.1777273749
1,1,127,0.848927172261,0.757790408322,0.207205432101
1,1,128,0.888274427057,0.809450193347,0.22409165534
1,1,129,0.903801511351,0.853052457221,0.848647962308
1,1,130,0.860486914588,0.782808083171,0.180521501415
1,1,131,0.855215041617,0.777894543949,0.419026428637
1,1,132,0.816471126952,0.703567973582,0.299176243346
1,1,133,0.854581063048,0.779283952534,0.226097104479
1,1,134,0.859327138106,0.769247489831,0.151198202346
1,1,135,0.8676674362,0.787090977033,0.498811655888
1,1,136,0.863851873009,0.783944167311,0.179674160866
1,1,137,0.868908785814,0.789134764322,0.121723081113
1,1,138,0.877643326425,0.808383247647,0.203530242941
1,1,139,0.85942816264,0.778508369977,0.059150614786
1,1,140,0.817766783983,0.732424735787,0.522014538892
1,1,141,0.833845651551,0.739190878619,0.200310965916
1,1,142,0.844531924952,0.7536524463,0.307376372295
1,1,143,0.856576596218,0.765956384168,0.0900906097825
1,1,144,0.852146647937,0.763936862554,0.305093451755
1,1,145,0.856491982889,0.774535866107,0.386461845783
1,1,146,0.856341892609,0.779250228194,0.245259316743
1,1,147,0.871893948164,0.80143308821,0.489618636246
1,1,148,0.87345049806,0.800777718753,0.418080515627
1,1,149,0.855533164783,0.775255241275,0.173464812827
1,1,150,0.866591127207,0.792721622504,0.465886022233
1,1,151,0.870916403332,0.800446202647,0.578668897556
1,1,152,0.867119551072,0.790675761867,0.063336343393
1,1,153,0.8681441712,0.795124614797,0.418530292755
1,1,154,0.829310204082,0.721161856185,0.248497803943
1,1,155,0.861879898539,0.78032481721,0.138916521267
1,1,156,0.874767342462,0.796453012317,0.289072437407
1,1,157,0.879687668696,0.815236891889,0.678826733861
1,1,158,0.870089982209,0.802433500496,0.536034283502
1,1,159,0.867075932556,0.779622534824,0.185193392517
1,1,160,0.856782618203,0.77304685917,0.0510757730997
1,1,161,0.85700858609,0.769375009466,0.419041535338
1,1,162,0.850212151187,0.759169542145,0.363224679939
1,1,163,0.876913723332,0.797546984562,0.373631391299
1,1,164,0.86299069385,0.779957366962,0.120759074844
1,1,165,0.860958187211,0.77837413057,0.0597206131025
1,1,166,0.852244397855,0.771026093904,0.17196508662
1,1,167,0.853655013702,0.759442572205,0.225046623388
1,1,168,0.865987030802,0.783839051306,0.266210707782
1,1,169,0.862416011349,0.785463379893,0.310234185456
1,1,170,0.860253250849,0.774031328185,0.130027145184
1,1,171,0.872591091421,0.802264122592,0.181541011003
1,1,172,0.881552061949,0.810131384198,0.240150511959
1,1,173,0.86157989502,0.785146769916,0.129175654992
1,1,174,0.866355621607,0.784102128574,0.132093013315
1,1,175,0.870986020226,0.790117927496,0.460781443877
1,1,176,0.870960452485,0.795124644955,0.0980477589358
1,1,177,0.876530766814,0.809656736055,0.250304863119
1,1,178,0.830266654655,0.737848584483,0.275870866017
1,1,179,0.854682548934,0.749367911362,0.165899759208
1,1,180,0.864283281159,0.776559994748,0.238899282222
1,1,181,0.874879960584,0.796427456904,0.0996466437075
1,1,182,0.866105873544,0.786879992261,0.137450886601
1,1,183,0.88194752532,0.813340063209,0.473243537567
1,1,184,0.85753782213,0.777162656243,0.213616576272
1,1,185,0.870846324936,0.792180668646,0.0704526359528
1,1,186,0.851122176953,0.7577542378,0.381865521785
1,1,187,0.868288034506,0.782404090768,0.230701516664
1,1,188,0.858652964995,0.777844955843,0.311869758847
1,1,189,0.869154705515,0.796139288689,0.143767365919
1,1,190,0.886669959392,0.810946789061,0.25608243606
1,1,191,0.866909494675,0.790810366811,0.286411745506
1,1,192,0.849704615974,0.76457985547,0.449123241872
1,1,193,0.869529953222,0.826908170541,0.857950950022
1,1,194,0.856901677422,0.765345020678,0.346269998334
1,1,195,0.865778016662,0.781406877787,0.305368868186
1,1,196,0.870607569605,0.792076415937,0.212037436897
1,1,197,0.87449856161,0.802390798849,0.373183739946
1,1,198,0.867157038443,0.794259284232,0.217841698045
1,1,199,0.872561998933,0.795394176877,0.138150375737
1,1,200,0.879834914435,0.805409620418,0.408974431027
1,1,201,0.867187101403,0.791459346521,0.486732779963
1,1,202,0.868665546908,0.787763264727,0.181291196552
1,1,203,0.861184132798,0.77598823709,0.322135326556
1,1,204,0.85421462344,0.769881585542,0.371124654913
1,1,205,0.865227673757,0.783096507789,0.486930189351
1,1,206,0.862487762375,0.790219375153,0.397384618525
1,1,207,0.874328666835,0.801931862744,0.431732322953
1,1,208,0.858719816736,0.771374770366,0.330672299074
1,1,209,0.878149943387,0.8035804009,0.185164475107
1,1,210,0.87484954834,0.795156497591,0.19721671695
1,1,211,0.908805119844,0.875285593736,0.938732975143
1,1,212,0.891944277158,0.838743726605,0.795490532997
1,1,213,0.861554903405,0.767321679131,0.21651833918
1,1,214,0.861019362027,0.777842219023,0.285510943704
1,1,215,0.864606265575,0.782543936059,0.378146095629
1,1,216,0.864295928797,0.780249787859,0.222132261981
1,1,217,0.840188259187,0.731455414788,0.186667491535
1,1,218,0.849768174089,0.750117342339,0.307262695258
1,1,219,0.873256955814,0.792915149829,0.205326423581
1,1,220,0.887463350714,0.814385336755,0.284140181564
1,1,221,0.870362336971,0.801609651759,0.628806963144
1,1,222,0.874964106347,0.803265282548,0.510839112255
1,1,223,0.799429606157,0.679026147582,0.1930680291
1,1,224,0.856070502621,0.779589387181,0.397363110791
1,1,225,0.858115540676,0.774698683521,0.168823044316
1,1,226,0.86908847533,0.788084377753,0.360640276207
1,1,227,0.820240084507,0.724004936376,0.212537372054
1,1,228,0.88778925562,0.831006248361,0.578488352585
1,1,229,0.8821904106,0.797694526311,0.298971739473
1,1,230,0.868546975003,0.774984350328,0.323783032195
1,1,231,0.823388260455,0.719223775814,0.241774668287
1,1,232,0.879468818119,0.814640501003,0.573828003444
1,1,233,0.830791715976,0.722446478536,0.0786820965949
1,1,234,0.852033784973,0.77098543432,0.399465111368
1,1,235,0.848673971916,0.761623200773,0.375389948001
1,1,236,0.875769250627,0.80303348762,0.224397718494
1,1,237,0.843741583949,0.743474475519,0.224000434489
1,1,238,0.859096010611,0.762179133902,0.34656555783
1,1,239,0.884205877758,0.810507812769,0.247338445529
1,1,240,0.876238988091,0.807845558969,0.503451100268
1,1,241,0.860018556773,0.7823658596,0.391445838657
1,1,242,0.869381399619,0.777387483545,0.241610442857
1,1,243,0.872595556887,0.781898068748,0.255029562673
1,1,244,0.870446540329,0.793007085778,0.413036093007
1,1,245,0.872796183273,0.795158982426,0.233595317108
1,1,246,0.890109043847,0.818109175644,0.187796411824
1,1,247,0.859324525985,0.784832868288,0.225415143333
1,1,248,0.85768768566,0.773235311311,0.182030258753
1,1,249,0.848454861111,0.757569506993,0.26375831647
1,1,250,0.868636498187,0.79782858697,0.558013521063
1,1,251,0.86807940456,0.773256832943,0.197412071817
1,1,252,0.867110533058,0.794626974978,0.296653337325
1,1,253,0.874214424327,0.797792442277,0.501627082717
1,1,254,0.874000671208,0.801513451754,0.40793874213
1,1,255,0.853641009504,0.76702924157,0.256724404288
1,1,256,0.858084724086,0.762558667638,0.0917886374459
1,1,257,0.846443668186,0.757397003696,0.360087198167
1,1,258,0.872552747217,0.783552321345,0.211626465604
1,1,259,0.88090547347,0.806201868599,0.365140250097
1,1,260,0.862353688129,0.786460994166,0.477383485996
1,1,261,0.867400998266,0.795393827402,0.447514581021
1,1,262,0.856978333223,0.751781021882,0.18371896284
1,1,263,0.855658759354,0.767402727961,0.108690043095
1,1,264,0.853291796412,0.777575911805,0.3252688396
1,1,265,0.858345306008,0.77954529626,0.458305759881
1,1,266,0.855677139496,0.7669421611,0.257873999455
1,1,267,0.866873369607,0.780547388386,0.0978927991428
1,1,268,0.85383438,0.780208545517,0.27964673617
1,1,269,0.875512785334,0.797497897689,0.33452651213
1,1,270,0.836453311814,0.731593343124,0.213485465561
1,1,271,0.867045758676,0.786019861834,0.184729710545
1,1,272,0.835917719185,0.73890631863,0.297757657027
1,1,273,0.869143876338,0.792362287344,0.541238660743
1,1,274,0.841697214644,0.746586989227,0.197342732429
1,1,275,0.846312589662,0.749789267968,0.252229982552
1,1,276,0.87159445031,0.792143106189,0.2637431307
1,1,277,0.866991849119,0.785596555868,0.24232801647
1,1,278,0.847420329003,0.763387898927,0.216388250245
1,1,279,0.867461003085,0.785085098544,0.218185103345
1,1,280,0.833174333783,0.742644893801,0.347418240167
1,1,281,0.848803822726,0.755986144907,0.283785175014
1,1,282,0.879343682443,0.803847987987,0.283921620849
1,1,283,0.879253089542,0.808984800656,0.283622011538
1,1,284,0.873099983556,0.788353617753,0.351172083329
1,1,285,0.86257155326,0.787568430016,0.20921233736
1,1,286,0.854510109206,0.765279852176,0.244414615641
1,1,287,0.842960237761,0.752145606324,0.288899326331
1,1,288,0.848119239533,0.766934912494,0.492916204762
1,1,289,0.85880748235,0.780127284859,0.222684978006
1,1,290,0.830851800554,0.740843403617,0.48741536494
1,1,291,0.873555571616,0.799200617532,0.209003832435
1,1,292,0.818375898795,0.735364434883,0.487599126964
1,1,293,0.869678493285,0.798255893509,0.479660048493
1,1,294,0.879909893477,0.812930612306,0.239986357667
1,1,295,0.864409232024,0.790180676403,0.160056785965
1,1,296,0.85730642354,0.770790904974,0.134869519863
1,1,297,0.849371095377,0.764147165158,0.393417146155
1,1,298,0.859686238993,0.772081986841,0.20791102292
1,1,299,0.8916475678,0.826659399467,0.362257726602
1,1,300,0.797882654657,0.707949473769,0.406933056691
1,1,301,0.868036503591,0.790979562378,0.163822917577
1,1,302,0.870226512099,0.792575058196,0.276900625055
1,1,303,0.86389886675,0.792340469599,0.484654649878
1,1,304,0.882696715575,0.817284174174,0.373812912343
1,1,305,0.868823204674,0.793789215026,0.153271848928
1,1,306,0.873668990748,0.800510491288,0.477951956936
1,1,307,0.847044459848,0.752281863662,0.265533088723
1,1,308,0.874230682374,0.799760874129,0.181479317912
1,1,309,0.876137322119,0.806089342174,0.134644350247
1,1,310,0.891252658318,0.809368818795,0.312130649264
1,1,311,0.876433713754,0.799534154309,0.0927333141631
1,1,312,0.800984236832,0.699723805407,0.314005196702
1,1,313,0.865714303455,0.781507294234,0.263750059091
1,1,314,0.880713111997,0.807875311048,0.28788369117
1,1,315,0.844798809548,0.734513713488,0.19869863568
1,1,316,0.803548237786,0.703128350891,0.207121731389
1,1,317,0.869215831275,0.78842740233,0.141455861665
1,1,318,0.864492327509,0.803080572196,0.49628083444
1,1,319,0.860999847989,0.778169251301,0.151944721939
1,1,320,0.867595424612,0.786962716939,0.48315478345
1,1,321,0.888918683408,0.81550029502,0.102513593594
1,1,322,0.866632365966,0.780593214305,0.203620324308
1,1,323,0.882805764197,0.804000087024,0.240504706439
1,1,324,0.869242816953,0.790369825237,0.363558370953
1,1,325,0.852753369866,0.754039992423,0.302727060677
1,1,326,0.846463916379,0.780156105138,0.614454877845
1,1,327,0.873798535381,0.797452377708,0.466676868181
1,1,328,0.871435536986,0.788091902092,0.409887364589
1,1,329,0.858570061153,0.780788153667,0.360563322398
1,1,330,0.862455250678,0.771764615197,0.245579177995
1,1,331,0.84981789784,0.760065086758,0.348162443256
1,1,332,0.845849848631,0.74502275123,0.374802961867
1,1,333,0.871068555694,0.791805068486,0.193215645525
1,1,334,0.864670902899,0.787846055509,0.447478069118
1,1,335,0.865301606718,0.790784587862,0.366936163758
1,1,336,0.861930941358,0.782015526975,0.559789683523
1,1,337,0.861918718586,0.779296283955,0.0708518558103
1,1,338,0.865614649347,0.791834016347,0.505042464037
1,1,339,0.856356483888,0.776111258429,0.193146410706
1,1,340,0.846778207183,0.763851433588,0.363509667616
1,1,341,0.889142766888,0.835527671869,0.742801014195
1,1,342,0.870285658377,0.794490318934,0.220449163351
1,1,343,0.823064379301,0.745627044435,0.484808727528
1,1,344,0.864638915266,0.789282620583,0.153745497756
1,1,345,0.864213163582,0.781806852045,0.17591868983
1,1,346,0.868721188346,0.801326379492,0.355839825099
1,1,347,0.860809386002,0.775831088441,0.156377253409
1,1,348,0.879356275657,0.802222765577,0.409193732358
1,1,349,0.878232641668,0.808642860175,0.509701484368
1,1,350,0.840163934426,0.748987809423,0.47048246345
1,1,351,0.860402209642,0.789211729406,0.582118643335
1,1,352,0.877617480683,0.822969398409,0.719740241666
1,1,353,0.886881986901,0.812964992067,0.560268215221
1,1,354,0.853688780937,0.762111528655,0.218734252003
1,1,355,0.88266304658,0.805454361864,0.273940896582
1,1,356,0.85391904266,0.779167542531,0.637945899605
1,1,357,0.834945778112,0.730570778537,0.183052074295
1,1,358,0.857742083422,0.763303086337,0.241097159364
1,1,359,0.881774252059,0.811135384791,0.444531299135
1,1,360,0.8539882097,0.755088375737,0.153736458084
1,1,361,0.828786781349,0.73743091581,0.455349406136
1,1,362,0.865188061418,0.786886731341,0.0412851707197
1,1,363,0.859263285666,0.774717994705,0.22842008211
1,1,364,0.878292003076,0.825175430012,0.698342110288
1,1,365,0.854068552118,0.759001388626,0.21569869385
1,1,366,0.834517958412,0.742602060551,0.416715237281
1,1,367,0.819525666017,0.770914717398,0.775817357959
1,1,368,0.843099345628,0.763672956472,0.554762648941
1,1,369,0.819671233377,0.713431209684,0.190561349851
1,1,370,0.869737286626,0.798642484809,0.425902341238
1,1,371,0.873143070709,0.796603667245,0.517467948896
1,1,372,0.850892717535,0.758415182509,0.314566084212
1,1,373,0.867164654322,0.790437378986,0.401985850827
1,1,374,0.859010977882,0.778568203562,0.321771912117
1,1,375,0.840149593731,0.753252271534,0.375650031009
1,1,376,0.860868511678,0.778445649948,0.453742445415
1,1,377,0.839183673469,0.73948446216,0.46715182407
1,1,378,0.859353422962,0.778141692079,0.457587559127
1,1,379,0.847610559205,0.787935324284,0.656966073477
1,1,380,0.864440614522,0.770910244458,0.313272767929
1,1,381,0.865412123978,0.790705560525,0.559934204783
1,1,382,0.868014797275,0.783029283116,0.093420057863
1,1,383,0.863626491437,0.784749921594,0.272636970711
1,1,384,0.860547042799,0.777232129417,0.367163170277
1,1,385,0.871203645002,0.794631101846,0.275487986878
1,1,386,0.879515569607,0.810264538022,0.348455359593
1,1,387,0.838591798507,0.738145082315,0.165345267841
1,1,388,0.851966998805,0.755000325384,0.148578076513
1,1,389,0.87059659344,0.793704135411,0.459246492338
1,1,390,0.85761148056,0.772375463762,0.293707581094
1,1,391,0.868569315235,0.787538487443,0.367748135703
1,1,392,0.86411389641,0.779635071862,0.306510336021
1,1,393,0.879486478661,0.807305036824,0.307770110543
1,1,394,0.851307838485,0.772195307277,0.490388161022
1,1,395,0.859763613134,0.782951483905,0.212126674218
1,1,396,0.888291658986,0.826871303913,0.440631385199
1,1,397,0.871609113564,0.796725894942,0.518277054601
1,1,398,0.854412862157,0.7506046719,0.125745690302
1,1,399,0.871414050615,0.788411422573,0.19626887888
1,1,400,0.84642645179,0.762676970302,0.381989165825
1,1,401,0.836458620909,0.740695061452,0.264699233485
1,1,402,0.854807546522,0.772823997339,0.366376991215
1,1,403,0.844537481481,0.748090490615,0.164239715651
1,1,404,0.879910179003,0.812428817126,0.298273209833
1,1,405,0.866145258895,0.779957878435,0.281008603093
1,1,406,0.859430381616,0.79618430937,0.613766231692
1,1,407,0.877814639316,0.809675571507,0.427082650016
1,1,408,0.881864145939,0.795847191514,0.258217361618
1,1,409,0.830401783703,0.729955939495,0.378548012823
1,1,410,0.840309223326,0.764480877189,0.466989650862
1,1,411,0.868395938544,0.797814949447,0.422676952603
1,1,412,0.867152783518,0.791536912946,0.372561879601
1,1,413,0.871735731665,0.793999116164,0.172608973891
1,1,414,0.860507783608,0.783953868761,0.31922013443
1,1,415,0.860886955462,0.764673212073,0.310125397305
1,1,416,0.850492247548,0.760373310299,0.186987587445
1,1,417,0.86836753866,0.784276471728,0.1784330561
1,1,418,0.842215281593,0.753377258759,0.230645558935
1,1,419,0.832882431982,0.735421466042,0.379390632069
1,1,420,0.855760434325,0.77317159896,0.41116157312
1,1,421,0.868597775863,0.798938900549,0.424610925731
1,1,422,0.86625146867,0.793962983798,0.336628775175
1,1,423,0.879335703116,0.790201392196,0.327470148598
1,1,424,0.876333299465,0.807707122012,0.430173735394
1,1,425,0.85757620245,0.767838352898,0.156890394153
1,1,426,0.8782170586,0.800439373948,0.287195979714
1,1,427,0.879255404675,0.81216830673,0.336142447949
1,1,428,0.882248379652,0.806161988124,0.40489123845
1,1,429,0.882026197941,0.801832134929,0.199242813039
1,1,430,0.873632478399,0.791474922492,0.314462060793
1,1,431,0.832513717421,0.737707719205,0.37618383406
1,1,432,0.867040566891,0.802166357664,0.644250990582
1,1,433,0.857868969693,0.774593305332,0.358782587854
1,1,434,0.868677943206,0.79640080712,0.509029575007
1,1,435,0.879280126718,0.810710914626,0.481330918804
1,1,436,0.754533869229,0.675838655277,0.467662403239
1,1,437,0.857922813177,0.76998996761,0.253057361311
1,1,438,0.808391405018,0.699967234678,0.151189758738
1,1,439,0.855874206674,0.767163250099,0.21668019697
1,1,440,0.849215531709,0.767473050913,0.27259581399
1,1,441,0.887936602566,0.815904746578,0.215429088598
1,1,442,0.85457249408,0.767892573877,0.3062796915
1,1,443,0.867267729787,0.792617226432,0.180710769325
1,1,444,0.867531582073,0.793431913806,0.484996173585
1,1,445,0.846692248134,0.76330008584,0.491126783404
1,1,446,0.871500409745,0.798033053086,0.339694554805
1,1,447,0.888823053855,0.82926142354,0.677670816611
1,1,448,0.837951448962,0.748012437871,0.460930835501
1,1,449,0.860428012964,0.775685992855,0.401746025674
1,1,450,0.858496355556,0.783182885454,0.33170544525
1,1,451,0.8863583265,0.825287028029,0.729265201993
1,1,452,0.865687880697,0.793184993446,0.645328430459
1,1,453,0.870004125387,0.828619196338,0.876176483001
1,1,454,0.88766340733,0.823339155012,0.563104716984
1,1,455,0.87457141908,0.80378887619,0.321146109063
1,1,456,0.881194313014,0.809872106435,0.491509170488
1,1,457,0.856136654147,0.769014162081,0.235547889688
1,1,458,0.867984040879,0.80224590702,0.580521644675
1,1,459,0.843321371843,0.742292275167,0.107724008245
1,1,460,0.786230284434,0.667997568304,0.154082849296
1,1,461,0.859445529587,0.774119287791,0.240715912831
1,1,462,0.853281297402,0.785591149619,0.619340195531
1,1,463,0.883518297022,0.820563544039,0.703480367236
1,1,464,0.867799146735,0.793432233962,0.342044335541
1,1,465,0.835070889301,0.760335104615,0.593963477668
1,1,466,0.867291898387,0.79338336313,0.208322693359
1,1,467,0.846784287275,0.752852732382,0.228708402242
1,1,468,0.863078224415,0.782981811747,0.229001878275
1,1,469,0.655757401,0.550500237292,0.101706804526
1,1,470,0.866112207784,0.782935273425,0.347951251086
1,1,471,0.863679804575,0.795343310875,0.618152872751
1,1,472,0.844735537253,0.763164186216,0.394955507705
1,1,473,0.863530874334,0.79989332591,0.614358621004
1,1,474,0.851290055577,0.766520258493,0.37796518244
1,1,475,0.865611039684,0.776024656647,0.322610694345
1,1,476,0.846051123672,0.750145837312,0.224423654017
1,1,477,0.827749480969,0.724175625548,0.187588407516
1,1,478,0.869403985355,0.788475462718,0.1623471563
1,1,479,0.762423922338,0.675548056919,0.378943775251
1,1,480,0.866522693122,0.780661589925,0.210287692402
1,1,481,0.876042485841,0.802170142396,0.423856696734
1,1,482,0.854298946711,0.767891254342,0.162141839722
1,1,483,0.857156357728,0.77372739786,0.360945743933
1,1,484,0.844788853778,0.749850201624,0.152661786173
1,1,485,0.847981432102,0.73851007051,0.300567797406
1,1,486,0.836261478421,0.759201319858,0.453081671407
1,1,487,0.857399069779,0.780160285017,0.344426913719
1,1,488,0.875528569243,0.811046125795,0.631993983008
1,1,489,0.7972246678,0.688945691555,0.245171415779
1,1,490,0.853889779118,0.781180358096,0.649314125427
1,1,491,0.84237861381,0.753505198837,0.223758116644
1,1,492,0.870329546505,0.802244498331,0.641694038287
1,1,493,0.856774432626,0.7675023943,0.34495372644
1,1,494,0.853337840693,0.785156750927,0.625825375735
1,1,495,0.865147296865,0.776838903569,0.298277499503
1,1,496,0.863433539487,0.7654486201,0.333135520795
1,1,497,0.846572271594,0.758433114845,0.308273730968
1,1,498,0.847324193764,0.758424085558,0.324129146776
1,1,499,0.873708243972,0.806136673108,0.638930527095
1,1,500,0.871071436443,0.804756577951,0.572887775494
1,1,501,0.870631238363,0.796872880981,0.425694728402
1,1,502,0.867406509695,0.802930862119,0.669668215581
1,1,503,0.868029473341,0.7973217297,0.517507266483
1,1,504,0.876928071729,0.796829244966,0.359637774426
1,1,505,0.856656673036,0.763393278629,0.292515083128
1,1,506,0.848632580262,0.744426112406,0.395611585274
1,1,507,0.863208659062,0.773634664318,0.113339332761
1,1,508,0.852498780961,0.797529092707,0.710763819336
1,1,509,0.813839109051,0.717640066474,0.391047954648
1,1,510,0.8603051788,0.783183385101,0.320686502381
1,1,511,0.853302724212,0.775749669238,0.52021870801
1,1,512,0.867545288011,0.792829460923,0.535027306356
1,1,513,0.866403892802,0.787078463856,0.248748908478
1,1,514,0.883393470681,0.823939394999,0.586914408668
1,1,515,0.866422772664,0.791191860032,0.462573977974
1,1,516,0.875672440671,0.787552445059,0.177362638489
1,1,517,0.845471332645,0.753619013511,0.298639341805
1,1,518,0.862619100911,0.782892854386,0.223911031397
1,1,519,0.869600965087,0.799323774697,0.450403144933
1,1,520,0.79462535907,0.693890995949,0.289491736262
1,1,521,0.88471993669,0.807220837988,0.334530801702
1,1,522,0.847523384354,0.77435875731,0.599700072869
1,1,523,0.856116549721,0.771979199504,0.343875550528
1,1,524,0.850561038821,0.764711493486,0.447702713156
1,1,525,0.855271679695,0.761379096425,0.336262708582
1,1,526,0.852202817588,0.78292571582,0.586084623356
1,1,527,0.876210317863,0.796009910859,0.333520015327
1,1,528,0.849320040761,0.743884419343,0.198104235464
1,1,529,0.858426624712,0.769037095086,0.273886477839
1,1,530,0.85902529896,0.778985786188,0.410991199512
1,1,531,0.847306498061,0.744208749911,0.0709306348413
1,1,532,0.86271308686,0.778647715402,0.275169497436
1,1,533,0.847140469583,0.782530437748,0.648135890552
1,1,534,0.81125739645,0.709366418376,0.374445010274
1,1,535,0.851368801653,0.757542154921,0.210602526582
1,1,536,0.832973355663,0.735487769618,0.33479278202
1,1,537,0.841753534534,0.740385032181,0.210526339504
1,1,538,0.858846618163,0.774177930518,0.260015957686
1,1,539,0.864985918753,0.761693230078,0.0940426937039
1,1,540,0.854304756114,0.763738299271,0.328984915876
1,1,541,0.872810945146,0.792041875009,0.318726572094
1,1,542,0.80716875,0.703521519462,0.36588379503
1,1,543,0.862351169391,0.781678389256,0.432342792608
1,1,544,0.873576098911,0.789276613342,0.32095743019
1,1,545,0.771966999681,0.666657160847,0.19929954533
1,1,546,0.837527304212,0.735071550862,0.251969284822
1,1,547,0.841946251963,0.754427454464,0.329775228631
1,1,548,0.857454520882,0.769917607061,0.259626243751
1,1,549,0.824872695901,0.733573924045,0.424180978046
1,1,550,0.865681292311,0.782893690264,0.167493123101
1,1,551,0.850236893687,0.760505814748,0.380950691978
1,1,552,0.85914962632,0.799292402916,0.620162019731
1,1,553,0.886875690219,0.811388294589,0.279227453804
1,1,554,0.85956011442,0.78395427632,0.522498828009
1,1,555,0.842703954434,0.758361294286,0.44292339586
1,1,556,0.817886352539,0.704500649574,0.3294734171
1,1,557,0.83261707989,0.741309137588,0.439255951336
1,1,558,0.859386149584,0.77529568153,0.442362826219
1,1,559,0.85806004477,0.776441519407,0.386804026436
1,1,560,0.887309970507,0.820908627402,0.368085586532
1,1,561,0.858802778003,0.771082273801,0.429241964717
1,1,562,0.861807216986,0.768538952022,0.197403572743
1,1,563,0.861651780981,0.778084114293,0.389826547744
1,1,564,0.864886394784,0.778105190452,0.36604976017
1,1,565,0.842782765901,0.753046343802,0.40805245113
1,1,566,0.862564335839,0.778789931186,0.345100539463
1,1,567,0.864965013236,0.774095732063,0.25076045439
1,1,568,0.859971043053,0.784511007326,0.564269022253
1,1,569,0.865646193907,0.785203407201,0.242126669951
1,1,570,0.858985950413,0.770039199441,0.369097537945
1,1,571,0.84233234714,0.753628898442,0.415619449559
1,1,572,0.856007784822,0.776364085893,0.430528491822
1,1,573,0.876090855533,0.802019293867,0.568343489617
1,1,574,0.847036768525,0.743141655676,0.316928436046
1,1,575,0.867379043627,0.799762137869,0.568279734305
1,1,576,0.861204931864,0.772474075417,0.154266351843
1,1,577,0.888899765926,0.824861468673,0.714879330275
1,1,578,0.858620286249,0.771618363744,0.322552178826
1,1,579,0.86626608089,0.790441544011,0.483214266894
1,1,580,0.860269815516,0.797836977142,0.697315415428
1,1,581,0.82240079335,0.746224402127,0.66448232715
1,1,582,0.88510349651,0.805397433046,0.420289847726
1,1,583,0.854964777292,0.767150768701,0.377742911268
1,1,584,0.864213926835,0.783845721163,0.302377841244
1,1,585,0.810911111908,0.7155735964,0.268591687668
1,1,586,0.806221875454,0.708493781194,0.361601384483
1,1,587,0.781595457004,0.677504297324,0.272782904131
1,1,588,0.838143417042,0.754817899786,0.540092380448
1,1,589,0.859010282944,0.786751821663,0.604285651353
1,1,590,0.854528453324,0.758446365684,0.334228834189
1,1,591,0.824082968256,0.735216294551,0.513207910388
1,1,592,0.833633620107,0.718720059783,0.330436126186
1,1,593,0.836544748812,0.761548896295,0.537055181103
1,1,594,0.849411995201,0.772598222561,0.610832574632
1,1,595,0.884643333692,0.812270080951,0.516407806345
1,1,596,0.828616905193,0.747914065541,0.443627603983
1,1,597,0.766475559139,0.65735754745,0.173334765389
1,1,598,0.84793029168,0.733691564756,0.240908050264
1,1,599,0.858420644041,0.780010855156,0.361562153823
1,1,600,0.832278179287,0.731262163819,0.26640603996
1,1,601,0.854184256752,0.772329257734,0.503780169588
1,1,602,0.856393350519,0.778746113878,0.326498244775
1,1,603,0.815454402471,0.701521194853,0.149342295038
1,1,604,0.854564230104,0.761111350114,0.269349666756
1,1,605,0.872547835426,0.792007378514,0.425442023963
1,1,606,0.87606773514,0.793000109339,0.286574218665
1,1,607,0.836648711242,0.745411190974,0.477697918649
1,1,608,0.870134792876,0.791094947963,0.227031080999
1,1,609,0.865698677126,0.789073465206,0.392729217468
1,1,610,0.84042155066,0.748620488667,0.308747899207
1,1,611,0.858130020809,0.769153852512,0.225043363924
1,1,612,0.866943675399,0.788985013644,0.48562931693
1,1,613,0.851117557322,0.773360435627,0.457451700849
1,1,614,0.845062299751,0.744176877597,0.275951711731
1,1,615,0.800861411046,0.705827180237,0.404207246368
1,1,616,0.882153480071,0.832479873492,0.755250212086
1,1,617,0.86230053787,0.784403160497,0.489865252399
1,1,618,0.843704475264,0.741480241897,0.316168358301
1,1,619,0.854194949541,0.772557901767,0.358203788092
1,1,620,0.838405186634,0.755277427092,0.546737872675
1,1,621,0.865367616012,0.782071373498,0.345705265929
1,1,622,0.873722311245,0.791119008603,0.377319583286
1,1,623,0.817075962539,0.704022992686,0.1816876129
1,1,624,0.879477422125,0.804662547307,0.368001292403
1,1,625,0.884071223781,0.825776044975,0.670942725387
1,1,626,0.856948190306,0.767355539901,0.349009999819
1,1,627,0.800052822799,0.687892387398,0.202761466459
1,1,628,0.809624053586,0.70936751948,0.262146461729
1,1,629,0.84110202553,0.740790720574,0.396835026112
1,1,630,0.864751658146,0.777219788483,0.391290259221
1,1,631,0.891707783343,0.824501511201,0.605728294216
1,1,632,0.815380859375,0.708186872322,0.3734515551
1,1,633,0.850242802636,0.752048091255,0.351572841372
1,1,634,0.877782428075,0.831206745719,0.922149198344
1,1,635,0.872094906049,0.784937821266,0.267460607942
1,1,636,0.883971672857,0.828313638962,0.75704808006
1,1,637,0.875654296875,0.832431569988,0.804405717855
1,1,638,0.850769869005,0.775686332121,0.544150950716
1,1,639,0.850685764104,0.761508570523,0.339087110933
1,1,640,0.875114253251,0.791284599758,0.313605536953
1,1,641,0.876757544582,0.805212787801,0.619871446943
1,1,642,0.841627292588,0.756264416762,0.423510474475
1,1,643,0.876144219374,0.790077556958,0.195701908145
1,1,644,0.835550907796,0.724639662454,0.283052884449
1,1,645,0.85393509031,0.783305554352,0.491204487151
1,1,646,0.857906376273,0.772976279829,0.420089200796
1,1,647,0.851553734536,0.762280779917,0.372522786746
1,1,648,0.790568997682,0.704458213902,0.445373584532
1,1,649,0.873009179687,0.799085387513,0.441460572791
1,1,650,0.850249287749,0.750563246479,0.305755787954
1,1,651,0.838861470766,0.74494040617,0.365841275047
1,1,652,0.858565339952,0.774347408778,0.379920862932
1,1,653,0.853068811189,0.754693263477,0.142739531739
1,1,654,0.854053158123,0.76629020676,0.420052489808
1,1,655,0.848359792391,0.743706664169,0.184018378995
1,1,656,0.853033786572,0.765693073297,0.314997378324
1,1,657,0.865035817711,0.782970866027,0.536011423923
1,1,658,0.844428292259,0.769029930115,0.52328564191
1,1,659,0.857861670188,0.77188067091,0.479169538709
1,1,660,0.860812016657,0.774343359798,0.380621226033
1,1,661,0.801267541874,0.704923743378,0.345626153903
1,1,662,0.851940155029,0.763178661087,0.401144849964
1,1,663,0.8248828125,0.733144067691,0.397923302259
1,1,664,0.827888379842,0.72368838431,0.291330841059
1,1,665,0.801591135934,0.685635217748,0.187614045766
1,1,666,0.838946584064,0.760260332632,0.415929269251
1,1,667,0.829082927769,0.73236656191,0.306300964458
1,1,668,0.859932276518,0.779731764738,0.470053754498
1,1,669,0.844145801751,0.748742123568,0.283293524971
1,1,670,0.85774149961,0.778093764637,0.533992669654
1,1,671,0.865966666667,0.807333943728,0.747358669342
1,1,672,0.850440492021,0.760061254475,0.278527316599
1,1,673,0.812000976459,0.714846362032,0.283581489195
1,1,674,0.853907952839,0.770760674345,0.511180344012
1,1,675,0.863883541493,0.76280645429,0.227383477074
1,1,676,0.8413247652,0.759665309897,0.451163223027
1,1,677,0.834352237253,0.761373383618,0.471770492172
1,1,678,0.817715251781,0.714626257841,0.403544888946
1,1,679,0.87188912575,0.788424049357,0.362498229399
1,1,680,0.860069544685,0.787017020617,0.421508174188
1,1,681,0.858767396889,0.761329181657,0.205026666007
1,1,682,0.839398235665,0.726628041744,0.245875864779
1,1,683,0.850353330671,0.782433737926,0.421817713474
1,1,684,0.810559640523,0.693997882313,0.281244015554
1,1,685,0.864476624471,0.793363916791,0.515273411846
1,1,686,0.851351571263,0.789147011004,0.736195128345
1,1,687,0.829972838388,0.730523479772,0.325112258521
1,1,688,0.826850569406,0.726617420683,0.41173327048
1,1,689,0.875089847239,0.788720025252,0.259702442398
1,1,690,0.873336244681,0.786062668531,0.225288988144
1,1,691,0.825929491226,0.708906179993,0.291013153774
1,1,692,0.84172929282,0.758705429779,0.494713267259
1,1,693,0.817405132298,0.706794046106,0.16472243959
1,1,694,0.814013605442,0.708821011442,0.201029500233
1,1,695,0.779998114808,0.682032298277,0.358294737038
1,1,696,0.867237580727,0.776992078879,0.209945749454
1,1,697,0.798228970707,0.724698343412,0.585887147704
1,1,698,0.82267949827,0.706514563876,0.181566680387
1,1,699,0.878923218164,0.809870480053,0.396837898044
1,1,700,0.839859573319,0.754506550742,0.41679662422
1,1,701,0.859857218184,0.779362191976,0.416484803523
1,1,702,0.837003780718,0.743633252355,0.433663975329
1,1,703,0.860329921226,0.776908549866,0.501633166145
1,1,704,0.794889256198,0.685592179397,0.225793748066
1,1,705,0.825798104638,0.718695558246,0.332665593418
1,1,706,0.866823912549,0.795001151852,0.597772606305
1,1,707,0.813976124885,0.709120952335,0.366091185655
1,1,708,0.82315648795,0.715558424756,0.2546295643
1,1,709,0.876629994144,0.820568880589,0.645818711953
1,1,710,0.806028537455,0.720957782118,0.501466520239
1,1,711,0.841140476874,0.756091550745,0.428665896461
1,1,712,0.866464024953,0.789951815824,0.363339712963
1,1,713,0.857051450939,0.755708207312,0.403252474918
1,1,714,0.828042366691,0.73046722053,0.435110887571
1,1,715,0.802933884298,0.694653115512,0.33083309312
1,1,716,0.85624528702,0.758038660774,0.320311091675
1,1,717,0.885525660189,0.837973794823,0.932329893871
1,1,718,0.764375,0.66150244203,0.322328181927
1,1,719,0.833315058828,0.745976272921,0.448987174708
1,1,720,0.866686779971,0.794773700066,0.448171399991
1,1,721,0.853202690167,0.765651909435,0.342089431466
1,1,722,0.861516946616,0.779587936874,0.44187896428
1,1,723,0.825477891972,0.720532190461,0.285374222263
1,1,724,0.82549382716,0.734339204833,0.378688425762
1,1,725,0.871936084698,0.786954962382,0.196077842383
1,1,726,0.850252675386,0.754001463071,0.482012375955
1,1,727,0.844344397677,0.765483074167,0.528550212192
1,1,728,0.846677211527,0.764374181392,0.320531303393
1,1,729,0.838197150142,0.772340654732,0.656372534858
1,1,730,0.865470202179,0.780227048241,0.410485654905
1,1,731,0.828218936815,0.74627176686,0.495004265643
1,1,732,0.851536911061,0.764266186168,0.510559721685
1,1,733,0.868576767362,0.820275032877,0.899007592282
1,1,734,0.877153337444,0.811793203471,0.495826065925
1,1,735,0.82672129726,0.747694640772,0.524148419233
1,1,736,0.851504895624,0.764840871997,0.363984226797
1,1,737,0.843453554127,0.754374924424,0.312061936858
1,1,738,0.829714937208,0.739024296427,0.416854398387
1,1,739,0.864250617284,0.787462728549,0.573566010468
1,1,740,0.857871581451,0.763234342948,0.42300911175
1,1,741,0.797584339858,0.688762872238,0.276086114271
1,1,742,0.844596836748,0.748674815929,0.308575941851
1,1,743,0.861764705882,0.773845900141,0.470309714007
1,1,744,0.863323741149,0.768966592495,0.298350039823
1,1,745,0.82386122449,0.714225196032,0.295097846301
1,1,746,0.833124685059,0.743342808228,0.284566736371
1,1,747,0.845249868852,0.763143791805,0.50652825151
1,1,748,0.754627981488,0.670465562256,0.345005432458
1,1,749,0.765594963476,0.680288501772,0.436931301879
1,1,750,0.787271103953,0.680337336293,0.284469368716
1,1,751,0.857615073922,0.767424399658,0.462286652311
1,1,752,0.832565510416,0.738731619845,0.278646442712
1,1,753,0.848393887416,0.751110736465,0.252266000435
1,1,754,0.880353556238,0.804368480612,0.552412723894
1,1,755,0.876876343868,0.792503248394,0.271268948134
1,1,756,0.800423796365,0.68947785664,0.219408424995
1,1,757,0.79209157128,0.678577294356,0.229614454222
1,1,758,0.817530864198,0.722361114752,0.40836302493
1,1,759,0.838539932362,0.737406380044,0.194605181957
1,1,760,0.783196072863,0.682767856439,0.335417885993
1,1,761,0.806892566478,0.707151424305,0.292932036277
1,1,762,0.854440394168,0.76608790307,0.437036719411
1,1,763,0.812454346238,0.725189870033,0.48089726307
1,1,764,0.867077622503,0.796307999163,0.600158651784
1,1,765,0.835725044063,0.76703533587,0.739848335152
1,1,766,0.809171773666,0.720789483849,0.503085241113
1,1,767,0.854910750873,0.754994704395,0.311128176895
1,1,768,0.830719716214,0.754235233206,0.489710621015
1,1,769,0.846814493126,0.764518853279,0.442468258771
1,1,770,0.824524511504,0.742163501949,0.521232988056
1,1,771,0.84292123461,0.756174659895,0.305303526493
1,1,772,0.834215674435,0.73795729693,0.231935726032
1,1,773,0.865838860054,0.783891534844,0.482401172132
1,1,774,0.852788888889,0.784401076535,0.596192681175
1,1,775,0.815607490202,0.708119845181,0.194052579653
1,1,776,0.80218568909,0.732488548245,0.553446775858
1,1,777,0.791470706799,0.673976285935,0.0914578112404
1,1,778,0.795954310728,0.674697408617,0.23016381654
1,1,779,0.833460306159,0.725706241495,0.240349973755
1,1,780,0.84809999913,0.759621438691,0.443693742988
1,1,781,0.792529585799,0.686174740063,0.358054962986
1,1,782,0.850260570519,0.752334359598,0.275794459179
1,1,783,0.734277445369,0.627951189064,0.232100763156
1,1,784,0.888790096297,0.81892077716,0.479390625527
1,1,785,0.805418507764,0.706147176757,0.245366629894
1,1,786,0.872095897182,0.808206592024,0.587169455945
1,1,787,0.838659604308,0.741224570736,0.278472699684
1,1,788,0.849905199655,0.788025927544,0.766716968986
1,1,789,0.915971113369,0.884635784467,0.916973285379
1,1,790,0.834402284934,0.741537839745,0.292506306568
1,1,791,0.8266678841,0.737691005429,0.396275924831
1,1,792,0.731189276061,0.612717901675,0.196472688865
1,1,793,0.839454778347,0.752062012661,0.45358802218
1,1,794,0.779834862939,0.681103996046,0.288851707686
1,1,795,0.837963624925,0.751465144368,0.46492084884
1,1,796,0.823087232679,0.725091600184,0.393546957181
1,1,797,0.805929547171,0.697251925332,0.198961999223
1,1,798,0.871633401122,0.789203648575,0.320536842414
1,1,799,0.841586888658,0.744166401507,0.399089222008
1,1,800,0.836713737282,0.740439891525,0.360698841957
1,1,801,0.859623507805,0.794927542353,0.686085657637
1,1,802,0.817108777105,0.730117090342,0.362689629856
1,1,803,0.832659890252,0.730362461697,0.321866350121
1,1,804,0.765398286813,0.647004102782,0.211373993387
1,1,805,0.826761447949,0.744113539586,0.582011110796
1,1,806,0.871326905418,0.807252705565,0.614010260423
1,1,807,0.834605672209,0.755210943543,0.473520690604
1,1,808,0.843180171477,0.723521286086,0.219452732773
1,1,809,0.829890894524,0.739397912596,0.431332388948
1,1,810,0.889016577828,0.815519801724,0.593462145234
1,1,811,0.838644014491,0.756635236967,0.503785850946
1,1,812,0.81307592289,0.707410377917,0.326192987714
1,1,813,0.813668368718,0.711249993443,0.261604450716
1,1,814,0.810516784002,0.7116546177,0.369808265608
1,1,815,0.835590441871,0.746495174078,0.432884366663
1,1,816,0.863487104666,0.787255029432,0.521514385737
1,1,817,0.827679102259,0.735566783525,0.458702000172
1,1,818,0.806813570327,0.712732898912,0.432539002846
1,1,819,0.870565828402,0.795711347752,0.582900498247
1,1,820,0.833518591559,0.729295091191,0.273485760185
1,1,821,0.854882151655,0.754941441321,0.305480420854
1,1,822,0.825407672731,0.719956821184,0.430909565495
1,1,823,0.878516812077,0.843015826424,0.87514704095
1,1,824,0.877451110639,0.813078499548,0.674815979334
1,1,825,0.796328903995,0.682341973932,0.195124960042
1,1,826,0.829025382897,0.749583095539,0.44682442659
1,1,827,0.840327700887,0.737897262659,0.33564469655
1,1,828,0.885103264343,0.812062249795,0.546418714834
1,1,829,0.839925667912,0.743649396931,0.398341046327
1,1,830,0.835414895125,0.728161000231,0.318359926597
1,1,831,0.814881186634,0.714500989821,0.2379255791
1,1,832,0.870140540307,0.786488339406,0.3975852582
1,1,833,0.877469636574,0.804718525288,0.551099646468
1,1,834,0.841568079547,0.776347645864,0.704148771929
1,1,835,0.8387725,0.748073798131,0.263862421224
1,1,836,0.872146886807,0.818580405152,0.754167085548
1,1,837,0.867891468474,0.823705093806,0.8481790888
1,1,838,0.756279726516,0.652939292157,0.305634230256
1,1,839,0.83848,0.729080263685,0.262348885659
1,1,840,0.851772077716,0.752236631928,0.244197082822
1,1,841,0.810185185185,0.725649706437,0.540132906637
1,1,842,0.814959395857,0.710526427682,0.281213602472
1,1,843,0.815578231293,0.72621098472,0.468150692104
1,1,844,0.796825593651,0.68292898129,0.123010199118
1,1,845,0.827159526979,0.746156193701,0.524444757934
1,1,846,0.83224998668,0.732976852607,0.388215396547
1,1,847,0.867359798362,0.782517333437,0.481522357721
1,1,848,0.814130180133,0.701853151433,0.248534818277
1,1,849,0.77997844985,0.669132235234,0.220597007158
1,1,850,0.837096811514,0.738171656549,0.142691522464
1,1,851,0.86850999359,0.800323642953,0.626294963863
1,1,852,0.829429771064,0.745396554242,0.354787637604
1,1,853,0.857866551637,0.783682969993,0.512756940709
1,1,854,0.835341108121,0.717009084846,0.273088174761
1,1,855,0.89146,0.811991216908,0.431467019018
1,1,856,0.833163590691,0.739179195913,0.269064968552
1,1,857,0.816528944485,0.713887974777,0.302365080392
1,1,858,0.854077390062,0.761271881785,0.439721242295
1,1,859,0.824830368728,0.765158657447,0.674458821395
1,1,860,0.854701744927,0.769519609484,0.499637081554
1,1,861,0.824308012487,0.72462313705,0.370317016029
1,1,862,0.728298611111,0.610813500252,0.1773625338
1,1,863,0.842780444444,0.768769839348,0.637170419043
1,1,864,0.872095872954,0.81882945817,0.736226542802
1,1,865,0.828789011732,0.747242874797,0.551930566318
1,1,866,0.795682399363,0.689168785083,0.266155957564
1,1,867,0.838439532495,0.767290120542,0.610721759311
1,1,868,0.774433097936,0.659793847529,0.140167262045
1,1,869,0.77898495452,0.663737807966,0.132236273772
1,1,870,0.841777381188,0.764344188182,0.502361171921
1,1,871,0.865785089546,0.764386861944,0.330462229677
1,1,872,0.851467643608,0.761914192468,0.495018245157
1,1,873,0.748538446294,0.635349133011,0.216822622723
1,1,874,0.839557420601,0.761438213048,0.530126138943
1,1,875,0.81191856796,0.709543079181,0.240513999278
1,1,876,0.815260416667,0.702445366181,0.328908143489
1,1,877,0.809070450311,0.702047953271,0.172910933236
1,1,878,0.829810430758,0.722718965427,0.416484438269
1,1,879,0.848593178768,0.767117611037,0.514417557084
1,1,880,0.814233896684,0.708527526371,0.329034556091
1,1,881,0.882906000243,0.817173462953,0.64826960153
1,1,882,0.771919414338,0.671700257685,0.265259666235
1,1,883,0.809983627919,0.714371731956,0.328651882695
1,1,884,0.82080078125,0.724376767073,0.336091575801
1,1,885,0.855927539813,0.781060282309,0.577440469199
1,1,886,0.807941305467,0.708838929217,0.367268425557
1,1,887,0.823211637596,0.749663730124,0.610104556604
1,1,888,0.822319368433,0.719518755914,0.337664310232
1,1,889,0.794378799262,0.682898161475,0.30872085018
1,1,890,0.863267587114,0.765270268178,0.395004232549
1,1,891,0.771120293848,0.65873994807,0.15476592082
1,1,892,0.824296179259,0.739797756552,0.548826779678
1,1,893,0.813952091011,0.747920756418,0.640290823955
1,1,894,0.853819444444,0.775677151368,0.558451626616
1,1,895,0.863060404682,0.762098359436,0.370120261349
1,1,896,0.852917243767,0.770319146065,0.425968418469
1,1,897,0.762176870748,0.637023134345,0.19662676083
1,1,898,0.805340236686,0.702328517283,0.339566595689
1,1,899,0.795772367017,0.712695104851,0.443748640382
1,1,900,0.807067871094,0.703901933034,0.267288503712
1,1,901,0.813190383366,0.710241853406,0.320603670704
1,1,902,0.810910059401,0.731427199482,0.499437531564
1,1,903,0.836374095989,0.735354263767,0.412819053736
1,1,904,0.826385012983,0.746183856181,0.552107184531
1,1,905,0.76747471743,0.671307758816,0.359148160508
1,1,906,0.865212427138,0.803032023616,0.673113635312
1,1,907,0.823828442052,0.708450296189,0.257358528402
1,1,908,0.814108370185,0.711414707346,0.362535244208
1,1,909,0.771803421623,0.656293723032,0.12899778393
1,1,910,0.82021382021,0.730138063727,0.519533905697
1,1,911,0.778931180315,0.665809414977,0.285037983088
1,1,912,0.782335600907,0.677269825555,0.334085848411
1,1,913,0.796484781478,0.674157158427,0.195347425495
1,1,914,0.832641381214,0.759628254971,0.579594283138
1,1,915,0.862735969576,0.79868595718,0.624154996607
1,1,916,0.826992237183,0.73506664609,0.443474291171
1,1,917,0.862539536782,0.791425571444,0.613060286952
1,1,918,0.823927137587,0.710455334708,0.310182937342
1,1,919,0.817961165049,0.744362948,0.550327152448
1,1,920,0.79126880787,0.683381845779,0.31459755844
1,1,921,0.797071005917,0.688213360758,0.296110857431
1,1,922,0.814884922781,0.705973002783,0.350923754521
1,1,923,0.84944058642,0.769194731158,0.516922933894
1,1,924,0.753767651596,0.653867950171,0.293777544346
1,1,925,0.781417377504,0.66577364382,0.253360774473
1,1,926,0.82880903914,0.732170163588,0.404117130994
1,1,927,0.86155535838,0.822198665095,0.8608568147
1,1,928,0.8031,0.713540904828,0.474477563724
1,1,929,0.762714995969,0.630955120575,0.131680869064
1,1,930,0.885731009365,0.801529098549,0.519778331853
1,1,931,0.83554402153,0.729969482601,0.343565946799
1,1,932,0.87873108427,0.811693894247,0.589759910927
1,1,933,0.806279919375,0.711461341858,0.393310945616
1,1,934,0.852715478027,0.787666304442,0.662269510988
1,1,935,0.89749238904,0.821681775451,0.541422148278
1,1,936,0.823051182958,0.759949803839,0.661709511923
1,1,937,0.800096100192,0.703607208245,0.405716484903
1,1,938,0.833307684416,0.777269559221,0.719778347725
1,1,939,0.786979166667,0.673919727933,0.294507636143
1,1,940,0.823992698756,0.722979326484,0.337783298966
1,1,941,0.824184303351,0.73042758335,0.417926402743
1,1,942,0.765414201183,0.647377508218,0.166732538684
1,1,943,0.861050199702,0.768966389058,0.365595253769
1,1,944,0.831075,0.754579850592,0.586046507307
1,1,945,0.786336512334,0.689561360356,0.35451588659
1,1,946,0.856973570813,0.769385731215,0.519279155813
1,1,947,0.787809917355,0.710092926198,0.482614895757
1,1,948,0.808002895968,0.725860097113,0.524554302732
1,1,949,0.811687242798,0.741174003652,0.589076814413
1,1,950,0.818988334477,0.712517966017,0.34411989339
1,1,951,0.862664316507,0.780804897038,0.488145698064
1,1,952,0.775709303422,0.682356352562,0.425267056805
1,1,953,0.834835640138,0.746394406468,0.45613420638
1,1,954,0.850479224059,0.756262444712,0.432167107467
1,1,955,0.844674556213,0.778697374548,0.613723204585
1,1,956,0.765040939836,0.656628706077,0.253586265938
1,1,957,0.806758757925,0.694800812932,0.301490575807
1,1,958,0.82328110858,0.728709470414,0.366113889393
1,1,959,0.806329433549,0.705808103911,0.386616938676
1,1,960,0.876964388697,0.810668877717,0.69820653665
1,1,961,0.800337774442,0.710458804568,0.371740509768
1,1,962,0.746550604659,0.63796675455,0.259935813627
1,1,963,0.806464875871,0.683567057738,0.32565760927
