0,1,0,0.833681890755,0.907234435701,1.0
1,0,0,0.988535760222,0.986883196711,1.0
0,0,0,0.864737310486,0.854699714369,0.855534916786
1,1,0,0.859767842773,0.795022128415,0.364921288269
1,1,1,0.859806900946,0.785133165823,0.282905802715
1,1,2,0.853820239334,0.773220267673,0.451929608709
1,1,3,0.859735835124,0.786575295236,0.288992436924
1,1,4,0.875042486605,0.805320738297,0.397909839697
1,1,5,0.85370443681,0.775123823949,0.303549141684
1,1,6,0.841095966369,0.760107737875,0.178115179549
1,1,7,0.869675764846,0.798068022241,0.131099925496
1,1,8,0.865584666762,0.792379946256,0.376982755622
1,1,9,0.857785509854,0.780651097531,0.338061434975
1,1,10,0.843072148894,0.751688363995,0.410083131031
1,1,11,0.8385630302,0.748849355688,0.276499587257
1,1,12,0.850113849409,0.773719409651,0.177811032486
1,1,13,0.852660474802,0.762514561369,0.310937643296
1,1,14,0.867851944515,0.788026805959,0.128147013609
1,1,15,0.866970637119,0.790489291136,0.305650717255
1,1,16,0.865625733644,0.795047304792,0.311523329561
1,1,17,0.843988459416,0.751678661712,0.217536875361
1,1,18,0.846554393802,0.767522546989,0.331423463334
1,1,19,0.859485277962,0.775018128723,0.242669447142
1,1,20,0.884171586814,0.806952759827,0.23944816807
1,1,21,0.842808533639,0.765197728602,0.427592988347
1,1,22,0.857475524069,0.778154460568,0.0402915191367
1,1,23,0.857653666521,0.782681332072,0.31932089687
1,1,24,0.856438278085,0.779100018567,0.239931857448
1,1,25,0.858619170142,0.789073319022,0.330897539104
1,1,26,0.864601822758,0.79070868528,0.115769791846
1,1,27,0.831717336377,0.74172891377,0.249474523692
1,1,28,0.861467185339,0.788888517674,0.19905523948
1,1,29,0.861854356557,0.796563558789,0.348619480482
1,1,30,0.855611400558,0.782384966947,0.296206536057
1,1,31,0.875522109447,0.801606795575,0.215256818457
1,1,32,0.873805256344,0.806507964532,0.209489020766
1,1,33,0.863771314789,0.783810306537,0.0446808340087
1,1,34,0.877903938607,0.811613761116,0.543166944171
1,1,35,0.858339135023,0.777752280984,0.249420005956
1,1,36,0.875554161404,0.801905098009,0.235425787587
1,1,37,0.853375056892,0.769865221369,0.216824592819
1,1,38,0.855011551275,0.774917325791,0.433725520542
1,1,39,0.857087964702,0.777166433639,0.256117812367
1,1,40,0.817583797888,0.705656933515,0.194608373373
1,1,41,0.863978676749,0.774561289938,0.0743723338691
1,1,42,0.824807234092,0.717135719024,0.237737835261
1,1,43,0.833615754188,0.732002291443,0.205721107211
1,1,44,0.844350791999,0.769256281619,0.503561320351
1,1,45,0.845758266253,0.75822698381,0.329410898902
1,1,46,0.870219329135,0.802630784709,0.325112742496
1,1,47,0.843372611733,0.757041456024,0.293895018556
1,1,48,0.846311167688,0.766035717595,0.505899251699
1,1,49,0.862929166667,0.777343187541,0.290642002761
1,1,50,0.869398801886,0.788530981391,0.26833204039
1,1,51,0.857306178315,0.783863750918,0.525836076578
1,1,52,0.871057730045,0.801892537358,0.489638155112
1,1,53,0.856542512783,0.786475156937,0.344346931718
1,1,54,0.848603562002,0.761284829087,0.10727638603
1,1,55,0.80678311022,0.699346223725,0.259729377725
1,1,56,0.876221972183,0.808875078686,0.144030270958
1,1,57,0.847762153405,0.770607402481,0.589193190981
1,1,58,0.813646427769,0.710038396976,0.236225879154
1,1,59,0.853826499867,0.777251187807,0.551858942189
1,1,60,0.858515411864,0.780155815847,0.459629293307
1,1,61,0.869096521546,0.780759364388,0.17465995968
1,1,62,0.807393945574,0.732398590501,0.66207497992
1,1,63,0.841550103187,0.767588558677,0.495560656482
1,1,64,0.858109819056,0.773949755081,0.14538146447
1,1,65,0.844546725416,0.767669224209,0.403347961257
1,1,66,0.85215243859,0.76372403179,0.184416590752
1,1,67,0.878403551274,0.811531043141,0.485836417343
1,1,68,0.859029806055,0.782436539411,0.243553397303
1,1,69,0.865652377353,0.779866738093,0.0374729293165
1,1,70,0.842305610831,0.747179172011,0.222752917239
1,1,71,0.885164323151,0.815055640894,0.291906897865
1,1,72,0.855635457458,0.764695750839,0.326333604573
1,1,73,0.867749516178,0.792882342366,0.202333429496
1,1,74,0.85909424978,0.790036012586,0.568517258043
1,1,75,0.84742105281,0.766230319442,0.382515857142
1,1,76,0.852228887892,0.767724492548,0.113705733847
1,1,77,0.852157134794,0.773771954087,0.191644210891
1,1,78,0.860618719978,0.790513491591,0.246680961404
1,1,79,0.85068088915,0.757942312622,0.275779316994
1,1,80,0.842098583752,0.760874546519,0.411177765786
1,1,81,0.815732947774,0.712145527515,0.28631286999
1,1,82,0.871946482111,0.803106926129,0.154817885538
1,1,83,0.83953574245,0.747861210934,0.291350586895
1,1,84,0.798558185365,0.710402215718,0.428301803118
1,1,85,0.874996778435,0.80554015304,0.287049141949
1,1,86,0.871664649805,0.798042916702,0.305713877849
1,1,87,0.86443665912,0.791649392635,0.176206318169
1,1,88,0.845174719241,0.751548221459,0.153480803776
1,1,89,0.882645035617,0.815891220497,0.439900742678
1,1,90,0.840286763893,0.735301974786,0.0978354126536
1,1,91,0.872792211274,0.799524297212,0.147657582083
1,1,92,0.834221733941,0.732821518874,0.389923520318
1,1,93,0.866434125571,0.790984224132,0.26495271152
1,1,94,0.835685603807,0.747988246856,0.304919480603
1,1,95,0.846789064627,0.753680093341,0.38845161002
1,1,96,0.862766786068,0.784502238649,0.432941234993
1,1,97,0.884732635225,0.815752073745,0.38319107512
1,1,98,0.860283266746,0.780040626969,0.243225171595
1,1,99,0.846451755077,0.766815269696,0.216628122294
1,1,100,0.846257986536,0.765188916928,0.327183608561
1,1,101,0.854286539294,0.774578700511,0.409279512028
1,1,102,0.843367798432,0.763797420492,0.478149838919
1,1,103,0.862187950228,0.789322864844,0.160006821464
1,1,104,0.863842191232,0.779370600721,0.407569592754
1,1,105,0.814821209154,0.721038485154,0.294674392097
1,1,106,0.867558033903,0.787306033778,0.379042507112
1,1,107,0.800144137651,0.70486579546,0.39723387247
1,1,108,0.868503596933,0.797582939821,0.430751879814
1,1,109,0.846517841313,0.771081192084,0.554659256663
1,1,110,0.823352411413,0.757838255076,0.635319577445
1,1,111,0.836949520048,0.74157305607,0.165756091
1,1,112,0.85717215019,0.782386994211,0.242898768149
1,1,113,0.822452962589,0.721194319533,0.412939756064
1,1,114,0.855715135852,0.770250382787,0.210878297614
1,1,115,0.831345468193,0.754346799653,0.633096603554
1,1,116,0.862041800166,0.773482577278,0.142216664645
1,1,117,0.843972200059,0.745841863409,0.112948566829
1,1,118,0.86764719043,0.797139824362,0.425211076418
1,1,119,0.839638787188,0.763327348855,0.612066562474
1,1,120,0.862450694432,0.788804552335,0.373442004278
1,1,121,0.84755114817,0.768818856584,0.519488658678
1,1,122,0.87423368961,0.801318252583,0.427932092302
1,1,123,0.867979217053,0.781272263278,0.354937663268
1,1,124,0.843481870154,0.7585115982,0.429173673126
1,1,125,0.798484758979,0.708935780568,0.453892150105
1,1,126,0.853368197766,0.764949180944,0.232331410972
1,1,127,0.845920029789,0.752459550392,0.192326431797
1,1,128,0.869549743268,0.786498338496,0.194961993065
1,1,129,0.889846673322,0.824661107521,0.737767191168
1,1,130,0.859547428423,0.785838085906,0.371564905275
1,1,131,0.8309578478,0.739576066014,0.321402833254
1,1,132,0.785896388703,0.661695632967,0.148553661564
1,1,133,0.859181378892,0.795398565972,0.32478491412
1,1,134,0.860610766899,0.778017329061,0.158153782475
1,1,135,0.865666825525,0.786207889255,0.374691413647
1,1,136,0.866944067156,0.790422363294,0.127500646834
1,1,137,0.864404417413,0.786180991613,0.125996684904
1,1,138,0.87068481076,0.797189017559,0.190508036342
1,1,139,0.865102557094,0.791984728293,0.0678282240747
1,1,140,0.822866422375,0.737541020277,0.445132287145
1,1,141,0.840616469846,0.754983215304,0.208372973215
1,1,142,0.805247879549,0.69882303835,0.246191053147
1,1,143,0.857451464767,0.775666264472,0.1993605453
1,1,144,0.851226756471,0.757370153362,0.216360098558
1,1,145,0.870155297735,0.797695509278,0.478495394679
1,1,146,0.850898613281,0.773550408941,0.298854670952
1,1,147,0.865993855361,0.793792633735,0.480706617973
1,1,148,0.862166931523,0.787398526554,0.48327845946
1,1,149,0.847229783049,0.763024439501,0.21021208839
1,1,150,0.858751109099,0.781629143171,0.432636040738
1,1,151,0.867118644068,0.792673456662,0.572823656754
1,1,152,0.866562074533,0.791928854065,0.0647648845145
1,1,153,0.869863207182,0.797199812155,0.367455931715
1,1,154,0.799008163265,0.67650251841,0.163870089451
1,1,155,0.86684872649,0.790728271697,0.194558943317
1,1,156,0.851014822342,0.761212821011,0.192077668219
1,1,157,0.877426106022,0.809689018104,0.656432450589
1,1,158,0.869626692142,0.802058443105,0.47322504683
1,1,159,0.844469948451,0.744764861351,0.156864583206
1,1,160,0.859602928928,0.779218027589,0.203455082639
1,1,161,0.844298802689,0.744341178029,0.353261289068
1,1,162,0.852223845533,0.768120483203,0.387601459741
1,1,163,0.877127117545,0.807994837159,0.386063489556
1,1,164,0.860241090584,0.782299677259,0.278718737535
1,1,165,0.858893632617,0.780673653909,0.076898861194
1,1,166,0.87110429025,0.808229056093,0.435744889602
1,1,167,0.847252040152,0.753408407223,0.264966491926
1,1,168,0.868204604972,0.79108297623,0.293883998123
1,1,169,0.870099693623,0.800935564535,0.422725386493
1,1,170,0.865857235881,0.789197204922,0.224077466996
1,1,171,0.853813232476,0.778317585636,0.239498691895
1,1,172,0.880964918461,0.813586597615,0.439439534653
1,1,173,0.863433696606,0.793663300166,0.205746321153
1,1,174,0.862304210787,0.783179150177,0.143486739311
1,1,175,0.858698691255,0.771806895987,0.349778318583
1,1,176,0.869442469005,0.793187327454,0.140358916186
1,1,177,0.87153824162,0.807241075988,0.417036003287
1,1,178,0.785431336927,0.688079919966,0.318790975601
1,1,179,0.845817350006,0.748241295798,0.125055763511
1,1,180,0.864421929192,0.781502167453,0.362584253297
1,1,181,0.858775584686,0.772626439437,0.0819210362251
1,1,182,0.864749420197,0.790612203253,0.204905598244
1,1,183,0.842676389911,0.744714599718,0.184643295282
1,1,184,0.853552916102,0.775579043817,0.180909757524
1,1,185,0.86654722283,0.788200302421,0.124982954049
1,1,186,0.82441325889,0.712221528727,0.210992901424
1,1,187,0.872610963294,0.796049623213,0.402936783853
1,1,188,0.859993739677,0.779005572026,0.283208517491
1,1,189,0.863196453694,0.789541150039,0.112073551982
1,1,190,0.868267042526,0.788324798468,0.272163840273
1,1,191,0.858877911124,0.779422941185,0.29391825275
1,1,192,0.852032298971,0.77476888425,0.525820668545
1,1,193,0.86732307228,0.813816615774,0.714111000835
1,1,194,0.866064822021,0.784348558475,0.348139494196
1,1,195,0.874879969725,0.803843358936,0.475910076826
1,1,196,0.877366595486,0.808636108592,0.315374690783
1,1,197,0.859969454278,0.777063346493,0.255331775112
1,1,198,0.865199211467,0.794411414313,0.253452458506
1,1,199,0.873057705754,0.798553162264,0.150813092557
1,1,200,0.870187948874,0.794461515202,0.469534936788
1,1,201,0.830443239796,0.733269845491,0.237399439948
1,1,202,0.881196797379,0.812274606031,0.247077364206
1,1,203,0.857740626969,0.767547733949,0.229314712054
1,1,204,0.859294363588,0.77825923482,0.38211885
1,1,205,0.81824698559,0.717805994221,0.350227287502
1,1,206,0.842158461532,0.762341968024,0.392053289581
1,1,207,0.875601130376,0.803550747849,0.502480914013
1,1,208,0.828936476199,0.727883252192,0.349403845022
1,1,209,0.877509591812,0.806404390962,0.162993275744
1,1,210,0.871053805881,0.790361266813,0.214563843228
1,1,211,0.89296665636,0.842372133563,0.776578977908
1,1,212,0.875495763399,0.809197921094,0.662384371045
1,1,213,0.848672474626,0.752978306815,0.12035771846
1,1,214,0.860862429944,0.781833872969,0.287393251374
1,1,215,0.875092773229,0.798617826993,0.343157413919
1,1,216,0.852471230043,0.764056036426,0.286536843781
1,1,217,0.85787718579,0.761062458143,0.264727947382
1,1,218,0.817269369752,0.702447909191,0.159226569992
1,1,219,0.862802823039,0.782311964475,0.205747622291
1,1,220,0.864936708659,0.779575160358,0.207009195976
1,1,221,0.846251432561,0.757665927954,0.350010498625
1,1,222,0.835382204067,0.74019609372,0.305748020165
1,1,223,0.783123585333,0.665625744304,0.147428803776
1,1,224,0.825560956137,0.733553393518,0.394444360814
1,1,225,0.854275356328,0.769478631962,0.17194858687
1,1,226,0.86654187703,0.787525325111,0.273360212886
1,1,227,0.821750457899,0.728558693822,0.384886037994
1,1,228,0.86921446768,0.794531630323,0.456030278061
1,1,229,0.845671464178,0.749735523752,0.206886850459
1,1,230,0.834360198715,0.726837249569,0.190516389213
1,1,231,0.80881367724,0.713317404727,0.293658563644
1,1,232,0.881100883872,0.811910168771,0.403929151605
1,1,233,0.813316239316,0.701272654763,0.0622908706706
1,1,234,0.852206161719,0.774698599043,0.340495510888
1,1,235,0.843959723548,0.754204589216,0.368083397628
1,1,236,0.871072858165,0.797798386603,0.191193663661
1,1,237,0.842479176285,0.749301841988,0.320671722745
1,1,238,0.841716831616,0.739044604539,0.336947815098
1,1,239,0.881388110293,0.808265190602,0.20246938309
1,1,240,0.851347831556,0.776703598188,0.464447808624
1,1,241,0.869725499807,0.803137684203,0.522409621938
1,1,242,0.858822117082,0.760764121163,0.163830446351
1,1,243,0.823251493824,0.709177621716,0.148379234225
1,1,244,0.869305299063,0.793030363977,0.367001177271
1,1,245,0.861261856431,0.782242533184,0.265920734235
1,1,246,0.882241041982,0.807248004314,0.204953504739
1,1,247,0.851175947973,0.775614732958,0.16209305044
1,1,248,0.853434956213,0.772379011759,0.297988282757
1,1,249,0.839849310981,0.750431341427,0.23899630787
1,1,250,0.869025203458,0.798273821403,0.623216599269
1,1,251,0.863096496932,0.77212175364,0.24981034396
1,1,252,0.865131965358,0.789878064792,0.27110643756
1,1,253,0.834545201881,0.740321555546,0.398780711354
1,1,254,0.861337517423,0.777397247755,0.307739803084
1,1,255,0.848183246833,0.759315364614,0.431243397379
1,1,256,0.861105540255,0.77642183432,0.268879582113
1,1,257,0.837618025957,0.745375422052,0.26119584605
1,1,258,0.853261441397,0.755640442791,0.201444525114
1,1,259,0.85189179361,0.764966757808,0.235573290461
1,1,260,0.87307554268,0.799721223054,0.560702966808
1,1,261,0.849699646757,0.759494800646,0.299565519381
1,1,262,0.841738714761,0.73405391901,0.198888917943
1,1,263,0.846844455861,0.754196720075,0.0461921186907
1,1,264,0.859238629885,0.787648601855,0.535994628345
1,1,265,0.8633807635,0.788157893802,0.307130447749
1,1,266,0.829165522988,0.723742752669,0.140981866773
1,1,267,0.843747860838,0.752245047154,0.151375899779
1,1,268,0.8500596,0.775350083452,0.223113192903
1,1,269,0.870700185237,0.794226753864,0.317368871614
1,1,270,0.824489265009,0.716758696487,0.21941852846
1,1,271,0.864847678239,0.787051773309,0.222929213904
1,1,272,0.799251232786,0.692255322782,0.157286586016
1,1,273,0.842070451843,0.742400409487,0.336456467403
1,1,274,0.83181981989,0.73371065796,0.223809633231
1,1,275,0.846576513258,0.751884205823,0.275754215639
1,1,276,0.859830563844,0.786943460027,0.385518207308
1,1,277,0.847864149093,0.76220743581,0.313533616095
1,1,278,0.861928418612,0.792278538851,0.290049618415
1,1,279,0.861095178654,0.778591712837,0.216131120877
1,1,280,0.841247733598,0.75462864425,0.34818454616
1,1,281,0.840511972275,0.739776697294,0.269266801358
1,1,282,0.867706828583,0.783587962462,0.156665949049
1,1,283,0.886119898149,0.820535883256,0.306858429599
1,1,284,0.846908744397,0.741433639964,0.102267344389
1,1,285,0.861632053282,0.790328730562,0.259023061266
1,1,286,0.856313264769,0.774487911079,0.341414884107
1,1,287,0.830854299392,0.732394093767,0.202446006445
1,1,288,0.803614143681,0.701253368704,0.329750364293
1,1,289,0.858788096524,0.784500570211,0.404075469701
1,1,290,0.801054170514,0.694157882777,0.32118255104
1,1,291,0.866107144938,0.793352685292,0.259266111988
1,1,292,0.794848494468,0.710333220516,0.526391301176
1,1,293,0.85169433913,0.766621935865,0.418878560941
1,1,294,0.874800233076,0.810058239813,0.403907062591
1,1,295,0.862687096563,0.793196601236,0.133292486499
1,1,296,0.859452413729,0.779814746159,0.149361148436
1,1,297,0.843066314961,0.753511954504,0.369076332549
1,1,298,0.857893373664,0.768831879591,0.14150527961
1,1,299,0.876065142853,0.805770078654,0.282550019285
1,1,300,0.844159838202,0.758804100621,0.53506583398
1,1,301,0.861511069118,0.784011464793,0.155526752995
1,1,302,0.872977327479,0.798738510647,0.37787257221
1,1,303,0.862896414972,0.787872906089,0.421313226869
1,1,304,0.861753495192,0.781257555611,0.311921655111
1,1,305,0.868774100736,0.796794471977,0.10720224428
1,1,306,0.868558811551,0.799079121173,0.550579690005
1,1,307,0.858341085161,0.766508546406,0.297781991604
1,1,308,0.859937944597,0.779755598568,0.211994187178
1,1,309,0.874094363445,0.809758234132,0.4039238143
1,1,310,0.862691333228,0.763062808171,0.169788815748
1,1,311,0.871445676734,0.795963021099,0.148854179505
1,1,312,0.816156286044,0.722863491183,0.281146479648
1,1,313,0.851573108376,0.76111304658,0.225475028012
1,1,314,0.874569132285,0.802531965574,0.266005050201
1,1,315,0.841239518189,0.734462679667,0.218497745323
1,1,316,0.804585520006,0.705589742487,0.247661993305
1,1,317,0.870951644211,0.794507723569,0.172226174937
1,1,318,0.87170702312,0.810733498835,0.593393970618
1,1,319,0.863253699157,0.783872247563,0.15077054108
1,1,320,0.870151611304,0.794793985476,0.565954983303
1,1,321,0.881994670442,0.806467214438,0.195507240816
1,1,322,0.842601310854,0.747006580042,0.128677801194
1,1,323,0.856967150242,0.764426659003,0.0939314457267
1,1,324,0.842699678839,0.749460794571,0.170284343016
1,1,325,0.851426681784,0.754694883033,0.331550985616
1,1,326,0.828611796103,0.742387509982,0.375748292973
1,1,327,0.873690461636,0.797104029744,0.416917662047
1,1,328,0.861319165001,0.768615084462,0.247267193005
1,1,329,0.826611986486,0.73156081119,0.168855682132
1,1,330,0.86608371481,0.775680281774,0.205742516365
1,1,331,0.829789005392,0.732097891217,0.290169119065
1,1,332,0.830882697169,0.734457119727,0.383339624521
1,1,333,0.874130255637,0.802089963679,0.339063139995
1,1,334,0.841513433049,0.748372182563,0.362102567692
1,1,335,0.863727066347,0.790201074529,0.352212369242
1,1,336,0.822327246228,0.719101888318,0.327079971599
1,1,337,0.873937838823,0.80864624156,0.253641294351
1,1,338,0.851372150835,0.770199457672,0.425008328194
1,1,339,0.86658347623,0.794491641805,0.352055646989
1,1,340,0.849581487416,0.760528898052,0.366433766915
1,1,341,0.876608324131,0.811950402886,0.623477121312
1,1,342,0.862407512701,0.78332169583,0.17856207079
1,1,343,0.835373739278,0.758954969504,0.419128904268
1,1,344,0.870645583512,0.799543949453,0.194514972192
1,1,345,0.866119068717,0.789095615626,0.324536731937
1,1,346,0.863884104381,0.795184754498,0.297045724067
1,1,347,0.858995992625,0.775475657553,0.205404237098
1,1,348,0.870774303433,0.79581297867,0.467321538152
1,1,349,0.861016222421,0.783362825237,0.456244033815
1,1,350,0.8194257816,0.724736381783,0.444581950692
1,1,351,0.868745434624,0.809365858062,0.679596766634
1,1,352,0.867256019143,0.795396644185,0.330249638107
1,1,353,0.861841478193,0.776723714514,0.476469147448
1,1,354,0.859339900117,0.769875663201,0.169817829283
1,1,355,0.874307340663,0.792708136227,0.175706275801
1,1,356,0.859447660065,0.790393712649,0.679251633971
1,1,357,0.821166746493,0.713360344373,0.195926749562
1,1,358,0.856819274952,0.772615763722,0.386735059623
1,1,359,0.865924156282,0.778441373785,0.377485564951
1,1,360,0.855375398999,0.755962366265,0.186184456826
1,1,361,0.806876414667,0.716270096187,0.467284404211
1,1,362,0.855879930067,0.773139037415,0.101730456048
1,1,363,0.857214456106,0.778123514997,0.382568051297
1,1,364,0.834216407151,0.74806571603,0.411994582449
1,1,365,0.838582978055,0.745305447473,0.170910162182
1,1,366,0.817618147448,0.717767437167,0.372928067538
1,1,367,0.805316165658,0.755220748478,0.719333191364
1,1,368,0.815511600238,0.727756377037,0.465863771597
1,1,369,0.793468935114,0.677001354996,0.133122221066
1,1,370,0.871393994474,0.804129957177,0.419013662568
1,1,371,0.870745158636,0.783057640433,0.40972731826
1,1,372,0.822596188512,0.717156559356,0.22004346129
1,1,373,0.872513578644,0.806468993522,0.494442536484
1,1,374,0.853965743425,0.771781937428,0.362820786881
1,1,375,0.851983329765,0.766143217725,0.454282450181
1,1,376,0.853372228934,0.771530967465,0.454477224169
1,1,377,0.817168367347,0.698674954842,0.308474918018
1,1,378,0.842855172934,0.761428520748,0.563270332761
1,1,379,0.826259814132,0.744763328075,0.430587717822
1,1,380,0.855107888195,0.762080726816,0.248665110334
1,1,381,0.859445066605,0.783540039939,0.486883272898
1,1,382,0.860468841936,0.773302732872,0.0964994725271
1,1,383,0.85728273479,0.775590010348,0.277452836011
1,1,384,0.863658814118,0.782195305108,0.421014767028
1,1,385,0.863770514168,0.784543461756,0.404447071308
1,1,386,0.873084672326,0.800582283446,0.366985740913
1,1,387,0.877294119478,0.797217026453,0.439565903075
1,1,388,0.850059341613,0.753879669942,0.178979800275
1,1,389,0.857214582923,0.762684349521,0.277428377917
1,1,390,0.852404085868,0.76707807923,0.356007084715
1,1,391,0.855157684894,0.770979891354,0.389706206806
1,1,392,0.845258101144,0.7533794553,0.321380401444
1,1,393,0.870095277589,0.8016426791,0.38171381595
1,1,394,0.827599338414,0.733893861412,0.340318857662
1,1,395,0.85436758937,0.778348483705,0.133424476141
1,1,396,0.868238552099,0.794454260249,0.359557943946
1,1,397,0.861893022428,0.77980044868,0.422724907581
1,1,398,0.855047412531,0.764014174666,0.183426428276
1,1,399,0.859939727814,0.772118254836,0.155318936443
1,1,400,0.800523020909,0.701821691125,0.334396159841
1,1,401,0.812160217885,0.709706519842,0.256559183334
1,1,402,0.845788845798,0.757563036107,0.313392492012
1,1,403,0.862347061728,0.777116916287,0.220480685063
1,1,404,0.876202202813,0.806818896283,0.286205729103
1,1,405,0.855567810243,0.763008564898,0.238854098284
1,1,406,0.880851990784,0.816495022441,0.61383897992
1,1,407,0.85815616032,0.783070605635,0.439813924955
1,1,408,0.855993058054,0.761367049611,0.288741526737
1,1,409,0.763963334985,0.65743981434,0.233440700476
1,1,410,0.829346085639,0.743118904887,0.456740500168
1,1,411,0.851741051016,0.768834433859,0.213335996892
1,1,412,0.876632913462,0.808674630121,0.485661988154
1,1,413,0.868002380364,0.793152847684,0.117075666368
1,1,414,0.855281802282,0.776573582348,0.329432152947
1,1,415,0.841465479221,0.741155169135,0.23339572088
1,1,416,0.831680493319,0.730564195123,0.161674373744
1,1,417,0.837712480801,0.734860192926,0.0702519061921
1,1,418,0.850875471351,0.76293661998,0.178895373627
1,1,419,0.850893686479,0.762738693411,0.419882763468
1,1,420,0.839530936391,0.752755452089,0.318837155368
1,1,421,0.870363220984,0.795520411805,0.35131602015
1,1,422,0.867921351186,0.795855451149,0.239515171325
1,1,423,0.865805898278,0.771780598128,0.31124152899
1,1,424,0.881210501533,0.821163111569,0.453802870347
1,1,425,0.865715675607,0.783667589577,0.11910467327
1,1,426,0.865683507327,0.778370380532,0.241594329566
1,1,427,0.868403982015,0.807526982633,0.690756759976
1,1,428,0.867743846824,0.781503806913,0.358332833721
1,1,429,0.867335774103,0.774412300001,0.214545021538
1,1,430,0.863379236693,0.777921153965,0.303291470907
1,1,431,0.828297325103,0.738155521065,0.425773324092
1,1,432,0.863163471362,0.791477645337,0.555089498753
1,1,433,0.855531212745,0.766310817226,0.322620850295
1,1,434,0.86085932708,0.781888711429,0.439169127392
1,1,435,0.871097626704,0.785900862974,0.205936220201
1,1,436,0.769213802568,0.688641206257,0.515363715361
1,1,437,0.850769393911,0.75697682262,0.296250564012
1,1,438,0.821420481874,0.721023399026,0.182093156008
1,1,439,0.854188496274,0.766519873576,0.221608469957
1,1,440,0.854513517048,0.779279708902,0.431176850072
1,1,441,0.896812182601,0.835443043512,0.35613430736
1,1,442,0.863568421024,0.786765082078,0.461773172967
1,1,443,0.861694281632,0.786573127456,0.251748450023
1,1,444,0.868841806401,0.79308699189,0.283500750382
1,1,445,0.853566335556,0.77570152198,0.479479702687
1,1,446,0.864880975682,0.791134915783,0.298896275131
1,1,447,0.843100046987,0.755094314791,0.452564801655
1,1,448,0.847169658304,0.751931976036,0.471609302147
1,1,449,0.84480040262,0.75127450005,0.418106776092
1,1,450,0.848273422222,0.769725405446,0.318422638444
1,1,451,0.865899615638,0.791895419191,0.549173213924
1,1,452,0.853648393195,0.772522888144,0.606828277792
1,1,453,0.858842490256,0.803718305354,0.740736580887
1,1,454,0.866029200744,0.787896171155,0.472634892018
1,1,455,0.857128827579,0.77643114193,0.273569917511
1,1,456,0.845743087636,0.75810489978,0.39079342314
1,1,457,0.844416109077,0.755717184277,0.192449950766
1,1,458,0.846404112648,0.764235087521,0.441874493102
1,1,459,0.828527716914,0.721191440969,0.084061521266
1,1,460,0.790797011071,0.675620050237,0.2323088053
1,1,461,0.860306566327,0.776284155102,0.307023246434
1,1,462,0.848801425332,0.783572725329,0.643420013397
1,1,463,0.869914339691,0.799899561223,0.699351373699
1,1,464,0.849834553883,0.770212223416,0.362565992148
1,1,465,0.824162319048,0.749296405726,0.624965234198
1,1,466,0.849071331349,0.768595997726,0.181256903106
1,1,467,0.849549296496,0.759605020282,0.258451495569
1,1,468,0.856521473311,0.778755592035,0.262861849152
1,1,469,0.643983083429,0.535213118565,0.0700857631318
1,1,470,0.854268137023,0.766056987596,0.310576055023
1,1,471,0.849705069614,0.778611027801,0.555246420545
1,1,472,0.84072573014,0.761998803333,0.333471688366
1,1,473,0.86610354109,0.805882546671,0.685350931775
1,1,474,0.828705615876,0.741579873383,0.311372110805
1,1,475,0.862878719738,0.775003017632,0.3306633429
1,1,476,0.858717116977,0.768958872465,0.245591311529
1,1,477,0.82024083045,0.718876175529,0.261334869154
1,1,478,0.863073841638,0.778481902253,0.131268068864
1,1,479,0.795935818118,0.708852749403,0.440702048931
1,1,480,0.851419472714,0.761805858306,0.174108648267
1,1,481,0.85036156581,0.769463982812,0.383986888043
1,1,482,0.858728133531,0.777872249334,0.305719376611
1,1,483,0.856084370998,0.774288695954,0.343125429958
1,1,484,0.817802515241,0.712847066562,0.214149336791
1,1,485,0.845241772893,0.74113433091,0.331176129981
1,1,486,0.827780073462,0.760240855891,0.547114503317
1,1,487,0.859749957413,0.786815731309,0.370671989618
1,1,488,0.863823400138,0.79488498991,0.528574752911
1,1,489,0.78925492926,0.676456383641,0.161475778013
1,1,490,0.830788324379,0.734764006972,0.369417065993
1,1,491,0.863179706411,0.78972252307,0.265836316894
1,1,492,0.856494429549,0.777669859453,0.517853007749
1,1,493,0.862154384419,0.781932399664,0.523899241068
1,1,494,0.856688542334,0.786044740909,0.625470482535
1,1,495,0.86771282217,0.782994536185,0.344682172618
1,1,496,0.827073851614,0.723333173244,0.226399115528
1,1,497,0.838789398395,0.74909441565,0.307763215771
1,1,498,0.863530664138,0.787297234637,0.448156407139
1,1,499,0.850346188352,0.768970807066,0.446613682015
1,1,500,0.866532103419,0.800836047178,0.547641384263
1,1,501,0.84001556729,0.748850434431,0.378650962707
1,1,502,0.849788781163,0.778470378632,0.725236465537
1,1,503,0.867273527473,0.801322378646,0.418440543612
1,1,504,0.866523947895,0.783179733592,0.31258207791
1,1,505,0.822675965425,0.713344893362,0.239125100502
1,1,506,0.842401902497,0.760416785598,0.55517186675
1,1,507,0.870276667695,0.792708799025,0.330226423036
1,1,508,0.856043945108,0.792044356151,0.660612910132
1,1,509,0.806871502063,0.708001399422,0.373094098392
1,1,510,0.853195748772,0.770874486948,0.423570765661
1,1,511,0.889687786961,0.833070250613,0.608076707082
1,1,512,0.847428341375,0.766582564774,0.533580553974
1,1,513,0.865530507694,0.791561994492,0.256910425856
1,1,514,0.865103742469,0.790884634765,0.488153345102
1,1,515,0.856265551554,0.775001809361,0.434065799535
1,1,516,0.873921692012,0.790681300713,0.298523977762
1,1,517,0.862858987603,0.789284190554,0.545634518264
1,1,518,0.857623060898,0.775664379359,0.180406671923
1,1,519,0.865805444422,0.78727789792,0.235072449528
1,1,520,0.707314290317,0.5993127135,0.154090141116
1,1,521,0.864436112793,0.783917091859,0.463228693915
1,1,522,0.831260629252,0.758529718435,0.552710411508
1,1,523,0.849906946331,0.765444950011,0.400931746542
1,1,524,0.816075189542,0.715672901916,0.218507440711
1,1,525,0.812235838951,0.702259203829,0.143786083677
1,1,526,0.837801620243,0.762709935301,0.58293711453
1,1,527,0.876835309409,0.795912111116,0.249366407637
1,1,528,0.83201951952,0.723737632086,0.175828313112
1,1,529,0.830938971094,0.721395831116,0.113271845078
1,1,530,0.834997295836,0.745172223631,0.266786755704
1,1,531,0.849562351029,0.751451634021,0.178339330552
1,1,532,0.838042115561,0.744145528823,0.291124834042
1,1,533,0.851196151011,0.780793981135,0.592196126218
1,1,534,0.772233727811,0.657263420669,0.194428818189
1,1,535,0.847547775349,0.752149216495,0.262273660532
1,1,536,0.826215239095,0.728431056238,0.373407316545
1,1,537,0.820983271433,0.704570635604,0.134184960315
1,1,538,0.851471537477,0.765985573915,0.321802412438
1,1,539,0.865296477759,0.767388844466,0.0870333179109
1,1,540,0.831157770567,0.729397866709,0.28700824752
1,1,541,0.867742485735,0.788280726343,0.402343500717
1,1,542,0.8128625,0.707249248859,0.391156990898
1,1,543,0.866129371804,0.793180823686,0.533611493324
1,1,544,0.870920257241,0.788350327386,0.246401413625
1,1,545,0.820012753746,0.716014376028,0.244446753568
1,1,546,0.826592434371,0.727424064401,0.314570779064
1,1,547,0.830885700324,0.746275202153,0.36505415773
1,1,548,0.854650814727,0.767720577368,0.230452853998
1,1,549,0.826961114384,0.74159859379,0.473836195516
1,1,550,0.852711283472,0.769846638163,0.293198530253
1,1,551,0.838398497215,0.75079839812,0.300487037736
1,1,552,0.843983550028,0.775575146611,0.568410329282
1,1,553,0.881167166475,0.807537675674,0.278102780676
1,1,554,0.851589003406,0.776950882691,0.646955398179
1,1,555,0.853679293617,0.771297879854,0.47670818241
1,1,556,0.819946289062,0.70880773808,0.377579126897
1,1,557,0.809540863177,0.705511941716,0.312149682195
1,1,558,0.844372299169,0.751868633962,0.430604132077
1,1,559,0.855758468765,0.768205922554,0.34883551062
1,1,560,0.871923277035,0.806077748461,0.485328667263
1,1,561,0.851793798303,0.762434084926,0.364307481271
1,1,562,0.853638542787,0.759015296329,0.205152661752
1,1,563,0.864869904105,0.785733038325,0.440439688171
1,1,564,0.871535799593,0.786523401281,0.436010443408
1,1,565,0.837312480283,0.748672863995,0.426338389326
1,1,566,0.86297741727,0.781365967196,0.375855143765
1,1,567,0.842120714424,0.737530050022,0.200134049594
1,1,568,0.837243414864,0.756327072855,0.401540306504
1,1,569,0.872001918709,0.801263993148,0.319383583736
1,1,570,0.871768595041,0.789308487163,0.364927174712
1,1,571,0.833533653846,0.73275396907,0.292002953746
1,1,572,0.862052077067,0.791666905769,0.527347887927
1,1,573,0.865037554162,0.781399456957,0.346019358519
1,1,574,0.800843468663,0.688533382902,0.19174188141
1,1,575,0.842275595109,0.755800238172,0.43617327446
1,1,576,0.848204516542,0.7536077063,0.186146816358
1,1,577,0.845461229888,0.763930124462,0.6262759634
1,1,578,0.846606926817,0.757996561408,0.348342484993
1,1,579,0.864436567807,0.797502260889,0.730510034368
1,1,580,0.797698455622,0.689462099066,0.337397543681
1,1,581,0.811083438054,0.724851718612,0.497104233651
1,1,582,0.872303460796,0.790116572558,0.404777727262
1,1,583,0.85314179909,0.759851448988,0.29967090398
1,1,584,0.853369087913,0.77273189075,0.259776388681
1,1,585,0.829814174047,0.739424403352,0.349093613481
1,1,586,0.786770576281,0.683155107177,0.309639400231
1,1,587,0.815997836668,0.717321054556,0.379644215747
1,1,588,0.831604006387,0.747263475017,0.489230562296
1,1,589,0.814981949458,0.72918603502,0.460212804728
1,1,590,0.847686363088,0.747040746061,0.369177237511
1,1,591,0.793957375754,0.694223330823,0.384102637921
1,1,592,0.798072158912,0.675379516087,0.213950928724
1,1,593,0.841848090011,0.765672408674,0.473804620639
1,1,594,0.839201617987,0.753210852523,0.44361737053
1,1,595,0.883133907503,0.810711253279,0.440385001256
1,1,596,0.819716112509,0.738768578368,0.486900889602
1,1,597,0.785489265132,0.674228788957,0.205790895469
1,1,598,0.845062974248,0.75034340372,0.415114688183
1,1,599,0.844714289207,0.75391912421,0.309829768784
1,1,600,0.804113193875,0.691833850423,0.150264020953
1,1,601,0.843386370474,0.749885303893,0.405384199167
1,1,602,0.856083515103,0.774829260079,0.416706547049
1,1,603,0.786135577226,0.663037816938,0.108707592688
1,1,604,0.839183607266,0.734901470744,0.226336002974
1,1,605,0.866326904996,0.791232763549,0.511369323855
1,1,606,0.853602263973,0.760975511791,0.143340401053
1,1,607,0.826661221451,0.738513242397,0.464732013037
1,1,608,0.854331522961,0.771347326309,0.245673096001
1,1,609,0.826618135251,0.731635850537,0.262649161114
1,1,610,0.824277437309,0.724512747699,0.296237098823
1,1,611,0.836015415925,0.738893254303,0.244248614642
1,1,612,0.853475477341,0.768868312569,0.41756731119
1,1,613,0.816435142382,0.725151622004,0.339370642064
1,1,614,0.829021003916,0.721428239814,0.256888934251
1,1,615,0.785594154559,0.682774750003,0.341305683652
1,1,616,0.863010113028,0.798101921725,0.648938200608
1,1,617,0.835743526655,0.74565397748,0.439930874313
1,1,618,0.848846949478,0.746061763063,0.331819036233
1,1,619,0.829848546786,0.73645976377,0.373203590105
1,1,620,0.820354474974,0.734235651072,0.504080000467
1,1,621,0.862227094205,0.779299946983,0.320926182034
1,1,622,0.864597982845,0.776719033031,0.287039361608
1,1,623,0.823673257024,0.715432753327,0.202622689503
1,1,624,0.870602700383,0.795609749011,0.274160178576
1,1,625,0.856177757658,0.784389125368,0.583457777409
1,1,626,0.846087255575,0.756440394902,0.266693929933
1,1,627,0.796915663892,0.683215854954,0.205558403012
1,1,628,0.808700457136,0.709938335717,0.285993307956
1,1,629,0.827167730408,0.723605086443,0.377553552523
1,1,630,0.858129982884,0.769226443879,0.403465293726
1,1,631,0.861856701831,0.783126473007,0.537791695978
1,1,632,0.812900390625,0.713781348955,0.453494012214
1,1,633,0.850604116083,0.750501051433,0.352141247603
1,1,634,0.873879499717,0.822715795274,0.904465874364
1,1,635,0.860713063717,0.767743188497,0.235510142459
1,1,636,0.870019305888,0.797573074614,0.582593544478
1,1,637,0.878662109375,0.832142458898,0.723514696811
1,1,638,0.84084118237,0.757151455702,0.456439406254
1,1,639,0.84920890297,0.763703355522,0.322739874122
1,1,640,0.852978159323,0.762362468361,0.27742719846
1,1,641,0.870198902606,0.784839308803,0.521994902432
1,1,642,0.837266507477,0.745104645487,0.372891619798
1,1,643,0.868949463739,0.777777245616,0.242672042548
1,1,644,0.82768000178,0.721383959924,0.307084687562
1,1,645,0.8399853016,0.762851198444,0.463985949435
1,1,646,0.831860373491,0.738445418391,0.306589779137
1,1,647,0.827408665769,0.727746996838,0.276735207753
1,1,648,0.68874724405,0.596029960337,0.222713137252
1,1,649,0.853044140625,0.767587293485,0.344836022385
1,1,650,0.821110928483,0.708523136799,0.246591826622
1,1,651,0.817743716088,0.716289278552,0.349545268914
1,1,652,0.816573218257,0.712923107272,0.290550140185
1,1,653,0.838651306831,0.73664409329,0.0952387075992
1,1,654,0.834006238897,0.733669922908,0.293632477727
1,1,655,0.847779366417,0.747190653831,0.310603150737
1,1,656,0.842547222482,0.74109821601,0.268172190444
1,1,657,0.807737006554,0.70992690552,0.359552258023
1,1,658,0.838153964452,0.767907878712,0.562545563885
1,1,659,0.837126588654,0.740134522647,0.438998576569
1,1,660,0.864073468174,0.776580494257,0.427993288061
1,1,661,0.762647125396,0.662109103722,0.302126453607
1,1,662,0.825630187988,0.733094787108,0.451488652356
1,1,663,0.793618164063,0.697082832758,0.335304723605
1,1,664,0.79967513536,0.689529025887,0.25503740626
1,1,665,0.784057847905,0.668713283354,0.196460642232
1,1,666,0.840653381605,0.761563723794,0.424336464598
1,1,667,0.829983412696,0.73031879238,0.30505357601
1,1,668,0.85022703383,0.762628889954,0.256260540421
1,1,669,0.823888851533,0.719925338878,0.254049263627
1,1,670,0.828253677969,0.750144409567,0.576469041404
1,1,671,0.8601,0.80274121118,0.776582006395
1,1,672,0.837501591501,0.738251211211,0.262730329026
1,1,673,0.815965764162,0.722871036307,0.298068178391
1,1,674,0.826722193956,0.726887052928,0.312009184334
1,1,675,0.838968638602,0.725876373346,0.142224024884
1,1,676,0.81624708707,0.735977652882,0.604621601483
1,1,677,0.821506243496,0.743354807323,0.532096457582
1,1,678,0.823851286077,0.739245839022,0.548716699881
1,1,679,0.845578893841,0.755235233462,0.399430006513
1,1,680,0.85124022005,0.775713752131,0.407103246114
1,1,681,0.85356210881,0.76072369626,0.300724189313
1,1,682,0.820399469649,0.70668621247,0.242073998554
1,1,683,0.854149104495,0.785785338425,0.433436253971
1,1,684,0.804119809689,0.678396391919,0.145068451754
1,1,685,0.834856097638,0.748886088884,0.420440274995
1,1,686,0.859766814212,0.798312433255,0.815153630892
1,1,687,0.780783159801,0.663708941658,0.171893557323
1,1,688,0.860918744229,0.76999305537,0.496608025743
1,1,689,0.866709922977,0.776305152259,0.302553221539
1,1,690,0.866277203682,0.771567444752,0.155415365452
1,1,691,0.80139029163,0.683944865035,0.232154729612
1,1,692,0.816054822664,0.708314597381,0.195472899712
1,1,693,0.85033573477,0.755207383974,0.323304496445
1,1,694,0.834535147392,0.741472997429,0.314508546845
1,1,695,0.776510509944,0.677235612357,0.339000905252
1,1,696,0.85735016992,0.760234016025,0.205029767617
1,1,697,0.804670787423,0.733948483884,0.596193324829
1,1,698,0.84000432526,0.733173933266,0.315871188289
1,1,699,0.845196759259,0.76246861026,0.365735420795
1,1,700,0.840407177364,0.746881707888,0.357135783559
1,1,701,0.841836312693,0.755890861546,0.421699556062
1,1,702,0.829191871456,0.740107130763,0.438635915402
1,1,703,0.858731172091,0.777958761161,0.46694102763
1,1,704,0.792773553719,0.689429181762,0.254957317338
1,1,705,0.773528255743,0.64979679427,0.163925432137
1,1,706,0.857766310269,0.772763266385,0.573362076426
1,1,707,0.787180899908,0.692906756208,0.403187831501
1,1,708,0.767306439658,0.649783832036,0.105448623518
1,1,709,0.859916571889,0.794743104618,0.592165964406
1,1,710,0.759631391201,0.673144664428,0.436427167241
1,1,711,0.842628555013,0.756130012419,0.473295332839
1,1,712,0.866656547513,0.79681321384,0.498924510784
1,1,713,0.86404268132,0.78046028991,0.555889981261
1,1,714,0.825639152666,0.734185840883,0.475559143512
1,1,715,0.780888429752,0.684268154278,0.363444925516
1,1,716,0.851881362522,0.751022141205,0.227423106481
1,1,717,0.858651669828,0.787871612485,0.63921568704
1,1,718,0.748993055556,0.636325199993,0.262562664397
1,1,719,0.80397494327,0.698148350715,0.327606526985
1,1,720,0.862404278671,0.78071266148,0.379987707364
1,1,721,0.878442190926,0.816407131513,0.652636227313
1,1,722,0.841460700885,0.758275629066,0.480764917883
1,1,723,0.798395242544,0.688335413016,0.228135227469
1,1,724,0.821296296296,0.731089270437,0.460182201054
1,1,725,0.863260342123,0.776257625581,0.155838595487
1,1,726,0.84096313912,0.735873406051,0.407232307287
1,1,727,0.826975331664,0.753896729938,0.60671773061
1,1,728,0.840724509085,0.748330074881,0.264716627135
1,1,729,0.837038222536,0.775493326246,0.666958957418
1,1,730,0.844848647534,0.753731827886,0.376296343887
1,1,731,0.81580128368,0.732950043384,0.584333260093
1,1,732,0.815980095742,0.720027417397,0.47361439311
1,1,733,0.799392302775,0.714132647147,0.469851019595
1,1,734,0.863422255986,0.786905991298,0.51894242809
1,1,735,0.82055728986,0.750360302052,0.665368399078
1,1,736,0.853871911807,0.772872201476,0.401274675822
1,1,737,0.808690014961,0.706335419976,0.264924331679
1,1,738,0.821102086649,0.725946024215,0.374023527922
1,1,739,0.82894691358,0.728343885719,0.318996873342
1,1,740,0.803650416171,0.687131377142,0.262816003238
1,1,741,0.794076686797,0.685738869727,0.277938565953
1,1,742,0.83010793053,0.735920060831,0.3069640043
1,1,743,0.796150519031,0.691498209323,0.356321472722
1,1,744,0.819202167636,0.69751085683,0.119176081968
1,1,745,0.792465306122,0.68308738949,0.310807549706
1,1,746,0.834307189311,0.744718660908,0.286971450748
1,1,747,0.827126207205,0.738895689985,0.412027995172
1,1,748,0.733624065504,0.654610255805,0.343029444678
1,1,749,0.767493271819,0.671559944506,0.348349538481
1,1,750,0.766009593502,0.649214056806,0.198864374908
1,1,751,0.851566072245,0.768743290913,0.520974841761
1,1,752,0.8362990739,0.744224532857,0.371345230713
1,1,753,0.821260396777,0.713838291861,0.258871925751
1,1,754,0.828427752836,0.731147291511,0.38466009934
1,1,755,0.862720597184,0.775859272622,0.253593596787
1,1,756,0.770080508024,0.660700599016,0.192509992749
1,1,757,0.757585848075,0.644645826647,0.244101797335
1,1,758,0.775775034294,0.666526889711,0.303170033102
1,1,759,0.833090530697,0.728192220874,0.147674792313
1,1,760,0.801503103574,0.709648265439,0.431766967388
1,1,761,0.804679052632,0.702916129678,0.344444846163
1,1,762,0.850164236501,0.77309230942,0.546559071618
1,1,763,0.812677542407,0.736191711927,0.541982365623
1,1,764,0.854696691451,0.771704299213,0.469691808112
1,1,765,0.861784169204,0.804692346251,0.761353035667
1,1,766,0.785236168603,0.685443444779,0.383428313009
1,1,767,0.838638561524,0.729472271712,0.25058969076
1,1,768,0.830980548701,0.744305736104,0.453594049001
1,1,769,0.844599403251,0.757582387726,0.366485919855
1,1,770,0.833499537519,0.760031377891,0.567758371363
1,1,771,0.824295834036,0.729476058293,0.280270462895
1,1,772,0.815199251298,0.715646265622,0.195186447281
1,1,773,0.830642060746,0.73284198072,0.403724716899
1,1,774,0.860622222222,0.792742635255,0.681165209892
1,1,775,0.795729423719,0.675224497132,0.0859406020759
1,1,776,0.799618921643,0.733141080121,0.574691275081
1,1,777,0.794775429992,0.676992737206,0.0923625636697
1,1,778,0.802033104203,0.685943569097,0.245102983396
1,1,779,0.779943040228,0.66069916862,0.108776244138
1,1,780,0.833761888602,0.747110002575,0.51838726806
1,1,781,0.733816568047,0.632571797878,0.263386825281
1,1,782,0.836369176809,0.744419205438,0.255773632542
1,1,783,0.699629292404,0.597652295187,0.196386423841
1,1,784,0.846046870906,0.76379476071,0.493713798294
1,1,785,0.804841560409,0.705043706807,0.292098997466
1,1,786,0.853044894428,0.759177415509,0.421180155577
1,1,787,0.83697117414,0.743753900744,0.372095607247
1,1,788,0.824691180695,0.749663915147,0.642720806529
1,1,789,0.867052043515,0.795590555935,0.643913536119
1,1,790,0.826148467377,0.731275261,0.214017973982
1,1,791,0.830208586965,0.734243865004,0.328036282618
1,1,792,0.696690773614,0.587080431109,0.17080138723
1,1,793,0.840666072622,0.753249949982,0.470688685056
1,1,794,0.794529646178,0.697645665985,0.327296707612
1,1,795,0.817509794389,0.735089533393,0.566787618779
1,1,796,0.79516053843,0.692309282473,0.311002032472
1,1,797,0.784658553763,0.670668169517,0.0927913632164
1,1,798,0.864534073564,0.774154863465,0.295430453087
1,1,799,0.853033298647,0.760995538945,0.370467183966
1,1,800,0.835995597197,0.745585487961,0.388958481161
1,1,801,0.823103764922,0.770032623839,0.71540763489
1,1,802,0.809650031888,0.708640485626,0.304284770951
1,1,803,0.816056426247,0.71008657641,0.321818263361
1,1,804,0.7113950236,0.599223247326,0.15504642835
1,1,805,0.823316441823,0.738384137495,0.511945855744
1,1,806,0.839000803489,0.75319359586,0.502033067649
1,1,807,0.846062027183,0.773481445982,0.614765241559
1,1,808,0.823572032363,0.707965087109,0.266705466527
1,1,809,0.800128428693,0.692234828554,0.283293576598
1,1,810,0.86358746149,0.773905983071,0.470229647241
1,1,811,0.816895071579,0.734307162024,0.548646063275
1,1,812,0.819626604104,0.721280845684,0.36793007377
1,1,813,0.818662993819,0.724133221395,0.371534121475
1,1,814,0.798196612591,0.706620879829,0.392095999058
1,1,815,0.851296668242,0.761121629776,0.372611044777
1,1,816,0.846423572826,0.76729231626,0.537908059499
1,1,817,0.791970124851,0.68884480919,0.314512529841
1,1,818,0.80224819414,0.706276635929,0.390049277227
1,1,819,0.836571745562,0.752092189823,0.437629894262
1,1,820,0.826905321094,0.721669361507,0.248365493896
1,1,821,0.813155977724,0.710375908842,0.272920773677
1,1,822,0.747643510227,0.633871819834,0.250550848422
1,1,823,0.871066562102,0.837969991405,0.894891296719
1,1,824,0.868191359337,0.792105248885,0.534675703715
1,1,825,0.803464302533,0.691340618073,0.193335334453
1,1,826,0.828591753676,0.746244392691,0.391142167754
1,1,827,0.849351652782,0.755282026827,0.378862493894
1,1,828,0.878512861205,0.806624816107,0.552544130061
1,1,829,0.828439205688,0.726955125997,0.312740286534
1,1,830,0.790231717687,0.670728171304,0.244981382967
1,1,831,0.78185730215,0.67347690627,0.167433596009
1,1,832,0.86661146409,0.787017533589,0.482451432829
1,1,833,0.857881136951,0.776681075152,0.414756870515
1,1,834,0.816183408332,0.74182059425,0.638201855966
1,1,835,0.841482,0.7594116811,0.447698128704
1,1,836,0.887894001346,0.839447052381,0.744562690831
1,1,837,0.853571336546,0.80392030153,0.864883894577
1,1,838,0.685474881094,0.577284803603,0.141170804193
1,1,839,0.803528,0.683021138738,0.163993247281
1,1,840,0.83351081507,0.727648769851,0.228221091273
1,1,841,0.761622299383,0.659807779445,0.36385080182
1,1,842,0.841626962694,0.754402524685,0.43707577022
1,1,843,0.704308390023,0.594480510078,0.181318703639
1,1,844,0.801842437018,0.685095022278,0.142381616246
1,1,845,0.811809851985,0.732058730902,0.557768032228
1,1,846,0.773949064948,0.651260958187,0.177538380077
1,1,847,0.821584226003,0.729178035203,0.407813719342
1,1,848,0.826786039671,0.72886938921,0.354915038778
1,1,849,0.735074695011,0.609777500907,0.0697485598269
1,1,850,0.827971447082,0.721435216503,0.126110001694
1,1,851,0.861998135307,0.773023740167,0.469782205783
1,1,852,0.82614585288,0.749043793521,0.491049229136
1,1,853,0.822221403922,0.737970863481,0.432144815451
1,1,854,0.834401298646,0.713720892446,0.240410924722
1,1,855,0.881916,0.788784772716,0.41237599118
1,1,856,0.82423176541,0.732151296574,0.279509202942
1,1,857,0.717152118335,0.608478849979,0.135765222675
1,1,858,0.845226252423,0.733818514864,0.255723322962
1,1,859,0.819579233348,0.744498617143,0.496391941582
1,1,860,0.814362562494,0.712566430004,0.318850966982
1,1,861,0.780020811655,0.67456150819,0.297023493432
1,1,862,0.696319444444,0.579810778051,0.10197786973
1,1,863,0.844144,0.784627868707,0.829819323087
1,1,864,0.831045975885,0.767727560664,0.696901598872
1,1,865,0.817617369011,0.736113016471,0.5703801863
1,1,866,0.790258937493,0.689407277839,0.266480346409
1,1,867,0.767384713189,0.654640839947,0.259488262667
1,1,868,0.781833731308,0.677633332414,0.24483787689
1,1,869,0.793086516275,0.687872800128,0.235262419598
1,1,870,0.788353493291,0.674902926496,0.25405571837
1,1,871,0.860834895183,0.766710087413,0.336593223963
1,1,872,0.827970360167,0.732232152015,0.346384740262
1,1,873,0.776093275201,0.676938772931,0.367937333273
1,1,874,0.799495833836,0.709884232305,0.43215118367
1,1,875,0.832369384285,0.738278742212,0.354608884563
1,1,876,0.810625,0.683654594567,0.244773821652
1,1,877,0.810998199005,0.709501660005,0.237321646919
1,1,878,0.805980776077,0.690815296669,0.292084642081
1,1,879,0.844393539729,0.759775564165,0.526366034134
1,1,880,0.763612085459,0.644988077103,0.237668476792
1,1,881,0.87273317376,0.80664274467,0.663921950421
1,1,882,0.780884497698,0.686343745951,0.436015533795
1,1,883,0.815780680945,0.721507310158,0.411486203517
1,1,884,0.841071234809,0.748328357968,0.38841486417
1,1,885,0.826379685991,0.751309236097,0.624679511406
1,1,886,0.777445128811,0.666687848418,0.191337952188
1,1,887,0.831791540145,0.743874382353,0.536385126172
1,1,888,0.82184740947,0.70814855697,0.261492710582
1,1,889,0.767399767775,0.661548196421,0.324107359309
1,1,890,0.826640368179,0.713710286583,0.318618930726
1,1,891,0.793573359861,0.683413516911,0.266820996704
1,1,892,0.822105716748,0.732713810919,0.447156812524
1,1,893,0.814803316776,0.749506365043,0.61871696814
1,1,894,0.847316666667,0.766506652082,0.497756881671
1,1,895,0.846917774251,0.732972410363,0.35381533106
1,1,896,0.852865304709,0.767779102445,0.41708916141
1,1,897,0.743537414966,0.620000890094,0.188191445359
1,1,898,0.795710059172,0.679807423797,0.25447455856
1,1,899,0.771995503734,0.689816931658,0.406155158916
1,1,900,0.799961090088,0.69392405969,0.315831099836
1,1,901,0.819361085462,0.726807862409,0.414015823436
1,1,902,0.811499225207,0.732390171333,0.515616256274
1,1,903,0.787845167653,0.678019641666,0.302984397202
1,1,904,0.764638792497,0.660799383211,0.244309532128
1,1,905,0.84307146044,0.766311295643,0.557880213145
1,1,906,0.846148068025,0.769197444524,0.572217853938
1,1,907,0.715077534282,0.588547224915,0.060901553559
1,1,908,0.810099099579,0.720646119551,0.482491644119
1,1,909,0.741475398247,0.626526327228,0.15659418587
1,1,910,0.785251780435,0.687048957637,0.391570329741
1,1,911,0.793263274809,0.679110430938,0.310631835462
1,1,912,0.753650793651,0.647676721279,0.297688337014
1,1,913,0.775770681582,0.652044777591,0.180171536274
1,1,914,0.783941047803,0.701884082115,0.567575266992
1,1,915,0.873013728246,0.81177590535,0.707188958957
1,1,916,0.78096355423,0.68770556319,0.392837475595
1,1,917,0.836113661871,0.729830227359,0.391061919356
1,1,918,0.803473578559,0.700630308449,0.344590634361
1,1,919,0.763054953342,0.668807478185,0.362681852628
1,1,920,0.724561149691,0.627239810884,0.307453799975
1,1,921,0.803801775148,0.698038216805,0.365249810852
1,1,922,0.83372393486,0.738533030642,0.445808945727
1,1,923,0.83869839892,0.757885365146,0.536347666515
1,1,924,0.749416557889,0.648274231479,0.27496548761
1,1,925,0.766427792105,0.644271961571,0.146264714819
1,1,926,0.832513076864,0.735788068853,0.422311994801
1,1,927,0.865109937673,0.822539127219,0.821837333932
1,1,928,0.804025,0.70602358169,0.438707444842
1,1,929,0.735000671862,0.612519858527,0.117218778107
1,1,930,0.88102670829,0.803445858236,0.595520527266
1,1,931,0.795799692426,0.698268321178,0.416931252898
1,1,932,0.86742792355,0.789910129203,0.587562895397
1,1,933,0.77982489292,0.692457962511,0.407610884145
1,1,934,0.847059056208,0.77862169484,0.65227619926
1,1,935,0.869812530043,0.785217062648,0.518008986445
1,1,936,0.832877745311,0.776767613172,0.709844872229
1,1,937,0.743133486267,0.645749196059,0.323008935061
1,1,938,0.830229814302,0.770986411842,0.707708680831
1,1,939,0.774149305556,0.666142406475,0.35955488988
1,1,940,0.803500202812,0.703576264028,0.306178754143
1,1,941,0.813271604938,0.703688834196,0.278899939017
1,1,942,0.711094674556,0.593988562927,0.136604910891
1,1,943,0.842944827316,0.746692805841,0.348581597374
1,1,944,0.84735,0.774445039971,0.664708687665
1,1,945,0.778864084394,0.692493849566,0.396569794722
1,1,946,0.875825912094,0.796680515262,0.576717278572
1,1,947,0.742541322314,0.665095638262,0.449309464214
1,1,948,0.764674760526,0.671326968975,0.413850934385
1,1,949,0.780137174211,0.70155235576,0.518118383373
1,1,950,0.800166650328,0.688601270483,0.281581805569
1,1,951,0.84311622672,0.763762347742,0.483451093432
1,1,952,0.775850692808,0.670166258486,0.371494259094
1,1,953,0.82151384083,0.724421996999,0.401023043926
1,1,954,0.826374540863,0.735816511679,0.522394592987
1,1,955,0.820323167956,0.735506632013,0.471152448343
1,1,956,0.790895336419,0.693258842981,0.362355940165
1,1,957,0.783678097089,0.682856678447,0.389516628223
1,1,958,0.758036578134,0.641795415871,0.170868697717
1,1,959,0.765160760879,0.657063766579,0.318089783533
1,1,960,0.846741637832,0.764223529171,0.521294304685
1,1,961,0.813098142241,0.740010302338,0.529256890144
1,1,962,0.756432107783,0.650402121727,0.288731271635
1,1,963,0.813532774689,0.693940601326,0.308890364593
