0,1,0,0.892736621449,0.933734642513,1.0
1,0,0,0.985889240759,0.983226719022,1.0
0,0,0,0.801239367224,0.817087549448,0.919215163586
1,1,0,0.852034723062,0.777546395171,0.295924713235
1,1,1,0.856706507706,0.781872602396,0.336329891222
1,1,2,0.84441987513,0.753211383573,0.385406169332
1,1,3,0.858708678416,0.779781766346,0.370262343816
1,1,4,0.864659052444,0.787945009847,0.437354433719
1,1,5,0.873116660964,0.812935036226,0.581364399971
1,1,6,0.852968181992,0.78270952119,0.24635352214
1,1,7,0.878242223663,0.806494665444,0.134757679919
1,1,8,0.856736774025,0.777252044508,0.388462579428
1,1,9,0.853812987393,0.765711978546,0.238644033324
1,1,10,0.852174318519,0.774362464482,0.552479775666
1,1,11,0.850130955607,0.76655796253,0.354891869866
1,1,12,0.851649098514,0.774753836124,0.398506988
1,1,13,0.878803082049,0.812708297708,0.510454150784
1,1,14,0.865316056267,0.785760721586,0.177944328523
1,1,15,0.867944044321,0.789845143045,0.324734570919
1,1,16,0.869266743083,0.79665316547,0.419085934756
1,1,17,0.851526812292,0.761185283313,0.231673153395
1,1,18,0.857958540979,0.784495827768,0.193553414404
1,1,19,0.854334766442,0.765620405365,0.25145953132
1,1,20,0.871120759993,0.800086078363,0.608134056263
1,1,21,0.834093306315,0.748751043763,0.357025465155
1,1,22,0.855038570933,0.778683648002,0.347996990253
1,1,23,0.863813958216,0.788950593403,0.448806471088
1,1,24,0.866899122761,0.796839828652,0.378438879132
1,1,25,0.862911852292,0.792651523007,0.278765003201
1,1,26,0.856003046707,0.783018138692,0.375003095035
1,1,27,0.847532116856,0.769624290474,0.497180747305
1,1,28,0.861304223609,0.786831385506,0.370085404846
1,1,29,0.850322660051,0.766095739768,0.108975980846
1,1,30,0.8523329336,0.776149490093,0.472535046644
1,1,31,0.871322146054,0.789747658093,0.17013433121
1,1,32,0.856697852994,0.793884004829,0.508105225981
1,1,33,0.861612885484,0.78583635736,0.2365192584
1,1,34,0.884180719789,0.812318816029,0.503334085379
1,1,35,0.860713149981,0.784355453117,0.263803370904
1,1,36,0.869697848327,0.793029936523,0.0565696814979
1,1,37,0.855426508182,0.766490161313,0.252574659313
1,1,38,0.864612506659,0.795738193662,0.586858665271
1,1,39,0.871664124101,0.797995076111,0.28968762019
1,1,40,0.853607015908,0.758718329862,0.419665077051
1,1,41,0.857790669187,0.763367220269,0.0783676261571
1,1,42,0.866661573484,0.779256451455,0.365343060066
1,1,43,0.864587430798,0.763920755364,0.215862879875
1,1,44,0.877595097699,0.825138602739,0.867193635576
1,1,45,0.860043638054,0.768065240663,0.208612246403
1,1,46,0.86046963925,0.781233936479,0.21580268247
1,1,47,0.863402912213,0.791069146679,0.648335429943
1,1,48,0.872480959608,0.788784435328,0.242651473035
1,1,49,0.870714814815,0.794337920091,0.450191918226
1,1,50,0.861157081612,0.766055321578,0.159571140544
1,1,51,0.838587146813,0.758857266474,0.56863454703
1,1,52,0.874566439742,0.799249996153,0.309137786044
1,1,53,0.862581300219,0.795129554564,0.505264924429
1,1,54,0.870904923701,0.792350201544,0.324915007455
1,1,55,0.869427780564,0.799033727938,0.553754994217
1,1,56,0.871376435853,0.798337337261,0.239794942805
1,1,57,0.831250165098,0.737968643121,0.373405901615
1,1,58,0.865356559989,0.782102573593,0.382222084358
1,1,59,0.847792131608,0.753338702881,0.348849374297
1,1,60,0.855629924238,0.76708179387,0.280535612146
1,1,61,0.854160662491,0.768941489755,0.118072563328
1,1,62,0.839640026805,0.752127066061,0.432441613968
1,1,63,0.840486668092,0.752938766254,0.428244407121
1,1,64,0.852017077816,0.767301636867,0.276972732103
1,1,65,0.863164197298,0.794569547115,0.451127210228
1,1,66,0.851030758277,0.760514593376,0.344125802261
1,1,67,0.891021311418,0.848104204885,0.878964396121
1,1,68,0.856690690584,0.773015769417,0.15449392786
1,1,69,0.868598809138,0.791225204635,0.345170013219
1,1,70,0.872705431379,0.793870074611,0.425505956238
1,1,71,0.869688773993,0.789559130934,0.311084965536
1,1,72,0.856367034532,0.770304007602,0.325851656623
1,1,73,0.873718899671,0.801566915959,0.373285325081
1,1,74,0.86074582061,0.794035758141,0.568180033524
1,1,75,0.875024164912,0.815849013871,0.677993373434
1,1,76,0.853029666614,0.770381757017,0.174518174256
1,1,77,0.859836237251,0.778755301724,0.243370749649
1,1,78,0.86575940012,0.79217449266,0.219079716633
1,1,79,0.86701161549,0.78199741391,0.49831613989
1,1,80,0.857411789098,0.775389961515,0.453203863637
1,1,81,0.862561321496,0.789060127217,0.46438163481
1,1,82,0.867660757176,0.793117619333,0.270377492785
1,1,83,0.86290558679,0.783174191145,0.399022483999
1,1,84,0.82034627682,0.729523829059,0.519384577404
1,1,85,0.859149112426,0.770974523952,0.331283042173
1,1,86,0.878559489716,0.805388965022,0.336426309883
1,1,87,0.868565776184,0.796673608303,0.217995929414
1,1,88,0.858492842075,0.772001544528,0.371295107298
1,1,89,0.869629744338,0.791951772326,0.363269778438
1,1,90,0.858901550038,0.766958534823,0.199798666952
1,1,91,0.873476932682,0.801746557826,0.220842382157
1,1,92,0.835544162326,0.750363226746,0.478641186529
1,1,93,0.868555879684,0.793134369497,0.243029881132
1,1,94,0.8622172442,0.775502813453,0.285926224913
1,1,95,0.838127459716,0.742598194542,0.424592514946
1,1,96,0.870932735809,0.801693047846,0.346912191445
1,1,97,0.868258883884,0.787369920207,0.365309568118
1,1,98,0.864460718528,0.789950525426,0.439019593108
1,1,99,0.860002126378,0.794631970916,0.481760434109
1,1,100,0.858436661295,0.782800008868,0.355887812106
1,1,101,0.872272505669,0.797539717334,0.394427818765
1,1,102,0.86565529328,0.799929491489,0.835690000907
1,1,103,0.872304030024,0.79922716578,0.218605604775
1,1,104,0.870069530283,0.801104886533,0.687282969688
1,1,105,0.869363272697,0.798286415024,0.610426040605
1,1,106,0.846453287197,0.754758297143,0.301595927853
1,1,107,0.856887077159,0.792357336788,0.632927548744
1,1,108,0.855581728497,0.775048141077,0.201342315086
1,1,109,0.856421512103,0.780671426415,0.520452881272
1,1,110,0.869918357041,0.805053567652,0.651065770537
1,1,111,0.861270732682,0.78432225267,0.461487341924
1,1,112,0.862992677309,0.792492794986,0.514888871346
1,1,113,0.8711569668,0.810225736177,0.686247407976
1,1,114,0.87262629574,0.793733938089,0.321112507312
1,1,115,0.862111090261,0.800241682572,0.729198931044
1,1,116,0.87499871445,0.808893752928,0.530934133971
1,1,117,0.854923281395,0.768986422804,0.413603569722
1,1,118,0.87652163516,0.807292760342,0.389432105465
1,1,119,0.85676261494,0.775828939145,0.42709165504
1,1,120,0.85388805559,0.768174077889,0.28445723123
1,1,121,0.878632985242,0.833429862054,0.830720543061
1,1,122,0.872454258308,0.796280469526,0.475555863358
1,1,123,0.885596053721,0.797130232232,0.24832048518
1,1,124,0.862714386405,0.773985454737,0.450025689983
1,1,125,0.855828935623,0.787092463775,0.732263293919
1,1,126,0.874649520706,0.797619167825,0.25765293649
1,1,127,0.866994781052,0.78114754875,0.231426016461
1,1,128,0.872373025518,0.80058094455,0.31787116275
1,1,129,0.87917305866,0.812957450213,0.601840625472
1,1,130,0.867622888808,0.795361935046,0.39425502583
1,1,131,0.869732282996,0.80086613633,0.685388510269
1,1,132,0.783080864335,0.674045281888,0.252990526903
1,1,133,0.854900069048,0.784508430816,0.271706868075
1,1,134,0.864652618287,0.778908626211,0.256268709669
1,1,135,0.863658662456,0.781930878867,0.492795614332
1,1,136,0.859714767355,0.774027536328,0.100312142358
1,1,137,0.864670922325,0.786664877106,0.197429804305
1,1,138,0.87683185988,0.809435760866,0.473365615498
1,1,139,0.856246783582,0.781552569353,0.267292476286
1,1,140,0.866651775743,0.791535106161,0.485744714958
1,1,141,0.865780770743,0.790242782947,0.458315515497
1,1,142,0.860266190686,0.761400391987,0.224417001696
1,1,143,0.865597333902,0.782385203474,0.314659003323
1,1,144,0.856340391502,0.764896095529,0.308723485154
1,1,145,0.85890305532,0.785487321284,0.456650507199
1,1,146,0.84582284486,0.764446027204,0.322075317661
1,1,147,0.864729468084,0.793586809689,0.575723427252
1,1,148,0.864166742806,0.789483666307,0.668185261987
1,1,149,0.854519828455,0.774036111643,0.278912821393
1,1,150,0.861419194206,0.790999546216,0.584005042348
1,1,151,0.871422005171,0.801013170843,0.694030354327
1,1,152,0.861171172493,0.786954322407,0.32100998244
1,1,153,0.856247026104,0.773810441076,0.284293580122
1,1,154,0.859487755102,0.750181689898,0.127154437735
1,1,155,0.854412451916,0.771555900379,0.0927398611453
1,1,156,0.857291898518,0.777721305825,0.463331630837
1,1,157,0.881034640268,0.792386739996,0.4239915614
1,1,158,0.87407134667,0.807143192435,0.642073489159
1,1,159,0.888294218724,0.811986645345,0.249101623535
1,1,160,0.863498052444,0.790925260462,0.317515883115
1,1,161,0.856775728632,0.773616253673,0.522501846372
1,1,162,0.837953261662,0.745411161771,0.309330522777
1,1,163,0.889699696311,0.823782368249,0.444678344201
1,1,164,0.866353640425,0.801517178781,0.416624539748
1,1,165,0.853629474475,0.770308999139,0.139361630034
1,1,166,0.871911087826,0.800219109867,0.483408985129
1,1,167,0.870167678542,0.792028727085,0.410192412391
1,1,168,0.859733360541,0.772718677314,0.281765675813
1,1,169,0.87936527705,0.809600944609,0.478056469155
1,1,170,0.866990960358,0.789939502083,0.522943233638
1,1,171,0.862036557011,0.784082667507,0.186035024606
1,1,172,0.874253162165,0.804506564452,0.370584954138
1,1,173,0.863876331,0.785051573778,0.235710835529
1,1,174,0.856298452524,0.781285329405,0.495089263693
1,1,175,0.858372992267,0.775066623045,0.527669150093
1,1,176,0.867013072443,0.789557030465,0.145172448393
1,1,177,0.872108448388,0.795724166502,0.150112470015
1,1,178,0.875385993624,0.822035423809,0.780815229413
1,1,179,0.851787369972,0.763192454187,0.268443943651
1,1,180,0.85356585852,0.772042326761,0.419334695143
1,1,181,0.848670276476,0.76085210019,0.110036908625
1,1,182,0.856145514978,0.77530021532,0.28900173634
1,1,183,0.870146606107,0.787134325576,0.44807921238
1,1,184,0.854766064643,0.776676048077,0.234657942486
1,1,185,0.859871225666,0.783960798503,0.347168548337
1,1,186,0.864784467582,0.780200717473,0.359381105073
1,1,187,0.879789415273,0.798284113833,0.283610770929
1,1,188,0.874132812084,0.790880749277,0.29938828516
1,1,189,0.854869752341,0.771682934203,0.235268119581
1,1,190,0.870964361554,0.787395021312,0.179563031619
1,1,191,0.869872048176,0.799436055753,0.413436085571
1,1,192,0.860737148767,0.782325936173,0.470044627618
1,1,193,0.852381042201,0.791725847262,0.576790999474
1,1,194,0.87750230481,0.802054121123,0.195781749637
1,1,195,0.862961021011,0.778410471833,0.310290079815
1,1,196,0.870709789027,0.793625895843,0.341190147244
1,1,197,0.870583420299,0.788079546759,0.273089977827
1,1,198,0.851627948868,0.767409996122,0.124273485599
1,1,199,0.875448057775,0.800879097093,0.473618365687
1,1,200,0.864478564816,0.785612407156,0.354243273123
1,1,201,0.858862404337,0.774170472555,0.440296879277
1,1,202,0.873940742866,0.80625015762,0.335854257116
1,1,203,0.867477125341,0.796203859217,0.48569086315
1,1,204,0.872306063616,0.795321434188,0.356084768838
1,1,205,0.839108910891,0.740798946552,0.352732602147
1,1,206,0.86888757403,0.802708757566,0.773337251295
1,1,207,0.876674939272,0.794833570363,0.0832374828436
1,1,208,0.848471280763,0.751073780621,0.21592113664
1,1,209,0.85202605188,0.767436151089,0.220242026136
1,1,210,0.867817348904,0.778454957986,0.112459078143
1,1,211,0.883855952849,0.839927665694,0.839863339245
1,1,212,0.865707519726,0.788543747182,0.463578566622
1,1,213,0.863673305741,0.774876465269,0.145848622422
1,1,214,0.873590354474,0.799153469268,0.373866790038
1,1,215,0.853215236739,0.767747333668,0.469045138168
1,1,216,0.873035053476,0.807714859264,0.634253642434
1,1,217,0.854044306935,0.752914960183,0.279132472169
1,1,218,0.865999309172,0.775523557196,0.334514407364
1,1,219,0.872355578241,0.793065302378,0.139615793085
1,1,220,0.872571677251,0.790028906618,0.238258655938
1,1,221,0.845469577253,0.755152796538,0.311727198232
1,1,222,0.858091274042,0.773609521475,0.425424811768
1,1,223,0.849900407424,0.748123009789,0.319208381179
1,1,224,0.864804992445,0.781222994542,0.382014146994
1,1,225,0.85597632973,0.774178006311,0.230481906869
1,1,226,0.868311168496,0.785071057936,0.396265247767
1,1,227,0.876030853006,0.819835748081,0.840636851433
1,1,228,0.874438145629,0.803579099366,0.556846974325
1,1,229,0.854478223796,0.764664849067,0.406601355064
1,1,230,0.848070046559,0.761568056822,0.449780442941
1,1,231,0.845366087763,0.743987076279,0.241176760695
1,1,232,0.875350394906,0.798506182729,0.439571532386
1,1,233,0.862775279421,0.777515159349,0.363354305571
1,1,234,0.860091402389,0.79422060767,0.668701414442
1,1,235,0.891397496627,0.831557306333,0.791900807403
1,1,236,0.865530190646,0.790376359062,0.320628223399
1,1,237,0.875471298861,0.807522997861,0.589298807576
1,1,238,0.843479690281,0.75531482076,0.471679736642
1,1,239,0.869529534333,0.784125400019,0.248656820179
1,1,240,0.865349895102,0.783598313866,0.294792391929
1,1,241,0.875661566472,0.800693522766,0.469056308316
1,1,242,0.860559282537,0.76908636407,0.441192936602
1,1,243,0.870674256834,0.785961799354,0.285084498989
1,1,244,0.872083784407,0.792110657576,0.211986401095
1,1,245,0.879701748873,0.813090265833,0.441561396569
1,1,246,0.866370313176,0.78487210796,0.151247486708
1,1,247,0.849317409606,0.769417496261,0.149055063236
1,1,248,0.857958701439,0.776407644033,0.507530658068
1,1,249,0.863093397352,0.775982978745,0.295966640853
1,1,250,0.866071586428,0.79672643622,0.274115781434
1,1,251,0.856545802189,0.765158102404,0.348021498887
1,1,252,0.871104727041,0.805330883275,0.44988280346
1,1,253,0.860111894461,0.783464632073,0.406663215248
1,1,254,0.857577043496,0.767656695113,0.390487072341
1,1,255,0.864598883575,0.776292250336,0.109953703572
1,1,256,0.859522750277,0.769305816588,0.300446354499
1,1,257,0.860284939397,0.775496266899,0.369658926911
1,1,258,0.889303061433,0.823365076144,0.624721202662
1,1,259,0.844766431574,0.753567159418,0.413203496137
1,1,260,0.87395127035,0.800862721429,0.43565365566
1,1,261,0.865475874696,0.785864055243,0.570603632948
1,1,262,0.887292259031,0.819276745402,0.452758483354
1,1,263,0.87342537952,0.804688778696,0.480248823595
1,1,264,0.871755186176,0.801918922721,0.530083660071
1,1,265,0.863638853428,0.781601074946,0.263118155822
1,1,266,0.870518086462,0.78781051313,0.335050321515
1,1,267,0.862577154297,0.773026851888,0.137833857809
1,1,268,0.85458952,0.784849977497,0.281033244768
1,1,269,0.867682001263,0.794493256543,0.335351507797
1,1,270,0.872857779949,0.788178907877,0.356896510794
1,1,271,0.866872969192,0.787890188098,0.118606043145
1,1,272,0.876823368617,0.79881576876,0.500451772121
1,1,273,0.858486920333,0.760513697755,0.306887483524
1,1,274,0.864484197718,0.789968143204,0.361792290053
1,1,275,0.860364171179,0.788212758814,0.669389586381
1,1,276,0.858192848219,0.771884616552,0.237514849974
1,1,277,0.86806084481,0.792263666753,0.362752532672
1,1,278,0.868730781949,0.808212574292,0.503155583484
1,1,279,0.862038183771,0.773668478094,0.0957756539332
1,1,280,0.857322719894,0.777199607296,0.494947066323
1,1,281,0.880389098929,0.823397647408,0.760914006648
1,1,282,0.86684315258,0.781646712749,0.294732590036
1,1,283,0.868641125545,0.790930209647,0.362995506687
1,1,284,0.874251061479,0.801311210926,0.531871664392
1,1,285,0.860646768466,0.78700885261,0.307300206262
1,1,286,0.855370597781,0.770935378987,0.164928772795
1,1,287,0.857643870095,0.77340017729,0.314000323615
1,1,288,0.838607738439,0.752840334365,0.522145113531
1,1,289,0.841893541916,0.759480324277,0.368780434257
1,1,290,0.795869883041,0.698537308152,0.371179543073
1,1,291,0.864514023219,0.78462668491,0.151228525373
1,1,292,0.864541832669,0.778841989486,0.451725714167
1,1,293,0.870047092702,0.790908079673,0.440215270297
1,1,294,0.875378990887,0.812250243337,0.539995089011
1,1,295,0.857054337236,0.781694742848,0.263376425324
1,1,296,0.86068100957,0.782540157272,0.288773810525
1,1,297,0.857974455088,0.772917322404,0.380469138285
1,1,298,0.865550650182,0.787084222452,0.309689970505
1,1,299,0.883966286928,0.811450950046,0.445751417458
1,1,300,0.838764829758,0.766379610087,0.663293210377
1,1,301,0.857780813985,0.777979117467,0.232672241704
1,1,302,0.869380369126,0.790478888201,0.207163079384
1,1,303,0.876151015723,0.822800535364,0.654169240212
1,1,304,0.884847418491,0.812840330032,0.341271910846
1,1,305,0.864103372217,0.795097279354,0.234171666353
1,1,306,0.862973489463,0.77491029711,0.363201985053
1,1,307,0.860292838728,0.771562747917,0.4541278923
1,1,308,0.852979412097,0.762001006604,0.133072578746
1,1,309,0.861304544826,0.78286662902,0.221580301854
1,1,310,0.881510416667,0.806521267191,0.536903450295
1,1,311,0.868005893974,0.793889908956,0.345351378279
1,1,312,0.841241830065,0.747760214876,0.336896104375
1,1,313,0.866291694445,0.796401636739,0.41813620887
1,1,314,0.867383268895,0.793041361533,0.437996505726
1,1,315,0.797783989222,0.675720558049,0.159299039535
1,1,316,0.850837817678,0.780899172713,0.650812554453
1,1,317,0.868313180247,0.784333778695,0.162252991867
1,1,318,0.873633444799,0.813385577628,0.447801686914
1,1,319,0.867265264899,0.797973865704,0.422070913112
1,1,320,0.856938939345,0.775053956061,0.591873181178
1,1,321,0.876218024569,0.793209614613,0.170335871019
1,1,322,0.868526691057,0.784621725976,0.307824961434
1,1,323,0.875259137948,0.80138853941,0.493969662805
1,1,324,0.875370534709,0.802175005512,0.561617677355
1,1,325,0.866303697405,0.769283008111,0.373477860101
1,1,326,0.842884334875,0.7655926276,0.622990861186
1,1,327,0.854241405448,0.762743801818,0.155233312643
1,1,328,0.845690725462,0.753867074117,0.336906546029
1,1,329,0.861608894797,0.779175871541,0.34091089915
1,1,330,0.878723993312,0.812623772916,0.659532664618
1,1,331,0.853134549224,0.770118292376,0.378067127772
1,1,332,0.846080022471,0.74786992496,0.322476867457
1,1,333,0.863422272456,0.786651945417,0.261956223505
1,1,334,0.863646837628,0.778003530779,0.417524340424
1,1,335,0.858525096831,0.780860248854,0.346609880361
1,1,336,0.828269675926,0.715842305516,0.270425053182
1,1,337,0.862607948087,0.784546079458,0.158999705867
1,1,338,0.860723539092,0.792228926959,0.512078042463
1,1,339,0.877157416532,0.809553621141,0.317791683466
1,1,340,0.883251013291,0.815718372514,0.455156063648
1,1,341,0.86750438664,0.794085460691,0.606063253948
1,1,342,0.856875812264,0.771357398047,0.358861062266
1,1,343,0.859816193798,0.794134782655,0.618839174279
1,1,344,0.862652505291,0.782936952092,0.281272083377
1,1,345,0.862101408121,0.776178801745,0.203937723372
1,1,346,0.8510913315,0.77510967424,0.432687057858
1,1,347,0.855578995767,0.774786748619,0.343215283101
1,1,348,0.87051532885,0.804218321915,0.655111712559
1,1,349,0.86234619413,0.77304020857,0.229848440814
1,1,350,0.829339484607,0.722078549392,0.28822382316
1,1,351,0.839790962838,0.767284037779,0.560428512255
1,1,352,0.872730468091,0.812448572619,0.720444049997
1,1,353,0.854362685693,0.756703535711,0.347173913707
1,1,354,0.846828674239,0.75814852592,0.312463834611
1,1,355,0.872771260008,0.795122264289,0.223319885473
1,1,356,0.859133173837,0.776402297129,0.383768965586
1,1,357,0.867539126414,0.767854105582,0.165806191689
1,1,358,0.855970570799,0.770591917564,0.490592893748
1,1,359,0.874582551696,0.801242304132,0.405865604287
1,1,360,0.875011735265,0.792439151332,0.395129171566
1,1,361,0.83880488909,0.741591653444,0.393947298807
1,1,362,0.876836323292,0.810363948205,0.426670432128
1,1,363,0.842164233537,0.759877855226,0.508656451492
1,1,364,0.839304594387,0.741201542222,0.404408551684
1,1,365,0.876137095975,0.803637764214,0.465769968057
1,1,366,0.855311909263,0.765169624406,0.482987974122
1,1,367,0.818679251736,0.752519686649,0.640197273843
1,1,368,0.794653480071,0.696778006938,0.33744888541
1,1,369,0.836385666432,0.752647933599,0.42839541096
1,1,370,0.857714843265,0.770011147515,0.172284022547
1,1,371,0.886885132631,0.822856420024,0.686294067662
1,1,372,0.884930155932,0.818738899287,0.62780026263
1,1,373,0.84756808051,0.764333323619,0.354308650381
1,1,374,0.863991214801,0.777671822425,0.350526694889
1,1,375,0.872207619452,0.798519655208,0.343216482354
1,1,376,0.85566077641,0.768538266459,0.282566085331
1,1,377,0.86575255102,0.79477403127,0.640364394363
1,1,378,0.870735186743,0.800554709212,0.620055170705
1,1,379,0.877594986781,0.793557227502,0.395901058415
1,1,380,0.87752016129,0.807963240492,0.60593532991
1,1,381,0.858950997784,0.774947080511,0.447816842244
1,1,382,0.877680155721,0.802407269734,0.433409410286
1,1,383,0.848697408385,0.752459347348,0.134935284128
1,1,384,0.862536137157,0.780308439876,0.399042509359
1,1,385,0.876007270743,0.803375673341,0.528347303986
1,1,386,0.863879105827,0.783953568963,0.253847011619
1,1,387,0.871915878394,0.807126899404,0.649512707944
1,1,388,0.877409184553,0.806321198075,0.561816151996
1,1,389,0.883071439123,0.803307471736,0.351713929224
1,1,390,0.852990173551,0.768950852284,0.454234106363
1,1,391,0.877136688178,0.795142984296,0.494651699234
1,1,392,0.880985238885,0.78840972963,0.277603770439
1,1,393,0.875506373867,0.802910630065,0.229226112653
1,1,394,0.859157257335,0.780614844642,0.549052299682
1,1,395,0.850799268946,0.769310139607,0.143833820934
1,1,396,0.863474865241,0.783769796559,0.227347864821
1,1,397,0.867938323247,0.790407035846,0.390772296115
1,1,398,0.870472963462,0.785049207953,0.294001126676
1,1,399,0.875161134236,0.804886224229,0.434885437043
1,1,400,0.846471392211,0.750961359826,0.246431457099
1,1,401,0.859942077768,0.781636062321,0.536928759098
1,1,402,0.872219529031,0.800033370582,0.5501041794
1,1,403,0.864638024691,0.782403563571,0.207426924835
1,1,404,0.880753238007,0.81104343431,0.426340881693
1,1,405,0.854141500791,0.768566603929,0.474558876113
1,1,406,0.850264724126,0.770309260392,0.542424209779
1,1,407,0.861214792214,0.783479411141,0.37143992573
1,1,408,0.873159707132,0.796561672245,0.412995251656
1,1,409,0.902481870186,0.854041638877,0.76808011544
1,1,410,0.834989066993,0.752757069226,0.514449915866
1,1,411,0.872905880288,0.80038468194,0.484633815613
1,1,412,0.874731291599,0.795804050803,0.374086896094
1,1,413,0.851050653244,0.772150947518,0.275824240351
1,1,414,0.864091201782,0.791456813375,0.430299500224
1,1,415,0.877704694679,0.80080227171,0.374656809867
1,1,416,0.848330211598,0.746707799527,0.214616140311
1,1,417,0.872821656427,0.790238863988,0.275357750827
1,1,418,0.860061736006,0.77480793999,0.286692738688
1,1,419,0.814264715166,0.726426255262,0.457683853396
1,1,420,0.838969729184,0.756404306364,0.461850718193
1,1,421,0.87224782065,0.793659103184,0.387584161477
1,1,422,0.869929860502,0.79658748574,0.167179423264
1,1,423,0.886984107302,0.814488500524,0.653321279468
1,1,424,0.840311612147,0.748974438558,0.401654420627
1,1,425,0.857866857753,0.770131651294,0.283198503575
1,1,426,0.875712505298,0.792572426155,0.327414196643
1,1,427,0.88209295017,0.821290882464,0.34872448446
1,1,428,0.882124003261,0.806581404944,0.376815415967
1,1,429,0.869503008879,0.785250942435,0.234808774585
1,1,430,0.866666204941,0.798941692112,0.544766331503
1,1,431,0.864101508916,0.783823662545,0.516577846888
1,1,432,0.88892555109,0.826118126087,0.695398406477
1,1,433,0.866500190373,0.778805253557,0.238154692605
1,1,434,0.859128274208,0.774810601636,0.36612107333
1,1,435,0.900458835076,0.847500340006,0.590367249056
1,1,436,0.885967062053,0.857520171967,0.875096214297
1,1,437,0.86621323876,0.777657042501,0.411810550543
1,1,438,0.845354777911,0.753477402121,0.37545114219
1,1,439,0.856027808841,0.761658629537,0.138728427027
1,1,440,0.840078247034,0.753912449995,0.297298206368
1,1,441,0.874576407151,0.792586023604,0.125438725142
1,1,442,0.861101485387,0.781890251963,0.491207651007
1,1,443,0.873129937952,0.803828098296,0.406847718907
1,1,444,0.881627464799,0.813512526164,0.49179064426
1,1,445,0.865455008248,0.792799544877,0.415915464438
1,1,446,0.875919335638,0.806248798317,0.67229591366
1,1,447,0.8726791711,0.790034596592,0.445882956492
1,1,448,0.82580017301,0.738926081495,0.442563631542
1,1,449,0.880111576565,0.805142679428,0.550182583707
1,1,450,0.851974684444,0.776789904044,0.358451062025
1,1,451,0.88667276837,0.819743293252,0.63202087007
1,1,452,0.870952530981,0.778321866928,0.438459966392
1,1,453,0.872601733894,0.804753407964,0.639807648463
1,1,454,0.869881987298,0.792454724458,0.558506817974
1,1,455,0.864998006794,0.792394713084,0.523686573652
1,1,456,0.861712334811,0.780885030358,0.370721151256
1,1,457,0.867916692968,0.794961096936,0.336040726942
1,1,458,0.875381901543,0.805595736967,0.585880781867
1,1,459,0.868790875246,0.787825793011,0.227993805192
1,1,460,0.825484818048,0.701371683846,0.100001550512
1,1,461,0.868409933943,0.791381006314,0.449019792867
1,1,462,0.873932414992,0.787300661974,0.339832356136
1,1,463,0.876038580784,0.795785689488,0.348224656239
1,1,464,0.876452062618,0.808113987939,0.513639311615
1,1,465,0.847385910435,0.756791889278,0.367687336411
1,1,466,0.868173581542,0.800578237604,0.427241672925
1,1,467,0.866197834847,0.784923373041,0.434105404174
1,1,468,0.863749330938,0.787123709515,0.484370891476
1,1,469,0.823673587082,0.743765331703,0.522355790251
1,1,470,0.875086884322,0.797453005457,0.312777393721
1,1,471,0.855367865873,0.773553372482,0.481951085656
1,1,472,0.842746483671,0.759707336567,0.401733659409
1,1,473,0.8847921108,0.822732553152,0.63604662927
1,1,474,0.870215056073,0.811273145947,0.649345699573
1,1,475,0.858245195403,0.769535400166,0.366710946476
1,1,476,0.840343738062,0.752131009983,0.413417682101
1,1,477,0.848902422145,0.751532487067,0.293667846129
1,1,478,0.873655047976,0.794689998384,0.405935307457
1,1,479,0.834829736935,0.748170904338,0.47731395368
1,1,480,0.869880984905,0.790771457513,0.343572596482
1,1,481,0.883089384487,0.811284151766,0.365846767704
1,1,482,0.867099791672,0.788278961603,0.330106309923
1,1,483,0.881601886697,0.811672592823,0.534916263704
1,1,484,0.869130358454,0.801548493519,0.650284816655
1,1,485,0.826507219043,0.730363820531,0.373573769501
1,1,486,0.889267102847,0.827234341848,0.618664888285
1,1,487,0.857148940942,0.767275942867,0.350490918756
1,1,488,0.858396450284,0.772206833855,0.278242219317
1,1,489,0.867334821154,0.788014570383,0.537597542916
1,1,490,0.846270462186,0.748276562942,0.277125176948
1,1,491,0.844316152869,0.753599440338,0.221405478275
1,1,492,0.879364194249,0.806435466278,0.577270073329
1,1,493,0.852758247701,0.790774142061,0.657998761992
1,1,494,0.852148939026,0.778394815515,0.392865217387
1,1,495,0.83624319786,0.745761886211,0.436620278841
1,1,496,0.854217864859,0.773676036378,0.604267102934
1,1,497,0.857561739754,0.778176014026,0.53289551041
1,1,498,0.858105960508,0.792565574326,0.665008267307
1,1,499,0.852325183483,0.776862834107,0.60432335962
1,1,500,0.874716215918,0.801962618985,0.597007228437
1,1,501,0.860267882882,0.796603444052,0.630707464424
1,1,502,0.848952562327,0.777497578337,0.666260242913
1,1,503,0.868439117536,0.798291940846,0.49722908549
1,1,504,0.86862989979,0.786229375257,0.322465164128
1,1,505,0.882829400086,0.812320059045,0.342765263493
1,1,506,0.847621878716,0.756851483898,0.543621516719
1,1,507,0.868470345078,0.78085819121,0.311609081882
1,1,508,0.856919662849,0.799797948206,0.742967007454
1,1,509,0.838826389281,0.75966267936,0.520118922839
1,1,510,0.850720457716,0.761317479723,0.33003491738
1,1,511,0.862668095092,0.784843218162,0.56001510176
1,1,512,0.868329521917,0.794573943495,0.450273728485
1,1,513,0.861618314712,0.779849326866,0.381753739813
1,1,514,0.88864449236,0.821154144074,0.481087617434
1,1,515,0.846309244937,0.759753721533,0.404910420194
1,1,516,0.866050268976,0.789115725799,0.484449188867
1,1,517,0.850901342975,0.760044793874,0.433751611111
1,1,518,0.851774848918,0.768004536097,0.467790863922
1,1,519,0.870450573155,0.797128210174,0.371546521379
1,1,520,0.805229670595,0.688320630526,0.225561716124
1,1,521,0.859741051812,0.778807381893,0.462179395368
1,1,522,0.834307681406,0.76206896698,0.564022571877
1,1,523,0.854183564081,0.774690998921,0.456134098386
1,1,524,0.868586321532,0.780832964614,0.312672149259
1,1,525,0.857574334863,0.767244436,0.288524940399
1,1,526,0.85787410482,0.790859494836,0.624860693504
1,1,527,0.878258325893,0.796427352039,0.265803844941
1,1,528,0.862736046858,0.76931326923,0.205252567226
1,1,529,0.851289320797,0.753956374863,0.192866478189
1,1,530,0.888787933417,0.818507029456,0.653028207281
1,1,531,0.85548656039,0.769760033562,0.209748088145
1,1,532,0.872809285013,0.794240024259,0.494785329232
1,1,533,0.853659666282,0.779545626048,0.510031376661
1,1,534,0.853165680473,0.794260191708,0.720644366164
1,1,535,0.888580883279,0.813392568115,0.457055543024
1,1,536,0.866188932573,0.783895571344,0.367747938346
1,1,537,0.820774554477,0.709530559582,0.200691362629
1,1,538,0.859494196436,0.771973449714,0.324558408609
1,1,539,0.85652019598,0.754802626681,0.213357431495
1,1,540,0.857646988852,0.764706265483,0.339166222927
1,1,541,0.849760998168,0.770837725317,0.429786685772
1,1,542,0.84136875,0.7543262626,0.433792784386
1,1,543,0.860184244299,0.767253178183,0.273987783966
1,1,544,0.86761869767,0.783210890045,0.254945601921
1,1,545,0.854813210756,0.763902047456,0.435477088057
1,1,546,0.859980486004,0.772027231793,0.401771801395
1,1,547,0.862667166461,0.788700940094,0.520546303503
1,1,548,0.859685906761,0.774872322211,0.332071585821
1,1,549,0.85877661813,0.792967950238,0.602229995844
1,1,550,0.851379950782,0.770108085098,0.289534930492
1,1,551,0.852725620242,0.775496146858,0.590302443192
1,1,552,0.861687229132,0.797487173012,0.634031471604
1,1,553,0.848842527135,0.751912666892,0.274222903257
1,1,554,0.883493864093,0.808932978149,0.535255024682
1,1,555,0.856201325219,0.782808079633,0.590434853177
1,1,556,0.880950927734,0.799983337153,0.561761668887
1,1,557,0.855022956841,0.76671114147,0.482959559374
1,1,558,0.84676232687,0.76244022875,0.495994578349
1,1,559,0.853524824026,0.771402459255,0.469167277748
1,1,560,0.875219738438,0.806292686234,0.524334025786
1,1,561,0.847709195682,0.768154912203,0.500882189587
1,1,562,0.869443401853,0.777441441121,0.322649881552
1,1,563,0.878726752922,0.803062522844,0.574119019368
1,1,564,0.856525080273,0.763092274704,0.244696826817
1,1,565,0.866892426412,0.788012402418,0.50426956736
1,1,566,0.867261277194,0.797831265466,0.59342219052
1,1,567,0.864338015722,0.777883444283,0.328273825118
1,1,568,0.855314694533,0.77656339329,0.670798580068
1,1,569,0.858165576788,0.771779835143,0.295519225054
1,1,570,0.861556198347,0.763854833764,0.170989246013
1,1,571,0.835357084155,0.761503212924,0.663021317753
1,1,572,0.824336310488,0.725934100914,0.291907567605
1,1,573,0.891359205268,0.83652326344,0.710840415766
1,1,574,0.861265906337,0.760614995184,0.281605326542
1,1,575,0.829178740418,0.736618434236,0.414910907799
1,1,576,0.86956721851,0.781004852361,0.272353934733
1,1,577,0.878175007179,0.794864921107,0.527010869463
1,1,578,0.877100073046,0.806156084703,0.475920654311
1,1,579,0.865932668929,0.787963782143,0.506430054043
1,1,580,0.808409951325,0.693335048883,0.316725620238
1,1,581,0.859339278415,0.778347712853,0.45566043045
1,1,582,0.856421843146,0.780524712778,0.570700727757
1,1,583,0.8608278444,0.766196876707,0.27784187668
1,1,584,0.863452163538,0.784018238929,0.325698534839
1,1,585,0.836891337086,0.747089758221,0.331217810231
1,1,586,0.836160908695,0.734484237006,0.340220028635
1,1,587,0.81944835046,0.72173373699,0.383938494419
1,1,588,0.845765713456,0.784360319002,0.70759681243
1,1,589,0.852233184324,0.763773331065,0.377163152027
1,1,590,0.825349242429,0.723518578166,0.215900012586
1,1,591,0.859249317725,0.778525933388,0.506707041498
1,1,592,0.800684653844,0.689963970101,0.333175942994
1,1,593,0.841577237441,0.763271820679,0.519772111902
1,1,594,0.854886207929,0.780420894547,0.447851292423
1,1,595,0.868144355616,0.790400535963,0.486797987525
1,1,596,0.823046018992,0.739251234288,0.541998812832
1,1,597,0.809810684105,0.723928169329,0.419767007037
1,1,598,0.895049389664,0.844334053637,0.751876732909
1,1,599,0.846292911634,0.764394521934,0.508154080929
1,1,600,0.837441124311,0.732676534326,0.318275089768
1,1,601,0.855370677691,0.772416328762,0.502570325221
1,1,602,0.872594644392,0.793147222558,0.396509310353
1,1,603,0.824448082587,0.721945777617,0.349367581989
1,1,604,0.856544117647,0.765242359491,0.387788853783
1,1,605,0.87889224596,0.803901787517,0.305297292399
1,1,606,0.846909533094,0.747854568522,0.176818679933
1,1,607,0.866099399303,0.774293278469,0.398004535565
1,1,608,0.865152588689,0.781516641385,0.243573748
1,1,609,0.843139521868,0.748011974145,0.232406281427
1,1,610,0.864582577297,0.7947851976,0.566234820218
1,1,611,0.851821438426,0.762748166346,0.185522777179
1,1,612,0.881940066214,0.802626041118,0.52564036178
1,1,613,0.826033191568,0.724570738808,0.291621313547
1,1,614,0.867945888216,0.793159578273,0.508824277354
1,1,615,0.872646842671,0.793533049792,0.551572853905
1,1,616,0.849708506841,0.755419593719,0.401147752679
1,1,617,0.855425718238,0.786036236541,0.716781576002
1,1,618,0.81998790863,0.713996493067,0.290652175896
1,1,619,0.865769268943,0.78695349153,0.39462274583
1,1,620,0.863512112357,0.785380884447,0.503315727245
1,1,621,0.857887334045,0.776111320408,0.445143740904
1,1,622,0.884003204826,0.803588995771,0.392375683283
1,1,623,0.834435483871,0.739322590625,0.258760447051
1,1,624,0.85997155272,0.780696098291,0.486033581891
1,1,625,0.874303606458,0.787305751353,0.239470412967
1,1,626,0.873888924283,0.798580739241,0.521770336201
1,1,627,0.765563400242,0.644770893293,0.155100275285
1,1,628,0.816434461358,0.726513664658,0.322641478022
1,1,629,0.855441075497,0.785679128555,0.641476210923
1,1,630,0.85702150241,0.760160364167,0.234464865018
1,1,631,0.856425744156,0.770993472767,0.42347583322
1,1,632,0.842275390625,0.74586634519,0.429951364231
1,1,633,0.865844317262,0.783771721994,0.512062008145
1,1,634,0.862591455853,0.805868352162,0.68971498879
1,1,635,0.882878668199,0.81297487368,0.418559708676
1,1,636,0.887005645537,0.817579838865,0.373495551078
1,1,637,0.8799609375,0.794489175514,0.452201655355
1,1,638,0.86587775664,0.784083173195,0.426681231927
1,1,639,0.87342378764,0.796787495133,0.625425677203
1,1,640,0.856456097715,0.766085538729,0.249268412493
1,1,641,0.881987311385,0.838523182035,0.777464313992
1,1,642,0.868723433081,0.80511409999,0.634499802089
1,1,643,0.875314634034,0.790006422533,0.201306994228
1,1,644,0.837876023496,0.746954042527,0.4328588645
1,1,645,0.861222899825,0.799959080262,0.715973803329
1,1,646,0.870555323645,0.798575802151,0.576158122294
1,1,647,0.85908693758,0.768164914362,0.43370258641
1,1,648,0.732319520606,0.636999711003,0.328920991266
1,1,649,0.865969921875,0.777358111153,0.212299553135
1,1,650,0.801829936445,0.697242037339,0.215040944022
1,1,651,0.873526402739,0.7848656333,0.313470148531
1,1,652,0.857275218436,0.773679321172,0.451098112303
1,1,653,0.878531108305,0.802064098563,0.298985746536
1,1,654,0.8900181897,0.825503358628,0.689204943728
1,1,655,0.873244155402,0.800047874597,0.645648795957
1,1,656,0.876692709688,0.799190646288,0.44265650577
1,1,657,0.791266575217,0.661614967749,0.121204058939
1,1,658,0.84915735641,0.761977763841,0.39037959737
1,1,659,0.854004094688,0.764140608701,0.509835032006
1,1,660,0.856133254015,0.775527685807,0.397578033072
1,1,661,0.857189339067,0.754419995471,0.388842321123
1,1,662,0.850475311279,0.749156522747,0.338963977927
1,1,663,0.826822509766,0.727321321111,0.340967039329
1,1,664,0.81679092045,0.715407289203,0.304791295448
1,1,665,0.848855359001,0.748297047537,0.330430003201
1,1,666,0.864332027714,0.763274259632,0.228327204578
1,1,667,0.863487360387,0.768220125114,0.344922067765
1,1,668,0.864692216967,0.791683888687,0.394573583834
1,1,669,0.864533030344,0.781877808584,0.450289307191
1,1,670,0.874269065452,0.803055167554,0.613988495096
1,1,671,0.831655555556,0.759892181527,0.636666345317
1,1,672,0.846810544222,0.774718642324,0.679611384068
1,1,673,0.868179734828,0.792650227242,0.539715471473
1,1,674,0.851659223246,0.773630692833,0.434443516706
1,1,675,0.871723891013,0.791618409178,0.446795903751
1,1,676,0.813056104795,0.725703751397,0.453273658511
1,1,677,0.838241415193,0.757747399356,0.461359576363
1,1,678,0.829942035986,0.761287890807,0.558075852846
1,1,679,0.891187933659,0.816284955885,0.355879207335
1,1,680,0.881787629034,0.823153955918,0.723618671467
1,1,681,0.843504682303,0.736984684306,0.147705896963
1,1,682,0.860930608066,0.784605485154,0.541867917703
1,1,683,0.861182892275,0.795832691844,0.525494199016
1,1,684,0.784235630527,0.669128715131,0.228598667255
1,1,685,0.842811084937,0.747528707375,0.387363206579
1,1,686,0.847996114405,0.772617672619,0.530429202455
1,1,687,0.836378451788,0.736636910052,0.307152618756
1,1,688,0.775373191751,0.668620461767,0.300900882696
1,1,689,0.8919270089,0.824432206644,0.416285185292
1,1,690,0.880664124548,0.796285593542,0.257894965687
1,1,691,0.854611160207,0.764395495184,0.508679421782
1,1,692,0.832183309905,0.738802226367,0.420388262127
1,1,693,0.847102847574,0.747599736467,0.2358424002
1,1,694,0.888914084152,0.830057588736,0.708789527241
1,1,695,0.820270525026,0.72417493994,0.44743587917
1,1,696,0.847008577655,0.756894666073,0.346328083021
1,1,697,0.876748185972,0.817112172357,0.671379368545
1,1,698,0.833280709343,0.731085362818,0.279249173842
1,1,699,0.877975084781,0.79156274299,0.27969660528
1,1,700,0.868129230268,0.777607787285,0.395882073617
1,1,701,0.852692279856,0.795084516883,0.743131943552
1,1,702,0.861176748582,0.785820556243,0.610004475966
1,1,703,0.861917849723,0.793289288795,0.569607841172
1,1,704,0.76574214876,0.652197387664,0.2051200725
1,1,705,0.865948991178,0.770347687452,0.39009497041
1,1,706,0.867177117132,0.806756448554,0.731835469023
1,1,707,0.814499540863,0.704961154967,0.367262085953
1,1,708,0.788509916669,0.663680590048,0.155307441042
1,1,709,0.874697015337,0.811034996999,0.666082355506
1,1,710,0.857550535077,0.793622602965,0.635303200612
1,1,711,0.867681700661,0.785553855949,0.484379332395
1,1,712,0.873784974123,0.805385019674,0.564160437517
1,1,713,0.850756520757,0.770971896756,0.485804057141
1,1,714,0.808261504748,0.69212625789,0.258638390118
1,1,715,0.860289256198,0.787363381194,0.62670719149
1,1,716,0.865699229428,0.772733956396,0.232342713487
1,1,717,0.88905255373,0.85161709445,0.885067029957
1,1,718,0.804565972222,0.68473767684,0.283590026257
1,1,719,0.850722716958,0.771223828646,0.599946961395
1,1,720,0.866950178445,0.784340191146,0.2974372627
1,1,721,0.885711755777,0.811531600195,0.362141516858
1,1,722,0.826175366978,0.748607156007,0.469689705834
1,1,723,0.842213580465,0.749424360692,0.513907175635
1,1,724,0.796512345679,0.682271834672,0.287956620806
1,1,725,0.869113812371,0.788351135039,0.43099106618
1,1,726,0.843359839477,0.739382956368,0.382145290066
1,1,727,0.838337151686,0.758289964166,0.599101951495
1,1,728,0.87025635585,0.801408931632,0.583974352224
1,1,729,0.840059712365,0.75078721679,0.508661741884
1,1,730,0.856949453217,0.754222498321,0.198970702773
1,1,731,0.856805365036,0.801458540437,0.829629655462
1,1,732,0.867110733182,0.808478116536,0.703234856873
1,1,733,0.852087396941,0.776588011879,0.541021909066
1,1,734,0.832147942631,0.748356207919,0.621395326671
1,1,735,0.873453578448,0.800435587289,0.593954355772
1,1,736,0.85831966788,0.784978310887,0.627266560804
1,1,737,0.827692739065,0.738475936572,0.434449193137
1,1,738,0.84310351954,0.73451029393,0.164668286383
1,1,739,0.852681481481,0.775564735751,0.529617354037
1,1,740,0.841557669441,0.730503453623,0.34036232157
1,1,741,0.816938254894,0.712610037742,0.296050680883
1,1,742,0.873151554872,0.77682803319,0.229686511502
1,1,743,0.801583044983,0.694424145092,0.25538457378
1,1,744,0.869983881176,0.782756525972,0.426934273964
1,1,745,0.851118367347,0.758679477089,0.491554292042
1,1,746,0.875078735198,0.801719977638,0.368627676799
1,1,747,0.857423235524,0.782415138625,0.420348528446
1,1,748,0.835617657529,0.766205568843,0.607739680275
1,1,749,0.842608612072,0.813237814969,0.853763944469
1,1,750,0.8496901369,0.751575099768,0.432308328813
1,1,751,0.835190900777,0.739289451955,0.408937112353
1,1,752,0.850180271468,0.755037924298,0.267320359593
1,1,753,0.865357513777,0.790443577364,0.663886607064
1,1,754,0.842169777883,0.748093918155,0.407799464916
1,1,755,0.862575763723,0.768866195591,0.248856331498
1,1,756,0.860891168031,0.773821532399,0.450188850193
1,1,757,0.857211238293,0.790472945471,0.655421580834
1,1,758,0.85024691358,0.772817984127,0.592354141732
1,1,759,0.83705287461,0.741395697853,0.254092307755
1,1,760,0.801198831596,0.690962219203,0.274357979483
1,1,761,0.860413469819,0.790181203295,0.574814753663
1,1,762,0.737522031726,0.61879281023,0.1554431817
1,1,763,0.862714065417,0.783870080171,0.576375283662
1,1,764,0.864716772672,0.795659716007,0.689503207043
1,1,765,0.854282967473,0.759817559962,0.372346853661
1,1,766,0.854928643677,0.769655111982,0.47087710575
1,1,767,0.870170794473,0.810986034777,0.745680143417
1,1,768,0.877699049209,0.827442218026,0.774633192481
1,1,769,0.846311492601,0.743116654356,0.209197895618
1,1,770,0.827277719968,0.731973252696,0.36830041914
1,1,771,0.878178444932,0.805677718438,0.567167344337
1,1,772,0.828334742181,0.733899773412,0.394152447771
1,1,773,0.833898019992,0.757814056708,0.557224995689
1,1,774,0.822777777778,0.731261885654,0.464668624933
1,1,775,0.832531572071,0.733084059525,0.317425687035
1,1,776,0.837931468884,0.747096623669,0.484429935431
1,1,777,0.833924012362,0.729731725176,0.310612481304
1,1,778,0.800673711569,0.69335881966,0.323770516614
1,1,779,0.817443930224,0.716683085092,0.274806237219
1,1,780,0.842861617981,0.736111901852,0.23751119421
1,1,781,0.807692307692,0.681758938212,0.165918840355
1,1,782,0.863360613429,0.785413346741,0.559891823458
1,1,783,0.85529396462,0.760281459183,0.466826087115
1,1,784,0.864818979824,0.769832686264,0.345157925185
1,1,785,0.837041408913,0.739772667447,0.276476283017
1,1,786,0.801558858838,0.686655127637,0.199731631312
1,1,787,0.854280987459,0.750387153015,0.307882629602
1,1,788,0.883714449871,0.798395810971,0.438914038001
1,1,789,0.911911703037,0.880869937186,0.944373036091
1,1,790,0.876279408392,0.813625121807,0.527929802522
1,1,791,0.86865919974,0.79647285086,0.55593410875
1,1,792,0.750858353422,0.61834668681,0.133992746334
1,1,793,0.892476748719,0.851061681335,0.899424323955
1,1,794,0.794235297669,0.710620413609,0.437837474975
1,1,795,0.824022705825,0.716551418801,0.333039943595
1,1,796,0.830735388381,0.734455299274,0.480434381935
1,1,797,0.83650679847,0.742975321075,0.387690009965
1,1,798,0.881802145517,0.792981100548,0.29683854609
1,1,799,0.850835067638,0.762605850694,0.496538690077
1,1,800,0.817740073559,0.716735366271,0.38409447631
1,1,801,0.853406795225,0.803140366471,0.799873224211
1,1,802,0.84900649713,0.780752051939,0.675621769254
1,1,803,0.860044117046,0.784821245647,0.559388084964
1,1,804,0.84078725016,0.720176343831,0.275111420074
1,1,805,0.836799376882,0.743225084261,0.445421698272
1,1,806,0.872345615243,0.784058473604,0.474820241549
1,1,807,0.841518212395,0.76340283508,0.481974288716
1,1,808,0.816922775027,0.710916081748,0.390808774575
1,1,809,0.871459374116,0.778500808953,0.408604328532
1,1,810,0.859381876864,0.763587721584,0.420622900343
1,1,811,0.836509452644,0.754827301919,0.606039353694
1,1,812,0.842935581435,0.745360060471,0.321961959607
1,1,813,0.828478903521,0.715103995981,0.198812206187
1,1,814,0.835265534129,0.7594807126,0.525887003032
1,1,815,0.79377362949,0.710660337763,0.554268645027
1,1,816,0.832317039215,0.746386509748,0.434799810169
1,1,817,0.865431777646,0.78263393093,0.505224157079
1,1,818,0.853420988556,0.767101291984,0.514401680494
1,1,819,0.885595414201,0.841192837509,0.872169490756
1,1,820,0.874190989279,0.802678841179,0.483046989704
1,1,821,0.822817720864,0.703859123262,0.103579273394
1,1,822,0.826562352719,0.726394213407,0.444370577301
1,1,823,0.860356827762,0.83063521967,0.837860147701
1,1,824,0.884180040387,0.835222293546,0.798217934123
1,1,825,0.850248766405,0.787863568809,0.753633069213
1,1,826,0.860320375472,0.785606407747,0.563948495701
1,1,827,0.840449475947,0.74354779468,0.336800192298
1,1,828,0.830930811788,0.72949831494,0.415808162963
1,1,829,0.845114550417,0.755217351601,0.473247007457
1,1,830,0.859472434807,0.778054356938,0.531742261729
1,1,831,0.842601572309,0.742719502269,0.253957367305
1,1,832,0.846726289324,0.757026608218,0.366595602416
1,1,833,0.850434669391,0.755222724137,0.302889571063
1,1,834,0.823967556975,0.720397643205,0.395889744095
1,1,835,0.82656,0.728529746139,0.362157334564
1,1,836,0.868976761037,0.827369740049,0.878016907155
1,1,837,0.879074441496,0.81823461541,0.766133555969
1,1,838,0.804975475624,0.715421437957,0.450925107592
1,1,839,0.81918,0.73762523356,0.499913781658
1,1,840,0.877365182371,0.808979681996,0.475329941358
1,1,841,0.84659529321,0.767136700232,0.5952659815
1,1,842,0.827273253347,0.739423296641,0.373410352933
1,1,843,0.697256235828,0.587600438085,0.168716102329
1,1,844,0.856585102059,0.759984265718,0.229586604129
1,1,845,0.835500039157,0.741423611263,0.498014645984
1,1,846,0.824284724812,0.726739245038,0.427406443374
1,1,847,0.812933207309,0.716662291006,0.437559353543
1,1,848,0.846084639213,0.731859948928,0.138935589135
1,1,849,0.818271057053,0.713424805596,0.278310820852
1,1,850,0.86146651858,0.778075024341,0.491296883007
1,1,851,0.877425557951,0.834017479364,0.795890430127
1,1,852,0.861295505723,0.766535749378,0.324983891552
1,1,853,0.842451971635,0.750183119383,0.426945174066
1,1,854,0.807958477509,0.695698249254,0.311873864705
1,1,855,0.820876,0.7183676126,0.296823138934
1,1,856,0.847298326218,0.761246081279,0.371301839413
1,1,857,0.845793005844,0.750247309925,0.399460236387
1,1,858,0.850729517396,0.782084296355,0.730343486392
1,1,859,0.800446718209,0.698531456236,0.303669171115
1,1,860,0.856570434271,0.74902211986,0.286253557877
1,1,861,0.846087408949,0.763892729678,0.591011408622
1,1,862,0.813402777778,0.705634436886,0.388818169958
1,1,863,0.862273777778,0.777702368975,0.554401589621
1,1,864,0.822443878051,0.742317479298,0.59112427509
1,1,865,0.817016503765,0.746500462147,0.561124251674
1,1,866,0.868405900185,0.788615223933,0.510525743446
1,1,867,0.880849919311,0.796072549802,0.53269659198
1,1,868,0.850954292198,0.781072197994,0.564081746931
1,1,869,0.840382525123,0.732764816238,0.295835772163
1,1,870,0.894969925309,0.820598646682,0.578568755518
1,1,871,0.836679739923,0.739561687679,0.398849743949
1,1,872,0.825322352311,0.732764216362,0.52761339924
1,1,873,0.817190183644,0.696169586687,0.191294349028
1,1,874,0.790604999396,0.672418970886,0.215135848558
1,1,875,0.854360786701,0.750951663987,0.241300727532
1,1,876,0.776059027778,0.660198624047,0.234002558152
1,1,877,0.859076049258,0.778545468213,0.453633223138
1,1,878,0.832680669277,0.740488771725,0.505764703772
1,1,879,0.842102827526,0.751993268668,0.483077438893
1,1,880,0.829161352041,0.735105513588,0.454605219375
1,1,881,0.885015619295,0.801492267549,0.508025967489
1,1,882,0.828247876691,0.73736824774,0.46650570427
1,1,883,0.81551338167,0.709915252576,0.337258911122
1,1,884,0.872694227431,0.796676067688,0.589795914259
1,1,885,0.849660834213,0.785218792191,0.608282487433
1,1,886,0.798835834557,0.691745373199,0.225028809524
1,1,887,0.868176682438,0.792059363964,0.581539193219
1,1,888,0.836292214107,0.755890240087,0.518961133069
1,1,889,0.817174373335,0.740727921514,0.570401774679
1,1,890,0.808330046022,0.69435162592,0.291280816227
1,1,891,0.874885215794,0.804362684934,0.540701046402
1,1,892,0.766787561046,0.680584767818,0.39363817162
1,1,893,0.800492709502,0.725524065928,0.547860389932
1,1,894,0.883741666667,0.837651249379,0.793725195785
1,1,895,0.844028962507,0.752222426739,0.468507782289
1,1,896,0.859168975069,0.783387293425,0.677273320572
1,1,897,0.875283446712,0.800470902016,0.591489094417
1,1,898,0.769526627219,0.649618960939,0.216083485018
1,1,899,0.854871589697,0.774805002258,0.531543133326
1,1,900,0.842491149902,0.772192036629,0.647279865915
1,1,901,0.855139188126,0.769679946882,0.497333724479
1,1,902,0.827180720558,0.743455976964,0.522195783241
1,1,903,0.8029976167,0.709103280608,0.408502932763
1,1,904,0.834150306972,0.740732203866,0.375113183922
1,1,905,0.821200178465,0.756876210067,0.739410521395
1,1,906,0.811189231416,0.702405006543,0.298316310098
1,1,907,0.832030415652,0.728687964871,0.347343600668
1,1,908,0.722694336406,0.607429424374,0.163456075368
1,1,909,0.8633294844,0.77592116574,0.474867310397
1,1,910,0.859685736361,0.802081883634,0.666034306579
1,1,911,0.844354735358,0.76963502853,0.526794571121
1,1,912,0.821972789116,0.73432128747,0.481415613317
1,1,913,0.838124349636,0.758677514919,0.501800465218
1,1,914,0.826074030028,0.762743237577,0.678562982782
1,1,915,0.880150548835,0.814305101516,0.624768282563
1,1,916,0.843197666769,0.792050376439,0.720423930541
1,1,917,0.840602999694,0.763443027461,0.567800995426
1,1,918,0.838745117188,0.764167632392,0.601259198107
1,1,919,0.861249882176,0.789258830808,0.624472610029
1,1,920,0.801142939815,0.728714574027,0.612411366272
1,1,921,0.83298816568,0.757492925453,0.581425441739
1,1,922,0.849287903371,0.742125192318,0.376545952194
1,1,923,0.862340856481,0.773200268965,0.463768215324
1,1,924,0.798148807405,0.709175290703,0.462422683073
1,1,925,0.819033921841,0.743742085839,0.526445953964
1,1,926,0.873077121286,0.789032112477,0.556291031683
1,1,927,0.849961045706,0.803561076784,0.799652472418
1,1,928,0.847325,0.781633284422,0.671022966185
1,1,929,0.823098629401,0.72782036698,0.475089192861
1,1,930,0.857946005319,0.754782812807,0.379017770168
1,1,931,0.84426662822,0.78247503225,0.664904188475
1,1,932,0.824806793466,0.753627317831,0.641435973236
1,1,933,0.831475182666,0.711432048109,0.296055738533
1,1,934,0.860280447767,0.772358901574,0.514062678367
1,1,935,0.81785771511,0.729271387758,0.421188027108
1,1,936,0.850645678198,0.787497035298,0.648397605555
1,1,937,0.833033666067,0.739889107107,0.448534154649
1,1,938,0.8620900448,0.783062543241,0.583939064137
1,1,939,0.787864583333,0.679760624625,0.307506719839
1,1,940,0.838117732558,0.728489475279,0.342696020765
1,1,941,0.796390778534,0.693144620962,0.373032487671
1,1,942,0.827810650888,0.70337433078,0.264871686321
1,1,943,0.83951366591,0.727265051841,0.171159505366
1,1,944,0.835525,0.770804300454,0.712509011138
1,1,945,0.831943630454,0.741960664637,0.456809305461
1,1,946,0.844674662453,0.750643815679,0.462409678093
1,1,947,0.842603305785,0.783841452565,0.669005292604
1,1,948,0.853767542883,0.766027948035,0.510180028645
1,1,949,0.82219478738,0.738294288873,0.475798345468
1,1,950,0.852514459367,0.767817703431,0.512142388189
1,1,951,0.845659283484,0.755279740817,0.480950550211
1,1,952,0.820600433594,0.706883025151,0.339303099827
1,1,953,0.810605536332,0.727801925592,0.487524322462
1,1,954,0.873421717172,0.797326078018,0.557961594468
1,1,955,0.863817793495,0.766923011828,0.388871614154
1,1,956,0.812677999288,0.733412419951,0.507382709866
1,1,957,0.860868156787,0.777801041028,0.509751041163
1,1,958,0.810867326238,0.731250688542,0.522472881885
1,1,959,0.762646241899,0.652381935125,0.266604902194
1,1,960,0.85554834679,0.758404985196,0.387226437429
1,1,961,0.847591011447,0.775987264095,0.571030601359
1,1,962,0.762397532668,0.658527530415,0.329356859059
1,1,963,0.830409585715,0.742978121794,0.480434909133
