0,1,0,0.891452588824,0.931657574511,1.0
1,0,0,0.984919510912,0.979365947705,1.0
0,0,0,0.796267615473,0.811968282656,0.919801216745
1,1,0,0.847180682293,0.775648338203,0.208446627113
1,1,1,0.844101904613,0.763213777232,0.214691788553
1,1,2,0.838740894901,0.746528775032,0.312119368974
1,1,3,0.852154534598,0.771904852601,0.37754181228
1,1,4,0.859038235258,0.783025198938,0.369932923471
1,1,5,0.868438806122,0.805274415585,0.590058269333
1,1,6,0.842651587637,0.767705627133,0.25450554498
1,1,7,0.87711748673,0.806823948456,0.116917352034
1,1,8,0.853385830934,0.775086485087,0.322230198074
1,1,9,0.858250531831,0.776022698407,0.288542069915
1,1,10,0.847253795465,0.76496670654,0.524160556312
1,1,11,0.856199520208,0.785847992718,0.500803330267
1,1,12,0.85085535511,0.777841822874,0.484416522289
1,1,13,0.878044648063,0.811706156439,0.482395642358
1,1,14,0.846585321759,0.761532885276,0.0760935010595
1,1,15,0.868379993844,0.790799359287,0.31319753139
1,1,16,0.873202510604,0.808217006384,0.524856072152
1,1,17,0.872133950796,0.796311617448,0.31407265009
1,1,18,0.855457926419,0.784447009514,0.413482059246
1,1,19,0.857852417474,0.769148665982,0.190567707966
1,1,20,0.861874715698,0.784930503128,0.387425279304
1,1,21,0.839105998669,0.756701854204,0.319590100647
1,1,22,0.848413542878,0.772212772017,0.337963332072
1,1,23,0.858900200163,0.785832407197,0.355753712018
1,1,24,0.861359849157,0.792354975747,0.44953607334
1,1,25,0.863009948381,0.799039049339,0.570327981569
1,1,26,0.856177778538,0.787878943353,0.384025734252
1,1,27,0.853276803626,0.779270462108,0.543691100331
1,1,28,0.852651207408,0.777122387951,0.368864902223
1,1,29,0.84979352572,0.769566087353,0.196649475306
1,1,30,0.855151385257,0.782953756776,0.530610054563
1,1,31,0.868810516757,0.793811304353,0.195087251795
1,1,32,0.861074782009,0.801518862673,0.664992892514
1,1,33,0.865191554114,0.789935666172,0.233823719851
1,1,34,0.896036291767,0.832335505002,0.548415030653
1,1,35,0.853830403677,0.777653841238,0.278124074754
1,1,36,0.866537121332,0.787037207497,0.0607228020155
1,1,37,0.867193106675,0.791639367768,0.450003119962
1,1,38,0.871287903021,0.804837602413,0.612563926894
1,1,39,0.872374374692,0.804359754445,0.297873102954
1,1,40,0.833099437355,0.733892689433,0.320045171365
1,1,41,0.85904842344,0.768638187453,0.0822767828707
1,1,42,0.85742270541,0.761536711179,0.254978662898
1,1,43,0.865813449359,0.766732896913,0.147088825348
1,1,44,0.887497976645,0.836843970192,0.737050952225
1,1,45,0.852813280197,0.759706075293,0.119721391111
1,1,46,0.852912450906,0.770329600032,0.0732044801956
1,1,47,0.857333557781,0.790601130469,0.671140302553
1,1,48,0.865734287378,0.782012659736,0.234642169475
1,1,49,0.874248148148,0.806641271955,0.550911936937
1,1,50,0.871812516719,0.785054722217,0.153659315716
1,1,51,0.84879680421,0.778872241098,0.603768854457
1,1,52,0.873751471743,0.799411737585,0.358138718605
1,1,53,0.859712454346,0.794885825268,0.627100790459
1,1,54,0.86290565422,0.780343107061,0.182204351914
1,1,55,0.863804926507,0.78279246025,0.44140051311
1,1,56,0.867733280641,0.797231206216,0.215870329745
1,1,57,0.865075416707,0.790903143094,0.578813100222
1,1,58,0.868820480325,0.788387000183,0.368244576244
1,1,59,0.860598666043,0.776542928173,0.393957184919
1,1,60,0.86112706539,0.77846867455,0.274177409358
1,1,61,0.856428572596,0.774708225518,0.17154613977
1,1,62,0.840925645359,0.76198209489,0.492801511788
1,1,63,0.862277747862,0.786157290483,0.448937675445
1,1,64,0.847729868459,0.761205382266,0.158458450899
1,1,65,0.850488724023,0.771858941377,0.391585755667
1,1,66,0.864325809897,0.781135117369,0.379500016914
1,1,67,0.889987455545,0.848268737733,0.816877233493
1,1,68,0.861499491899,0.787067569492,0.242517180562
1,1,69,0.850932841769,0.764084185824,0.174940928031
1,1,70,0.854133244379,0.760922477514,0.29089271215
1,1,71,0.88861883398,0.826008558455,0.422029626353
1,1,72,0.875801886792,0.81009757198,0.545242704429
1,1,73,0.863710406689,0.789391755189,0.27191931717
1,1,74,0.854331556338,0.790332405887,0.629377824383
1,1,75,0.877202398516,0.816330557662,0.770249933843
1,1,76,0.830735636994,0.745535542353,0.217386428015
1,1,77,0.868027646045,0.79554481888,0.373621248952
1,1,78,0.856581125625,0.783152525401,0.216341853755
1,1,79,0.843067797871,0.741955264594,0.160803164546
1,1,80,0.868474487877,0.796824664186,0.53087705906
1,1,81,0.852622850861,0.760139192541,0.229587109165
1,1,82,0.852460011306,0.775479516899,0.189403683534
1,1,83,0.859966414336,0.782355649889,0.475318640006
1,1,84,0.839449818014,0.760443677988,0.551061743747
1,1,85,0.86915973044,0.789330676316,0.338619981394
1,1,86,0.8771724234,0.80385687324,0.146116513002
1,1,87,0.859440085614,0.783631292293,0.226455652621
1,1,88,0.856750819518,0.765916584437,0.427043845763
1,1,89,0.877779649341,0.803940227872,0.356856929837
1,1,90,0.857059268452,0.762479014862,0.201627744084
1,1,91,0.864296987795,0.787933578297,0.142024069647
1,1,92,0.844550238715,0.757281186949,0.521743223645
1,1,93,0.878844732612,0.813420651106,0.424286920683
1,1,94,0.879203599048,0.810333049497,0.469007370033
1,1,95,0.828842417267,0.734998849244,0.453697670678
1,1,96,0.854608691667,0.778039689237,0.304653596406
1,1,97,0.862495237354,0.781621968819,0.257055950775
1,1,98,0.865075740047,0.788220225264,0.406178962159
1,1,99,0.846502625286,0.774401782924,0.341663769999
1,1,100,0.856937202983,0.780923847491,0.426238063433
1,1,101,0.867594900307,0.795126508356,0.479331689786
1,1,102,0.870902165046,0.806678494943,0.793838348724
1,1,103,0.855482572294,0.783482248832,0.328370605439
1,1,104,0.870179760076,0.793323275454,0.520688688063
1,1,105,0.874984409789,0.80875288815,0.742808621616
1,1,106,0.841970586233,0.753681734665,0.410639279555
1,1,107,0.840694112878,0.759859526747,0.501209409305
1,1,108,0.857450492937,0.783034365816,0.226499029913
1,1,109,0.83870767129,0.752211639632,0.357352331008
1,1,110,0.868298123054,0.807886832678,0.700200243964
1,1,111,0.85817646661,0.783653567931,0.534601082305
1,1,112,0.844172507152,0.766775195609,0.181575789753
1,1,113,0.894368668041,0.83923689471,0.726131650141
1,1,114,0.876347626378,0.804140167005,0.270061892761
1,1,115,0.866421467442,0.801391967215,0.701770095204
1,1,116,0.868548218029,0.794407437456,0.369773391433
1,1,117,0.859935425224,0.776080118579,0.468950628823
1,1,118,0.873181478185,0.807184994624,0.50265498071
1,1,119,0.844250943981,0.764240764904,0.332303583936
1,1,120,0.852960608956,0.767125883169,0.36580272576
1,1,121,0.878200090575,0.841220348431,0.885418029671
1,1,122,0.872761307034,0.795439015276,0.517828595766
1,1,123,0.887746339122,0.808199895735,0.38954241981
1,1,124,0.866984885269,0.781603470545,0.4196031774
1,1,125,0.861818354862,0.797196735147,0.734130341525
1,1,126,0.860947284978,0.775064277621,0.110567736151
1,1,127,0.856344839745,0.767093492145,0.254223230846
1,1,128,0.8849127662,0.822702352742,0.439941414006
1,1,129,0.883785440053,0.829546244221,0.736992310845
1,1,130,0.862290983336,0.792913304714,0.42880996019
1,1,131,0.869446432818,0.804831062095,0.697409083955
1,1,132,0.819125764214,0.723880854447,0.427916216869
1,1,133,0.861452959081,0.795278603907,0.302112794454
1,1,134,0.87581273093,0.800900868816,0.299159259667
1,1,135,0.870356862024,0.797848149631,0.475626090763
1,1,136,0.860033063413,0.779734380318,0.139637678786
1,1,137,0.872328140472,0.801628234108,0.200893069831
1,1,138,0.863805161203,0.79216063647,0.442431302368
1,1,139,0.854189608587,0.77676726293,0.180551060486
1,1,140,0.865990739455,0.789428852207,0.393321944095
1,1,141,0.870801137613,0.800576643997,0.526032671184
1,1,142,0.874085122337,0.790298558046,0.345486162826
1,1,143,0.862991096619,0.783673937067,0.290923546259
1,1,144,0.871343592654,0.79495183601,0.541328089957
1,1,145,0.85867805235,0.784979797187,0.467641258538
1,1,146,0.851366235064,0.774013676073,0.274512672121
1,1,147,0.864102903101,0.793144772651,0.416377078686
1,1,148,0.864751791448,0.792342007581,0.565254561098
1,1,149,0.846118290862,0.765195134244,0.233159472061
1,1,150,0.87777971933,0.815673195515,0.631029209641
1,1,151,0.883016374605,0.815389778963,0.649545595799
1,1,152,0.854669924683,0.778469883893,0.237489789093
1,1,153,0.860933217429,0.785834459135,0.306563895481
1,1,154,0.877418367347,0.781298338103,0.293879295312
1,1,155,0.845116522444,0.759077139915,0.0767520315268
1,1,156,0.848498250028,0.767265711762,0.406791783683
1,1,157,0.866081958159,0.768049380709,0.32704768608
1,1,158,0.874052964338,0.802395212715,0.601208515608
1,1,159,0.903691309967,0.840859679327,0.398620255665
1,1,160,0.85499602531,0.784743045108,0.290393463417
1,1,161,0.853219360192,0.760521408626,0.463785901031
1,1,162,0.849487558895,0.757347149573,0.214048485397
1,1,163,0.893922877252,0.833020727623,0.409971865063
1,1,164,0.857923218405,0.787524191237,0.305856816193
1,1,165,0.845225143455,0.757403228201,0.123346209732
1,1,166,0.860651652833,0.788175453713,0.533847212311
1,1,167,0.874496358764,0.800674812651,0.391879786176
1,1,168,0.853549411058,0.767645735147,0.277056493253
1,1,169,0.868974690303,0.796212134893,0.411074143477
1,1,170,0.858655080705,0.779051686969,0.579736118165
1,1,171,0.868103497031,0.795760706178,0.144016554821
1,1,172,0.860272093849,0.778336097709,0.156134611007
1,1,173,0.852159294081,0.772912489272,0.228492457726
1,1,174,0.857016463055,0.786725461563,0.525516707573
1,1,175,0.859867638311,0.783898476673,0.662339085363
1,1,176,0.853976254584,0.768943227906,0.0732466269563
1,1,177,0.864446497008,0.786368271513,0.166836613988
1,1,178,0.870264227337,0.79613027713,0.524177522336
1,1,179,0.865738448426,0.777955282997,0.323736591828
1,1,180,0.865885827215,0.788425669805,0.521963646265
1,1,181,0.8347893504,0.748012490508,0.146617732652
1,1,182,0.839118117443,0.752009446473,0.161718608647
1,1,183,0.854186166356,0.76464598181,0.410840604891
1,1,184,0.831937476776,0.750180654296,0.143790193063
1,1,185,0.863764272302,0.794458540572,0.517928647136
1,1,186,0.856058799859,0.768074571485,0.236862037243
1,1,187,0.896765448663,0.825685735283,0.327013892066
1,1,188,0.859667270499,0.765185018477,0.113300068614
1,1,189,0.855802164412,0.776900774467,0.191861337443
1,1,190,0.862989311599,0.778282836759,0.115028671126
1,1,191,0.877515275262,0.810657429896,0.446876143225
1,1,192,0.867965078436,0.791484110865,0.439761869554
1,1,193,0.822078869272,0.750267006451,0.518184413394
1,1,194,0.870959638893,0.78982928045,0.253532219613
1,1,195,0.866188401187,0.788448054397,0.415275711991
1,1,196,0.858121222199,0.777877249391,0.296325583497
1,1,197,0.864417875784,0.780547716416,0.341701526604
1,1,198,0.852968823914,0.772796170596,0.103543665905
1,1,199,0.866089659706,0.789031036184,0.357856821006
1,1,200,0.864213558275,0.788094348706,0.301345951659
1,1,201,0.859900350765,0.780603158855,0.534915905192
1,1,202,0.859001042271,0.785597436445,0.302087341649
1,1,203,0.851507528618,0.765819550292,0.316684107947
1,1,204,0.863046545472,0.782506577738,0.291362238661
1,1,205,0.822204930889,0.710376178474,0.255820880346
1,1,206,0.862166028492,0.791504343317,0.614830860587
1,1,207,0.881667373985,0.804130733298,0.10055529994
1,1,208,0.863144348047,0.770703688065,0.188006506918
1,1,209,0.863775063726,0.79127821338,0.278937715356
1,1,210,0.863824123806,0.776345911604,0.0886560597825
1,1,211,0.905048865276,0.877471150502,0.974573933499
1,1,212,0.839557240896,0.743239212824,0.283862729446
1,1,213,0.860873215274,0.768174065501,0.14201567838
1,1,214,0.868600442822,0.787379017177,0.219455184113
1,1,215,0.8555498754,0.77095869268,0.311900268031
1,1,216,0.877410195864,0.816088672176,0.684954327855
1,1,217,0.850940819206,0.750774307599,0.237025525054
1,1,218,0.844102056542,0.737575773297,0.234090605298
1,1,219,0.866227536421,0.789222007066,0.119730765678
1,1,220,0.863738275022,0.778690156657,0.250849544338
1,1,221,0.863021976692,0.786061437519,0.526629506248
1,1,222,0.854116227873,0.764219225718,0.420562099373
1,1,223,0.851136260751,0.750826460295,0.310116799127
1,1,224,0.867005069424,0.785904678709,0.417636419824
1,1,225,0.854266504089,0.772412498916,0.221224223488
1,1,226,0.875829631699,0.795016648299,0.455230981278
1,1,227,0.85923103771,0.786820195862,0.69033421916
1,1,228,0.873322695333,0.798433302639,0.523520636005
1,1,229,0.853711043646,0.765111554372,0.475435849099
1,1,230,0.838481497135,0.748250667958,0.313954200292
1,1,231,0.85236671906,0.748275013526,0.250111846422
1,1,232,0.874972472304,0.793352834471,0.382649470604
1,1,233,0.862736752137,0.775972913624,0.412290308757
1,1,234,0.860491105041,0.796146128228,0.62750241203
1,1,235,0.86170840317,0.774913843285,0.46013999624
1,1,236,0.867268218697,0.797542089162,0.369692663883
1,1,237,0.879120258156,0.813410849556,0.608859184528
1,1,238,0.847640263465,0.746919708984,0.27375497865
1,1,239,0.861940141249,0.771262944445,0.111338693619
1,1,240,0.871770146572,0.794635149092,0.312853882766
1,1,241,0.874861524456,0.79299623356,0.379988652195
1,1,242,0.853875079444,0.75686819464,0.280141324852
1,1,243,0.871696903861,0.786977374819,0.243855120505
1,1,244,0.874089803065,0.798384057588,0.34529976751
1,1,245,0.872031823381,0.801146754198,0.449813003551
1,1,246,0.875606499378,0.80412160457,0.272081148244
1,1,247,0.846239485453,0.767876659047,0.19158655049
1,1,248,0.853306151383,0.767624985864,0.428703754714
1,1,249,0.858092176649,0.771967881035,0.398531451197
1,1,250,0.874582249176,0.807884325738,0.323860571717
1,1,251,0.85399871531,0.762054618948,0.288072517402
1,1,252,0.874758622395,0.815687734584,0.564188088307
1,1,253,0.877449453138,0.806104386535,0.408829970245
1,1,254,0.865520237014,0.7789597946,0.255281891439
1,1,255,0.862450936495,0.772361357619,0.116598102037
1,1,256,0.873152908222,0.790070619821,0.247317742451
1,1,257,0.860900075949,0.774770192363,0.367135307774
1,1,258,0.869182693135,0.787695792378,0.426995720951
1,1,259,0.855773590369,0.771517756418,0.356367065601
1,1,260,0.879115436329,0.811142588983,0.535163166517
1,1,261,0.870762382899,0.794305516531,0.510134250142
1,1,262,0.888192515815,0.819489059231,0.504665341551
1,1,263,0.859058690812,0.781149878589,0.193469869345
1,1,264,0.861066400596,0.78434512946,0.327133565269
1,1,265,0.866810943501,0.792842078854,0.493215768805
1,1,266,0.86015880796,0.772830767439,0.220870043535
1,1,267,0.864755099096,0.77905699687,0.18639964777
1,1,268,0.8528243,0.781670745473,0.362748465501
1,1,269,0.871817538494,0.801647348022,0.361713381078
1,1,270,0.86766282996,0.780493155303,0.353743399807
1,1,271,0.857584872994,0.78053336136,0.144104706365
1,1,272,0.878579136779,0.801166918375,0.51750189731
1,1,273,0.875089179548,0.777501061836,0.299129316147
1,1,274,0.873333746667,0.801620485329,0.399697725408
1,1,275,0.845641572956,0.764496101755,0.535959000526
1,1,276,0.85032437788,0.762125457229,0.265286171818
1,1,277,0.878859959621,0.811876806408,0.446190389113
1,1,278,0.854800160159,0.784950843406,0.338265722614
1,1,279,0.862845951779,0.779651840555,0.091728360404
1,1,280,0.856936640875,0.781593728143,0.527345187244
1,1,281,0.870367044739,0.810958304833,0.774466679159
1,1,282,0.890370956196,0.827736628298,0.42149513922
1,1,283,0.866569731672,0.790672540688,0.34748421143
1,1,284,0.881192314341,0.805616312293,0.420778299508
1,1,285,0.860969031374,0.790695973816,0.503161620294
1,1,286,0.8383860357,0.744859201254,0.11461037178
1,1,287,0.846529995218,0.758478723989,0.228936429992
1,1,288,0.81936933873,0.711845190751,0.208214906124
1,1,289,0.835821679333,0.749808577369,0.247764916632
1,1,290,0.801554324408,0.703844994107,0.417724737495
1,1,291,0.860283977881,0.78465073299,0.355411721709
1,1,292,0.839939048587,0.752740883734,0.516873782164
1,1,293,0.871048657481,0.797382040373,0.468797516634
1,1,294,0.872869352054,0.807249757875,0.345087556049
1,1,295,0.848607101016,0.772541132521,0.317540457616
1,1,296,0.864440685531,0.789651654453,0.398854910213
1,1,297,0.863139432644,0.786189693132,0.539883779785
1,1,298,0.855724945723,0.772734362796,0.177271638985
1,1,299,0.866107298482,0.787195998191,0.28914460723
1,1,300,0.845572444278,0.772564991016,0.641462436116
1,1,301,0.846941610016,0.760256647697,0.207076463254
1,1,302,0.866600646639,0.793779278376,0.336871200868
1,1,303,0.876485166316,0.82484373645,0.683740330371
1,1,304,0.88588473646,0.816567327733,0.386844064969
1,1,305,0.857333663043,0.788750508845,0.267442080546
1,1,306,0.883033917893,0.803694406499,0.449850633135
1,1,307,0.856767957937,0.770778992617,0.45943834519
1,1,308,0.875003293312,0.800367090699,0.255576188046
1,1,309,0.860750010618,0.786093654578,0.166479923474
1,1,310,0.87355351423,0.802398216687,0.665646339715
1,1,311,0.865752495771,0.791509496871,0.206145057402
1,1,312,0.854100346021,0.767032172818,0.413812440872
1,1,313,0.852008063634,0.778759158645,0.505170258363
1,1,314,0.87144731419,0.800614069667,0.387163358581
1,1,315,0.791841782461,0.668474167894,0.15810078957
1,1,316,0.85361042477,0.777210742735,0.500712099706
1,1,317,0.873510061623,0.802637416252,0.259755290789
1,1,318,0.864809097782,0.801071083904,0.448590171824
1,1,319,0.852983711601,0.779761618486,0.332851607464
1,1,320,0.876913563871,0.809098899496,0.586290527668
1,1,321,0.891371909777,0.824033212485,0.236900508421
1,1,322,0.86428272802,0.780793189865,0.244054126068
1,1,323,0.876491910645,0.80095554953,0.212971472855
1,1,324,0.852739779958,0.759464548926,0.318518990723
1,1,325,0.847324577979,0.751942329566,0.323392158118
1,1,326,0.844540852035,0.768551995399,0.537847626009
1,1,327,0.862363073989,0.770176813735,0.162585322706
1,1,328,0.821286508642,0.722338790503,0.226999382627
1,1,329,0.859114183975,0.773967886301,0.372774566746
1,1,330,0.87468435624,0.8079798879,0.659920697243
1,1,331,0.849205809446,0.757753822632,0.350748797086
1,1,332,0.852749211947,0.760158402524,0.420445541949
1,1,333,0.870172228413,0.798564769722,0.472549932676
1,1,334,0.870008534752,0.788769285901,0.341000486599
1,1,335,0.847370053024,0.763692093126,0.266207116669
1,1,336,0.812762560014,0.697892066535,0.268112791232
1,1,337,0.849720237744,0.765213874493,0.163864987045
1,1,338,0.851475438535,0.785878945941,0.473554865509
1,1,339,0.866738308983,0.795214661037,0.339305645638
1,1,340,0.870812517674,0.801286260083,0.49879126349
1,1,341,0.861163501561,0.785978910796,0.630270122609
1,1,342,0.85467963581,0.768445916048,0.294858804591
1,1,343,0.862266471864,0.798331862983,0.575711553746
1,1,344,0.855661883702,0.774276856429,0.180461156615
1,1,345,0.866200780297,0.788858736148,0.337407062734
1,1,346,0.848267670695,0.775070751213,0.332548814823
1,1,347,0.865038450963,0.794475188537,0.424673208093
1,1,348,0.87345488689,0.811761101234,0.658498101218
1,1,349,0.856457765684,0.766728984404,0.21157624302
1,1,350,0.850585266804,0.75488484936,0.38849109633
1,1,351,0.857748584733,0.782664756072,0.554082542156
1,1,352,0.875829971064,0.821513821256,0.789899142396
1,1,353,0.861739355401,0.764769803109,0.359155966084
1,1,354,0.854448048827,0.768333272776,0.228437683519
1,1,355,0.858919085102,0.777428946443,0.123229196378
1,1,356,0.858374030451,0.773502008947,0.341718233112
1,1,357,0.86033261259,0.75023465154,0.0927327348079
1,1,358,0.854393407233,0.763671370634,0.292470775965
1,1,359,0.871852822356,0.800485367736,0.299876620933
1,1,360,0.88262266185,0.80602508865,0.463539346005
1,1,361,0.823829787234,0.714596229248,0.255330095846
1,1,362,0.878046829126,0.813893366412,0.386377706196
1,1,363,0.850136939982,0.774950678946,0.621252295148
1,1,364,0.849589100346,0.758123842004,0.497154833616
1,1,365,0.888874429903,0.820396988365,0.427689065247
1,1,366,0.879442344045,0.790549051361,0.414632399425
1,1,367,0.795201942478,0.724907725957,0.624878616598
1,1,368,0.772642772159,0.669011797025,0.264818297783
1,1,369,0.821069997536,0.725724792664,0.3662500339
1,1,370,0.85499929381,0.771922773783,0.368068726094
1,1,371,0.893109967902,0.843066967163,0.755462063332
1,1,372,0.871864065344,0.794935930611,0.460651333543
1,1,373,0.861096217958,0.785238999853,0.36340887097
1,1,374,0.866497343292,0.782995725523,0.31076322646
1,1,375,0.867704121856,0.790131769718,0.359759777925
1,1,376,0.859809556897,0.776010936726,0.228297049945
1,1,377,0.841862244898,0.751612777798,0.47171196233
1,1,378,0.855054880081,0.774538738134,0.524400432742
1,1,379,0.869316816215,0.7821824174,0.445294268205
1,1,380,0.868416869002,0.794359471124,0.611534549565
1,1,381,0.871590336955,0.796694183669,0.515023415521
1,1,382,0.883232403358,0.815911462327,0.380548678438
1,1,383,0.838014772402,0.740131341081,0.120525127355
1,1,384,0.860563409333,0.778657932692,0.312702705196
1,1,385,0.868222841047,0.788153923979,0.408672305488
1,1,386,0.859300788181,0.777972260229,0.179286544479
1,1,387,0.870160750515,0.798997363394,0.497985150155
1,1,388,0.854046754396,0.774648158304,0.577099636477
1,1,389,0.866549629518,0.77703305465,0.22513709407
1,1,390,0.861706679072,0.790346094592,0.657648208171
1,1,391,0.887095261471,0.816281944143,0.53304384504
1,1,392,0.891807144729,0.814837566617,0.349434453562
1,1,393,0.873495747451,0.805924713864,0.287336011018
1,1,394,0.869344346357,0.800136941258,0.630744812487
1,1,395,0.849660297105,0.770347494479,0.187221459522
1,1,396,0.88152002138,0.817148358556,0.417755323111
1,1,397,0.854091313635,0.761181645048,0.25609207537
1,1,398,0.869582023456,0.791376634864,0.381804503273
1,1,399,0.854256597434,0.768094621023,0.357932022041
1,1,400,0.841510825648,0.741750906672,0.23037302575
1,1,401,0.878896876128,0.806464009008,0.558176368815
1,1,402,0.855384089023,0.768424999002,0.332413814555
1,1,403,0.86065362963,0.77655706753,0.254579145235
1,1,404,0.866291374749,0.79376378138,0.219817028258
1,1,405,0.867296324177,0.792940037401,0.489667035336
1,1,406,0.849219857632,0.759625586996,0.377799559603
1,1,407,0.862580986595,0.787051851611,0.38568511429
1,1,408,0.88271298453,0.811798739308,0.410665490745
1,1,409,0.922739966668,0.878288486749,0.790878798092
1,1,410,0.832255815155,0.743292016421,0.477849280108
1,1,411,0.867312906228,0.787296838877,0.361147700367
1,1,412,0.879313701007,0.805790306918,0.465281177439
1,1,413,0.852843582204,0.781462722298,0.346920597212
1,1,414,0.865496950079,0.791297411822,0.409072248399
1,1,415,0.894244092697,0.829736544505,0.460853196207
1,1,416,0.851598464821,0.75503681444,0.276243112863
1,1,417,0.866587019698,0.787239218995,0.281287567465
1,1,418,0.850814699116,0.75924681946,0.159844987516
1,1,419,0.832242152062,0.756405102974,0.597353283477
1,1,420,0.847551830774,0.767155710747,0.492347303133
1,1,421,0.863605062799,0.782719290405,0.422868699603
1,1,422,0.864937629926,0.789734868168,0.1527201935
1,1,423,0.900004133342,0.832270881255,0.544532389467
1,1,424,0.84644672893,0.755917486449,0.29095040295
1,1,425,0.846245294331,0.751614907758,0.196310982372
1,1,426,0.887708240695,0.817445173532,0.399508163048
1,1,427,0.887884928619,0.834829061776,0.441443204668
1,1,428,0.887428138085,0.818873067991,0.492859170737
1,1,429,0.864603936091,0.776883657385,0.159625868151
1,1,430,0.862617291388,0.796485695431,0.647424267964
1,1,431,0.849893689986,0.763972141772,0.503501470025
1,1,432,0.873414457716,0.799590084073,0.594792043819
1,1,433,0.850522657094,0.756558758773,0.182007450729
1,1,434,0.862209288542,0.780738276072,0.381036004431
1,1,435,0.904975793184,0.859973698526,0.681304546283
1,1,436,0.877168905009,0.843889870537,0.845472966492
1,1,437,0.875749658309,0.799195147703,0.542898478353
1,1,438,0.861834599166,0.783980581314,0.48076899817
1,1,439,0.84950839969,0.757633362985,0.266296340204
1,1,440,0.840828568522,0.763116809661,0.436626374485
1,1,441,0.881750067491,0.805324101551,0.148891401637
1,1,442,0.864131525897,0.781403243128,0.404267903615
1,1,443,0.868697335396,0.801551336644,0.394111723318
1,1,444,0.875056525362,0.798043931316,0.33026242209
1,1,445,0.858898559152,0.782546613543,0.346308187569
1,1,446,0.86624261327,0.794983157243,0.63929450686
1,1,447,0.863774598886,0.762934439594,0.220894239431
1,1,448,0.825029736159,0.741624278442,0.516402266465
1,1,449,0.865020130977,0.778869896775,0.387039991543
1,1,450,0.84545984,0.770727232076,0.312139358898
1,1,451,0.870823083492,0.797805863115,0.4805950012
1,1,452,0.850063011972,0.745118717505,0.344356869463
1,1,453,0.876569340369,0.796812436213,0.537410874786
1,1,454,0.863307315629,0.777780885705,0.328345907536
1,1,455,0.858738590969,0.784922383465,0.480066638525
1,1,456,0.870728515341,0.799613438287,0.563182163942
1,1,457,0.855255333922,0.778954290027,0.359643350731
1,1,458,0.861711441172,0.777433544519,0.292576087941
1,1,459,0.877047300402,0.802996453175,0.332902226134
1,1,460,0.817844173905,0.693237029567,0.0885457229796
1,1,461,0.854546000841,0.766512233773,0.342774941765
1,1,462,0.864994523887,0.765506750004,0.221391361563
1,1,463,0.881060105208,0.818556387053,0.57463231533
1,1,464,0.862933015318,0.787340562223,0.327599518468
1,1,465,0.853226857693,0.773495791079,0.471403094815
1,1,466,0.861715979316,0.791536863958,0.433874359459
1,1,467,0.858164657469,0.775512076115,0.402809622108
1,1,468,0.868434230197,0.798161762305,0.553426075729
1,1,469,0.848519800077,0.784512180885,0.615779181721
1,1,470,0.864098703117,0.78125353633,0.234126665365
1,1,471,0.852078337562,0.764822401174,0.390586877586
1,1,472,0.85721112356,0.786700556188,0.562499948387
1,1,473,0.887080221487,0.825038412348,0.624633119185
1,1,474,0.864770504424,0.799743347639,0.527913020505
1,1,475,0.864316968514,0.775033439403,0.261292176973
1,1,476,0.851899332466,0.766811248082,0.44537416725
1,1,477,0.864975086505,0.780313699084,0.389800931382
1,1,478,0.855658746107,0.766874525135,0.133291487375
1,1,479,0.838451285147,0.751705273253,0.474237452625
1,1,480,0.857704904037,0.774168037992,0.307447934815
1,1,481,0.879712044264,0.801994097762,0.452579885978
1,1,482,0.859367370541,0.776301523711,0.126607962275
1,1,483,0.846690382022,0.754024315041,0.342273011214
1,1,484,0.867901465096,0.788523926072,0.463322836495
1,1,485,0.836961823621,0.743756052254,0.481516307298
1,1,486,0.884560376492,0.819786019794,0.63758815332
1,1,487,0.857248129963,0.773456843647,0.414775940771
1,1,488,0.863593391215,0.788914772973,0.407449099444
1,1,489,0.880172396143,0.805409971911,0.564450013987
1,1,490,0.845791309266,0.744562335934,0.190482158925
1,1,491,0.85108912895,0.764902532707,0.263634364592
1,1,492,0.87395987426,0.799231486137,0.525483561394
1,1,493,0.860488485601,0.792530099623,0.636005159211
1,1,494,0.859670784974,0.795231840927,0.55012719686
1,1,495,0.852397876047,0.772069144456,0.521116479493
1,1,496,0.85154318467,0.760783916094,0.379085451325
1,1,497,0.850930936601,0.766045894095,0.406767624925
1,1,498,0.870284536722,0.810656731699,0.682034567974
1,1,499,0.86146943557,0.793729289231,0.688759069303
1,1,500,0.868048998215,0.793110824615,0.595408326788
1,1,501,0.849232997229,0.776113846919,0.571300159548
1,1,502,0.862176246537,0.798913122536,0.710448151746
1,1,503,0.864479881188,0.795010408555,0.600073394261
1,1,504,0.868878406813,0.787880183377,0.294130135374
1,1,505,0.869905212965,0.793723774623,0.370679948145
1,1,506,0.856397146254,0.765264460781,0.528082053562
1,1,507,0.86744769069,0.783422577738,0.257317665416
1,1,508,0.859429887848,0.793995161344,0.67705375012
1,1,509,0.823138673752,0.72983245076,0.384373350267
1,1,510,0.854866460319,0.772070551636,0.417613318078
1,1,511,0.861377410468,0.782368209784,0.563817479037
1,1,512,0.8366563499,0.74610975298,0.334130365773
1,1,513,0.851592603704,0.759998095823,0.349338163448
1,1,514,0.888513230678,0.82526231119,0.356783406393
1,1,515,0.861439651689,0.772979014211,0.353061545659
1,1,516,0.872877550469,0.800082280881,0.517910143131
1,1,517,0.836450154959,0.738243934055,0.34789585293
1,1,518,0.837541881166,0.751831383041,0.498398503725
1,1,519,0.875534888279,0.808657983568,0.543720878515
1,1,520,0.858929098768,0.767797573378,0.439821820629
1,1,521,0.866602594194,0.787170323084,0.501817633544
1,1,522,0.844361181973,0.772568288723,0.567389419646
1,1,523,0.853633022735,0.771987212397,0.553260474274
1,1,524,0.876943462302,0.792933051733,0.317349558529
1,1,525,0.861190231812,0.765103594811,0.163765338693
1,1,526,0.847645338972,0.779070768827,0.605446587009
1,1,527,0.878613833428,0.802469491667,0.291926952535
1,1,528,0.874050852654,0.786872535953,0.253062701227
1,1,529,0.860190546322,0.765911570135,0.295613622801
1,1,530,0.890527612523,0.820347478062,0.610623347416
1,1,531,0.861877927522,0.783283745713,0.447609879163
1,1,532,0.876903424225,0.800364570884,0.558435994109
1,1,533,0.861235482339,0.786078492957,0.46194152548
1,1,534,0.843180473373,0.777067140788,0.641929146328
1,1,535,0.89607359321,0.831713705764,0.554038123954
1,1,536,0.864498055761,0.776549002891,0.329585398568
1,1,537,0.840337380232,0.732722399144,0.246290644022
1,1,538,0.857909956826,0.768366137958,0.261576744182
1,1,539,0.874077003202,0.789664937314,0.28786673521
1,1,540,0.858497829118,0.774280594717,0.423637779757
1,1,541,0.837885423814,0.751557514367,0.418964968873
1,1,542,0.85465625,0.767362643627,0.439186644868
1,1,543,0.862089539248,0.768640961196,0.260623678029
1,1,544,0.864485416911,0.779847872956,0.182326214341
1,1,545,0.826489265597,0.721744681167,0.336795597516
1,1,546,0.866564262138,0.790486081181,0.535270734484
1,1,547,0.854610077183,0.769307152198,0.261622749568
1,1,548,0.868260045986,0.79340714264,0.434632773909
1,1,549,0.857955980136,0.796826959498,0.643032748885
1,1,550,0.855639102303,0.779732096213,0.293906994591
1,1,551,0.858101874943,0.782442824272,0.593728186375
1,1,552,0.858096345047,0.797804908914,0.714902452763
1,1,553,0.855852647822,0.76562832988,0.203934973885
1,1,554,0.889939077649,0.821273607408,0.455613750164
1,1,555,0.868185530634,0.797368366765,0.520303119006
1,1,556,0.891265869141,0.812676477521,0.561104679499
1,1,557,0.872396694215,0.786610824597,0.486156302685
1,1,558,0.854303047091,0.778797348161,0.508756789182
1,1,559,0.852024675224,0.764706231247,0.278077369369
1,1,560,0.881285442925,0.820330602858,0.600693782963
1,1,561,0.83244167591,0.75285333099,0.525864530255
1,1,562,0.877923222522,0.79694609407,0.435046120336
1,1,563,0.845351863971,0.748545368587,0.270624057949
1,1,564,0.845548178205,0.739053453161,0.195277649845
1,1,565,0.868129777476,0.790152015347,0.460455360865
1,1,566,0.883310518201,0.826339802162,0.623319325058
1,1,567,0.849311008926,0.752822431099,0.161878329098
1,1,568,0.868229693829,0.795874931094,0.618922808544
1,1,569,0.857450563866,0.771558071598,0.275618984795
1,1,570,0.883243801653,0.80077300508,0.32778533334
1,1,571,0.850750945102,0.786792507998,0.660800473786
1,1,572,0.810622888611,0.713305164964,0.314886761345
1,1,573,0.879475518691,0.811924236065,0.527724182692
1,1,574,0.877680812846,0.789641993661,0.382507940088
1,1,575,0.83148431825,0.736863546989,0.279289703358
1,1,576,0.866101328159,0.773115096813,0.187877310918
1,1,577,0.883511281663,0.809924458129,0.509346904166
1,1,578,0.881564868289,0.807925699244,0.426153697
1,1,579,0.870821009943,0.800673743315,0.444490889876
1,1,580,0.808379905054,0.684310201321,0.26292954162
1,1,581,0.846852336901,0.759692474362,0.380831617165
1,1,582,0.874952257181,0.8109425833,0.644067476949
1,1,583,0.879245923913,0.80266348554,0.423214527652
1,1,584,0.869553859141,0.791273780187,0.382685471937
1,1,585,0.834829592312,0.752848813763,0.400442956482
1,1,586,0.79612425606,0.687614075848,0.250111417289
1,1,587,0.794991887507,0.691948197598,0.306580821854
1,1,588,0.852480040645,0.792881597349,0.759249535057
1,1,589,0.858058882561,0.764944845138,0.350786649639
1,1,590,0.83892338001,0.745038193121,0.29332083232
1,1,591,0.867921394714,0.7814549421,0.477725157757
1,1,592,0.830525651998,0.738381335511,0.480913006987
1,1,593,0.844884237885,0.763782586458,0.452278888022
1,1,594,0.85430270565,0.778412789186,0.462458004534
1,1,595,0.882168057841,0.814166323314,0.527596924515
1,1,596,0.818422025629,0.7327476596,0.503622957721
1,1,597,0.807533817074,0.715134147781,0.370195198079
1,1,598,0.892002561664,0.838946369716,0.736641250596
1,1,599,0.843982285197,0.757685504949,0.42005409602
1,1,600,0.847676436376,0.742040954001,0.285352395278
1,1,601,0.848509331237,0.76438306763,0.472361808879
1,1,602,0.878193370348,0.80786275058,0.451797776075
1,1,603,0.822020932826,0.712790763593,0.207479001725
1,1,604,0.860894247405,0.768997187882,0.365743874639
1,1,605,0.87742012496,0.79920751715,0.290136397252
1,1,606,0.829638299395,0.722310351135,0.180048396314
1,1,607,0.847266881029,0.746201705657,0.349120908765
1,1,608,0.863060063988,0.782434571291,0.197130228293
1,1,609,0.866315966986,0.784020117599,0.345831847249
1,1,610,0.858348680868,0.783799948942,0.493870769975
1,1,611,0.861408796741,0.777030611473,0.260161325358
1,1,612,0.860969484876,0.76853365659,0.256352820626
1,1,613,0.82508552145,0.723313767636,0.281042162882
1,1,614,0.863606265575,0.771660010785,0.369632538626
1,1,615,0.870470348804,0.784768990436,0.466266466198
1,1,616,0.859589530042,0.770415242474,0.436286572063
1,1,617,0.85878367284,0.790358472078,0.688681188965
1,1,618,0.841333546996,0.750001350674,0.36749461303
1,1,619,0.852942091814,0.759650032187,0.294989647293
1,1,620,0.861631338957,0.7886171877,0.57985226374
1,1,621,0.858127363021,0.771015948778,0.32162838251
1,1,622,0.893951362051,0.812510098434,0.344613441848
1,1,623,0.814830905307,0.707320489294,0.149041442753
1,1,624,0.866218490429,0.786282762372,0.372888920111
1,1,625,0.885008299381,0.804201622093,0.331133014018
1,1,626,0.848934405535,0.748780036509,0.273957723075
1,1,627,0.741831791595,0.619676007696,0.121899984882
1,1,628,0.83601500373,0.751733179121,0.392147080403
1,1,629,0.859078992541,0.796510404017,0.653242844825
1,1,630,0.876049361515,0.790458848142,0.372130006284
1,1,631,0.860188637572,0.776485377037,0.376723745159
1,1,632,0.8438671875,0.740346824751,0.386431117272
1,1,633,0.87208781362,0.793058488461,0.546840021628
1,1,634,0.859568762401,0.803947346466,0.693430882263
1,1,635,0.874346342218,0.797331482682,0.349748746672
1,1,636,0.908164123136,0.869447927247,0.811086858615
1,1,637,0.892158203125,0.825348674334,0.588039103661
1,1,638,0.873976437382,0.808351408047,0.663224461294
1,1,639,0.84076026721,0.742024956637,0.343510039965
1,1,640,0.86967617725,0.782898622029,0.340755822446
1,1,641,0.888717421125,0.849558351553,0.830168390161
1,1,642,0.865404155871,0.784299768506,0.475663666551
1,1,643,0.880728378194,0.798331888128,0.204817056436
1,1,644,0.858768689925,0.781035794644,0.594077136705
1,1,645,0.855940662276,0.785777651049,0.619100014398
1,1,646,0.872431456653,0.79185853305,0.407126308197
1,1,647,0.861961249121,0.777570621365,0.445514183911
1,1,648,0.785346825711,0.708709461952,0.538093354582
1,1,649,0.868021484375,0.780966049783,0.27627625115
1,1,650,0.805560121265,0.696651658164,0.222664418417
1,1,651,0.842713637348,0.731932525052,0.143776975538
1,1,652,0.868320567822,0.786891253136,0.396524276316
1,1,653,0.850782430795,0.754986194539,0.0883783762102
1,1,654,0.906491980382,0.853456607794,0.718499135858
1,1,655,0.870307849869,0.797494452014,0.623474716086
1,1,656,0.888938304741,0.815986560997,0.372287997999
1,1,657,0.814205151654,0.684282788007,0.143354519235
1,1,658,0.862192283805,0.786551048722,0.50603103751
1,1,659,0.859195223736,0.775931473009,0.504841511932
1,1,660,0.853817668055,0.770403025195,0.332585892582
1,1,661,0.85257045043,0.740041634155,0.323899857917
1,1,662,0.845607757568,0.741935368532,0.36613774165
1,1,663,0.836196289062,0.738820761332,0.348650491649
1,1,664,0.825260308205,0.718895476295,0.271681042081
1,1,665,0.851260379282,0.75795211441,0.354037090863
1,1,666,0.86396140882,0.766353536683,0.246392838222
1,1,667,0.876523055915,0.794684410208,0.372687797733
1,1,668,0.86596775896,0.799070164454,0.577798636608
1,1,669,0.839378988581,0.74562868321,0.403935877932
1,1,670,0.845673799345,0.759607522226,0.474414073356
1,1,671,0.841566666667,0.771262453372,0.605694921042
1,1,672,0.838460028576,0.764235112869,0.559809229221
1,1,673,0.852418562015,0.76874794826,0.343778913662
1,1,674,0.856181807903,0.777440424923,0.39804198467
1,1,675,0.853208783682,0.761760747683,0.370071973172
1,1,676,0.816083786456,0.726625434967,0.421204724839
1,1,677,0.824034859521,0.734728960267,0.398976467602
1,1,678,0.812703779737,0.7211383009,0.37670779167
1,1,679,0.88975268705,0.819016220125,0.378554022266
1,1,680,0.867484056073,0.798307734111,0.507471219053
1,1,681,0.843014046909,0.736471058449,0.161197229832
1,1,682,0.860563038227,0.7853007658,0.548954767425
1,1,683,0.866743940223,0.810654252324,0.562786651089
1,1,684,0.824742887351,0.729407585755,0.362283938428
1,1,685,0.847771037673,0.754744196895,0.249703518196
1,1,686,0.867985524155,0.793283705562,0.487078528249
1,1,687,0.848537799909,0.759225223124,0.378270516216
1,1,688,0.788858110188,0.684616348531,0.341082914891
1,1,689,0.882567316316,0.812427071292,0.529372253249
1,1,690,0.90181676505,0.839239003745,0.54260463987
1,1,691,0.845403042545,0.754784674825,0.471158181036
1,1,692,0.822008812716,0.726933285033,0.410337276076
1,1,693,0.850726602455,0.751221272124,0.192613456967
1,1,694,0.887107583774,0.817588673665,0.599302147101
1,1,695,0.827316429447,0.732233869063,0.453270271025
1,1,696,0.822164055123,0.717177958357,0.241348879163
1,1,697,0.870225745767,0.804438788173,0.641248567892
1,1,698,0.840951557093,0.744308565866,0.324669750908
1,1,699,0.89297404883,0.819769450088,0.416793216488
1,1,700,0.852723446026,0.749528039034,0.291352773135
1,1,701,0.863579264069,0.806254020071,0.774147102817
1,1,702,0.862138468809,0.786855226498,0.655274603381
1,1,703,0.840287396122,0.76593530927,0.486709148778
1,1,704,0.776495867769,0.660683972448,0.21313515401
1,1,705,0.864092933881,0.759665213893,0.322938938055
1,1,706,0.856102058165,0.791811684383,0.676018835439
1,1,707,0.846262626263,0.767508937329,0.624405861818
1,1,708,0.815676871589,0.699329006837,0.22528094801
1,1,709,0.879661600266,0.814874868559,0.709210114366
1,1,710,0.855338882283,0.7981210506,0.671081837851
1,1,711,0.865395001436,0.776571249841,0.422417291508
1,1,712,0.860611727097,0.783545148367,0.415460757905
1,1,713,0.849307463585,0.777158246986,0.54728900028
1,1,714,0.782417823229,0.659289964724,0.206539734427
1,1,715,0.894318181818,0.840002683807,0.764984925284
1,1,716,0.880023741634,0.801115704395,0.41880531594
1,1,717,0.890407117689,0.859979057457,0.902817616689
1,1,718,0.816805555556,0.694340487583,0.306066490229
1,1,719,0.830266394615,0.74441669159,0.508712627538
1,1,720,0.875136565359,0.797387253978,0.345592745317
1,1,721,0.878245909934,0.801666101286,0.438062576401
1,1,722,0.829954496973,0.748049630452,0.438745425386
1,1,723,0.86518648519,0.783737868732,0.493978469296
1,1,724,0.749837962963,0.629704402675,0.168163336216
1,1,725,0.860566120969,0.772584005242,0.365674331143
1,1,726,0.83546373365,0.717037898366,0.289131888067
1,1,727,0.839416058394,0.766692525952,0.624289361446
1,1,728,0.877918675977,0.825231303951,0.725878863338
1,1,729,0.842256156113,0.754272875466,0.422673761624
1,1,730,0.866914479341,0.769148398677,0.195851552687
1,1,731,0.864443089637,0.804858065369,0.72920140738
1,1,732,0.864732930209,0.797801669428,0.645300333714
1,1,733,0.854222327853,0.785045837511,0.621191835802
1,1,734,0.854909829568,0.772703490669,0.553122841628
1,1,735,0.868944386634,0.807263410093,0.695906638888
1,1,736,0.869490428198,0.799824517012,0.657752647599
1,1,737,0.832523367738,0.747788344799,0.451894983347
1,1,738,0.844807661838,0.733476286413,0.165546210906
1,1,739,0.855555555556,0.778279060683,0.534428740081
1,1,740,0.840606420927,0.728489353513,0.334488488711
1,1,741,0.774371355685,0.660291070452,0.166156056834
1,1,742,0.89801145673,0.825393614803,0.391271255604
1,1,743,0.784662629758,0.678763594206,0.289249171547
1,1,744,0.858166706222,0.758362088322,0.266134002781
1,1,745,0.851551020408,0.764506468652,0.474347362689
1,1,746,0.871335860733,0.787491291253,0.32903205468
1,1,747,0.868470558389,0.804637294002,0.496098533175
1,1,748,0.823825204699,0.743107965174,0.548013046222
1,1,749,0.85450307574,0.817270533969,0.823312294285
1,1,750,0.837059276636,0.740256676821,0.457907740083
1,1,751,0.850060966316,0.758078559149,0.505766058265
1,1,752,0.843888443774,0.751270569304,0.331629026865
1,1,753,0.869997999347,0.794868826292,0.66438063782
1,1,754,0.852699669187,0.771984310901,0.524242258622
1,1,755,0.846185646477,0.74444250066,0.112003889525
1,1,756,0.882147412052,0.81614660907,0.624347733173
1,1,757,0.846077003122,0.775835965922,0.630489139848
1,1,758,0.840754458162,0.762184921872,0.583464798264
1,1,759,0.83805541103,0.749001503059,0.278201542605
1,1,760,0.822355876506,0.730317783046,0.409367832736
1,1,761,0.866582172756,0.794785337171,0.518697969594
1,1,762,0.722430299631,0.603066344164,0.126563422525
1,1,763,0.88158428699,0.815929297979,0.695871700759
1,1,764,0.85522858252,0.779674209329,0.548075752516
1,1,765,0.857245633713,0.769072750837,0.453246045415
1,1,766,0.848770495287,0.7607032659,0.482354197739
1,1,767,0.867560523857,0.806753420641,0.723639294748
1,1,768,0.873081180142,0.823866784756,0.766583678101
1,1,769,0.850649391506,0.752432699432,0.328214182225
1,1,770,0.817435541681,0.72001018298,0.367209996883
1,1,771,0.864117051779,0.779636421997,0.413160290645
1,1,772,0.844344885883,0.756745150276,0.332186918466
1,1,773,0.81915609381,0.733634232041,0.441093877717
1,1,774,0.808922222222,0.719436672385,0.467855210215
1,1,775,0.829255334591,0.724839627772,0.261717011623
1,1,776,0.843017762661,0.767905273147,0.591989573397
1,1,777,0.838694235421,0.739665812169,0.359089358167
1,1,778,0.829802332342,0.737324600698,0.481683578653
1,1,779,0.815720897116,0.70250287386,0.215760817433
1,1,780,0.840638351563,0.731869789326,0.236354404099
1,1,781,0.829718934911,0.7071568595,0.250131780342
1,1,782,0.855615014832,0.763302720613,0.378768610025
1,1,783,0.863537330905,0.766785261218,0.485886855441
1,1,784,0.871059972487,0.76949005397,0.281295619727
1,1,785,0.832382274965,0.724058596864,0.183178417531
1,1,786,0.787382600099,0.668599977714,0.16707666889
1,1,787,0.836726079438,0.740944736493,0.379429259658
1,1,788,0.861651824188,0.770664689996,0.410039509949
1,1,789,0.9260757891,0.90019480847,0.907493357042
1,1,790,0.874123281899,0.816054384462,0.634547599993
1,1,791,0.866193896599,0.803777027265,0.671295481332
1,1,792,0.734147855943,0.606177480187,0.120129100275
1,1,793,0.863381321007,0.805363127224,0.791141604945
1,1,794,0.802778951817,0.7238320132,0.516154833637
1,1,795,0.832065543767,0.730950842609,0.3734880489
1,1,796,0.844618611969,0.76295223797,0.608292439077
1,1,797,0.855764899213,0.77011483158,0.359069236491
1,1,798,0.884272041511,0.795430071681,0.220763938316
1,1,799,0.859758064516,0.772303876997,0.47764540308
1,1,800,0.829713549357,0.73800604592,0.374219377465
1,1,801,0.855638200184,0.798007342665,0.765716206608
1,1,802,0.836605149872,0.754680437551,0.589597084242
1,1,803,0.850904127122,0.772755178481,0.541020826722
1,1,804,0.860628751238,0.74386502274,0.321209717308
1,1,805,0.834507324101,0.737496684366,0.448556719642
1,1,806,0.863105486685,0.770211713916,0.440551502525
1,1,807,0.85467750321,0.783196685035,0.531896217506
1,1,808,0.780363180775,0.657695716994,0.150561212111
1,1,809,0.839770477896,0.734570769842,0.300039080259
1,1,810,0.857205731332,0.757110404448,0.355910082893
1,1,811,0.86762804459,0.797878554261,0.679396728364
1,1,812,0.829353694386,0.728879076692,0.321083498964
1,1,813,0.808855146466,0.685898221327,0.112797842869
1,1,814,0.847445413733,0.764536234023,0.50771731745
1,1,815,0.769546018431,0.687122129344,0.535419991576
1,1,816,0.857946213446,0.777933537069,0.549112743185
1,1,817,0.864985879905,0.811789455351,0.668997824217
1,1,818,0.884851067283,0.828521263891,0.705928535437
1,1,819,0.878957100592,0.826143870508,0.786811844673
1,1,820,0.883531589516,0.824802754088,0.64590020539
1,1,821,0.813505832511,0.695444082134,0.0813849459352
1,1,822,0.827104345367,0.719615966518,0.387811186432
1,1,823,0.849647093422,0.800039198044,0.74041331499
1,1,824,0.899371612286,0.856439145464,0.880190850895
1,1,825,0.854599619172,0.787824823312,0.689802537661
1,1,826,0.875009919623,0.802115852505,0.605743702031
1,1,827,0.855469799785,0.765012582159,0.427635860456
1,1,828,0.827602547995,0.727245314042,0.402659606384
1,1,829,0.867077528009,0.790016174762,0.561260372722
1,1,830,0.88530151644,0.826829240041,0.654482433006
1,1,831,0.838465827102,0.743370760966,0.262758834866
1,1,832,0.840062124694,0.742099247599,0.275927296978
1,1,833,0.849256187863,0.759481653575,0.345491803945
1,1,834,0.836623602845,0.735581566007,0.432641771728
1,1,835,0.841786,0.757986584204,0.449631039938
1,1,836,0.878642409813,0.836213236143,0.817700268164
1,1,837,0.875872864542,0.813216229277,0.646254704793
1,1,838,0.802151456599,0.726413778608,0.555370505948
1,1,839,0.825524,0.724716734831,0.384011596068
1,1,840,0.878772231374,0.81131744332,0.516762054289
1,1,841,0.830512152778,0.746126393542,0.505747797537
1,1,842,0.848829134678,0.772415466686,0.456534938902
1,1,843,0.695963718821,0.58792852899,0.182528774599
1,1,844,0.872321077975,0.775252005189,0.330623425783
1,1,845,0.84562221004,0.75977965495,0.500230146228
1,1,846,0.785191006447,0.670904371316,0.263972768241
1,1,847,0.877743646293,0.819739168864,0.71137513416
1,1,848,0.873656158892,0.784526182771,0.319941639667
1,1,849,0.826790671342,0.72536615256,0.300529174751
1,1,850,0.84240964413,0.753819256296,0.384780819141
1,1,851,0.887491987646,0.83920422875,0.768329002668
1,1,852,0.858369300056,0.76349954083,0.364531015272
1,1,853,0.826158888141,0.735965179402,0.488132434903
1,1,854,0.795815711906,0.691999574923,0.322226764595
1,1,855,0.853828,0.749526106141,0.271325408171
1,1,856,0.870010217097,0.790563366486,0.375411718387
1,1,857,0.859283692476,0.778518276602,0.553083741766
1,1,858,0.863655494337,0.805214037085,0.718184023099
1,1,859,0.832239065203,0.737562313615,0.388475697293
1,1,860,0.813878541319,0.695218292981,0.173891507991
1,1,861,0.846201873049,0.777478633998,0.678999186649
1,1,862,0.803576388889,0.69079584153,0.350564208216
1,1,863,0.865608888889,0.786517316864,0.52898769884
1,1,864,0.801686109205,0.721536892473,0.559507250076
1,1,865,0.801665509445,0.719792778279,0.473028550205
1,1,866,0.869489745804,0.802332313443,0.670196363107
1,1,867,0.88263484767,0.797780528203,0.494840750498
1,1,868,0.855607207573,0.778801694982,0.525576820966
1,1,869,0.842904406857,0.730266038281,0.263123478436
1,1,870,0.894556811422,0.828245567945,0.651596863194
1,1,871,0.85591073164,0.762220009637,0.401739790884
1,1,872,0.844582185491,0.759791510558,0.561504501787
1,1,873,0.826578808297,0.711748000568,0.229315264127
1,1,874,0.771223282212,0.649356401558,0.162427123144
1,1,875,0.860003415275,0.764697649113,0.289356495298
1,1,876,0.728628472222,0.611680300412,0.174738512547
1,1,877,0.827899243831,0.722196329804,0.247936156424
1,1,878,0.830945176219,0.744411614197,0.542791463413
1,1,879,0.845608311352,0.753887077016,0.448159853963
1,1,880,0.842833227041,0.752423986188,0.48597346768
1,1,881,0.875877317538,0.788894041232,0.517828303082
1,1,882,0.838964511424,0.7528156911,0.504434224035
1,1,883,0.827483377326,0.718619832049,0.358656945758
1,1,884,0.859483506944,0.783457423209,0.650072663446
1,1,885,0.835886435615,0.780737456711,0.693457329553
1,1,886,0.787122671192,0.673179862748,0.208386383565
1,1,887,0.884012428501,0.824701378254,0.674584452478
1,1,888,0.812379626628,0.717906577218,0.404991668657
1,1,889,0.808944061198,0.716017580168,0.441084923446
1,1,890,0.809566074951,0.697267518812,0.313849466799
1,1,891,0.849065146414,0.757319452195,0.414002780148
1,1,892,0.770450301637,0.697609469445,0.553570473517
1,1,893,0.794524114725,0.716727235102,0.508716992953
1,1,894,0.880563888889,0.830228858436,0.722686584528
1,1,895,0.862725649673,0.78087078066,0.548581987907
1,1,896,0.870881232687,0.796632252537,0.581104854318
1,1,897,0.858072562358,0.780779929949,0.580330432394
1,1,898,0.778639053254,0.665345279358,0.248041021181
1,1,899,0.838991769547,0.755357088106,0.500668773865
1,1,900,0.836166381836,0.754879933239,0.51193124662
1,1,901,0.868474487877,0.792977545877,0.547439198767
1,1,902,0.832846397211,0.751591807572,0.508272280588
1,1,903,0.783777120316,0.685119307606,0.335477521183
1,1,904,0.849013564998,0.762685580604,0.446691979349
1,1,905,0.837838340274,0.773814302343,0.655898824259
1,1,906,0.799366023676,0.675064220085,0.224232099772
1,1,907,0.833418770558,0.733882333699,0.343614001958
1,1,908,0.754102509457,0.642167399812,0.230415975897
1,1,909,0.854321802243,0.755151458309,0.305573569647
1,1,910,0.857002485891,0.800064117086,0.76363462231
1,1,911,0.87125678158,0.81729520258,0.673339592683
1,1,912,0.838820861678,0.763124556581,0.594590070882
1,1,913,0.85605814256,0.766892039137,0.473472471655
1,1,914,0.817404277007,0.755202051983,0.67465377133
1,1,915,0.876450703118,0.806953819233,0.57042020403
1,1,916,0.832748563659,0.771736519982,0.657039884436
1,1,917,0.82943067034,0.736442884379,0.469326475534
1,1,918,0.836798773872,0.773991406444,0.698135038067
1,1,919,0.839193137902,0.751931982263,0.522729241526
1,1,920,0.80150462963,0.719887672374,0.477886558854
1,1,921,0.824911242604,0.737591432399,0.506599005679
1,1,922,0.859608797548,0.753708651283,0.397683520124
1,1,923,0.869803722994,0.779174966791,0.497593835142
1,1,924,0.797426921403,0.697376970883,0.36477417935
1,1,925,0.801031541361,0.721573286863,0.472001694328
1,1,926,0.879589785874,0.797495655273,0.514858236198
1,1,927,0.847721173823,0.79516692146,0.754391989239
1,1,928,0.85585,0.786850652893,0.631095692794
1,1,929,0.810803547433,0.712692515444,0.478735846833
1,1,930,0.854361775928,0.743749837277,0.283993710176
1,1,931,0.835183583237,0.762992910396,0.613254767226
1,1,932,0.848442778472,0.775770594019,0.62388007466
1,1,933,0.836104812295,0.726779925289,0.365426976384
1,1,934,0.861645108975,0.788703664191,0.637234181376
1,1,935,0.841211344336,0.765560611748,0.56227409465
1,1,936,0.839193137902,0.76518975532,0.611215124045
1,1,937,0.823113646227,0.737297338842,0.436722854309
1,1,938,0.838766629048,0.753193256411,0.50991306287
1,1,939,0.78578125,0.692872123935,0.430676789924
1,1,940,0.844569699838,0.742171936898,0.402053224979
1,1,941,0.793540564374,0.68509438838,0.329709785832
1,1,942,0.83325443787,0.708089229046,0.240776888874
1,1,943,0.840066763255,0.73013387496,0.182937122752
1,1,944,0.82985,0.763856057146,0.676870611335
1,1,945,0.832103468485,0.73963357255,0.437861342663
1,1,946,0.793019247343,0.678595840691,0.278139024139
1,1,947,0.876115702479,0.832175188362,0.818781894379
1,1,948,0.851957562932,0.761727718169,0.49886148845
1,1,949,0.812153635117,0.720445438156,0.452689278688
1,1,950,0.896137633565,0.829596433288,0.636139383448
1,1,951,0.852922126187,0.757564444635,0.481923734148
1,1,952,0.794443397116,0.673787635332,0.282326864787
1,1,953,0.780813148789,0.694850343022,0.450689403816
1,1,954,0.855644513315,0.771426801449,0.546051383201
1,1,955,0.842179895662,0.738734655865,0.344581009353
1,1,956,0.796335439658,0.707520949101,0.456303926667
1,1,957,0.875399139248,0.796077630929,0.554057979688
1,1,958,0.824662151618,0.752732868775,0.553016068249
1,1,959,0.774324551805,0.666010851261,0.288544789441
1,1,960,0.878880718954,0.797680147979,0.508260281927
1,1,961,0.813989491462,0.727051618664,0.458371466653
1,1,962,0.783804074345,0.682995551721,0.33452728414
1,1,963,0.827688150991,0.748413750061,0.545285329271
