0,1,0,0.889964939374,0.932770178781,1.0
1,0,0,0.99418464306,0.994984620398,1.0
0,0,0,0.818927664679,0.841726975625,0.918403791053
1,1,0,0.839612013887,0.768997492224,0.42071994204
1,1,1,0.845464432903,0.768261934146,0.159456674597
1,1,2,0.864724245578,0.784984957602,0.503185097691
1,1,3,0.834064107638,0.74556782498,0.302439316826
1,1,4,0.845744658485,0.765167149672,0.387975563504
1,1,5,0.863919414102,0.803969952498,0.849669145337
1,1,6,0.831399127836,0.760566037286,0.338112107809
1,1,7,0.872990582122,0.805771568788,0.345299105048
1,1,8,0.846431241099,0.766044766217,0.427552471197
1,1,9,0.863622583693,0.786343596848,0.419758479723
1,1,10,0.857010970798,0.777233785019,0.55908669216
1,1,11,0.838062736185,0.756397783296,0.424955070608
1,1,12,0.844632741332,0.771940326252,0.451872929645
1,1,13,0.861124781341,0.785866377016,0.433925515062
1,1,14,0.852958898623,0.771839532633,0.125641556276
1,1,15,0.848911788243,0.759292107179,0.46456566051
1,1,16,0.855306869834,0.783179145118,0.480334975809
1,1,17,0.862124815639,0.777127151265,0.180762810644
1,1,18,0.837937979145,0.764422234485,0.401911265969
1,1,19,0.841900360784,0.750144809195,0.260975786471
1,1,20,0.84022941359,0.752301131966,0.161841025854
1,1,21,0.840582185186,0.761985147183,0.296840929424
1,1,22,0.8424148389,0.763373445557,0.349282251437
1,1,23,0.848699855091,0.769828067991,0.290350561422
1,1,24,0.85976484047,0.793040533414,0.578952696979
1,1,25,0.862618110012,0.796101120818,0.372638944364
1,1,26,0.840577612699,0.76181204873,0.198693492159
1,1,27,0.848259323271,0.777821713374,0.380584352773
1,1,28,0.847953215434,0.767795050089,0.169857936236
1,1,29,0.84060551652,0.762410607205,0.315297264869
1,1,30,0.850628546583,0.770251736841,0.368757175331
1,1,31,0.870153113741,0.795943969089,0.320157415237
1,1,32,0.853765256887,0.795670627825,0.842273238039
1,1,33,0.85257614019,0.778388788881,0.128948164383
1,1,34,0.88512879229,0.820262813942,0.647596176433
1,1,35,0.847218759845,0.76684534532,0.192674757792
1,1,36,0.857098305874,0.774127817736,0.149211949095
1,1,37,0.855481132624,0.769161567574,0.209937072902
1,1,38,0.860082301229,0.789108112213,0.537017285053
1,1,39,0.857087858695,0.778952171397,0.224699985401
1,1,40,0.814916250672,0.724910202046,0.418782560419
1,1,41,0.853912287335,0.762432917902,0.0617237516005
1,1,42,0.835526170103,0.733872611284,0.211462192451
1,1,43,0.848133016358,0.752876875573,0.217295340086
1,1,44,0.850994334605,0.790142464688,0.654398057627
1,1,45,0.847356014491,0.752373259064,0.16452631779
1,1,46,0.846012019233,0.764790014634,0.153112397104
1,1,47,0.8450231462,0.767646533189,0.517772424264
1,1,48,0.837476615052,0.738524372321,0.138434134245
1,1,49,0.832693209877,0.735997622901,0.205547038166
1,1,50,0.844636981787,0.744640838548,0.0815951951761
1,1,51,0.864698829696,0.788892934005,0.56057651739
1,1,52,0.866127279314,0.792296874821,0.494218681823
1,1,53,0.847201862673,0.777199678991,0.419460387936
1,1,54,0.8511864508,0.760772842225,0.120139366373
1,1,55,0.847273928475,0.758014434319,0.356599826763
1,1,56,0.86018603343,0.787373412668,0.351082483835
1,1,57,0.848235433965,0.777020379958,0.55606322335
1,1,58,0.867599220457,0.798151380274,0.555197266348
1,1,59,0.854790670594,0.774665615841,0.494206131852
1,1,60,0.866869528936,0.790950486493,0.492677402789
1,1,61,0.856599197887,0.772526154762,0.15663134692
1,1,62,0.810373084319,0.737410325903,0.507824490771
1,1,63,0.812774232278,0.724365304431,0.40634202256
1,1,64,0.854592288109,0.780921006555,0.321503542163
1,1,65,0.838603731242,0.755772422292,0.414093191454
1,1,66,0.854076468494,0.764615311932,0.293258441223
1,1,67,0.858711756601,0.776786282684,0.393713497193
1,1,68,0.864385511807,0.790242051179,0.182588443768
1,1,69,0.875230202436,0.80859043418,0.26166750618
1,1,70,0.842359279313,0.742010059142,0.183260257372
1,1,71,0.863356775502,0.777298275849,0.12439362072
1,1,72,0.83446511214,0.741017822347,0.294316490665
1,1,73,0.857683486718,0.783645816544,0.209354659567
1,1,74,0.842583717199,0.776103250963,0.580483342393
1,1,75,0.867288849547,0.804776835882,0.734840914097
1,1,76,0.841696681389,0.759182724276,0.419193362844
1,1,77,0.853204990062,0.778024434043,0.207955448319
1,1,78,0.852172795559,0.777233872881,0.190191689979
1,1,79,0.860934709919,0.777354827593,0.456768462278
1,1,80,0.845586569372,0.75718706519,0.465125537295
1,1,81,0.849137572639,0.750036056037,0.212885702592
1,1,82,0.850361290871,0.771155014631,0.113697123095
1,1,83,0.860325764778,0.777371926331,0.421786158315
1,1,84,0.83405558125,0.748537811247,0.408273224664
1,1,85,0.865094904668,0.789862807746,0.463717227352
1,1,86,0.867133435563,0.796617701724,0.386121299761
1,1,87,0.85542248461,0.787192338317,0.419403778666
1,1,88,0.820339716965,0.714590813343,0.213465270445
1,1,89,0.84902601715,0.764156445864,0.210513889312
1,1,90,0.83554449336,0.738751278849,0.234963036179
1,1,91,0.859978241781,0.785495892018,0.275131919229
1,1,92,0.845954047309,0.774792716757,0.607715177801
1,1,93,0.870752396099,0.802120310998,0.343301570366
1,1,94,0.868357004759,0.791481369481,0.47921645879
1,1,95,0.790750847751,0.695651833654,0.450329242944
1,1,96,0.860677337821,0.788831751909,0.361363478629
1,1,97,0.846737714629,0.755366617736,0.225601600725
1,1,98,0.855898751035,0.781011421058,0.409732674314
1,1,99,0.846236790446,0.778643630641,0.449038091205
1,1,100,0.851354558591,0.774085427147,0.368597101021
1,1,101,0.86081310397,0.775174272882,0.517379464369
1,1,102,0.836518256318,0.757954030173,0.568388981711
1,1,103,0.846364475673,0.778429685212,0.418154565439
1,1,104,0.869429354065,0.795786244048,0.506994752572
1,1,105,0.849929497603,0.767775792027,0.469500413198
1,1,106,0.837957623136,0.747591977156,0.2315271709
1,1,107,0.828791495879,0.749575554684,0.628741471981
1,1,108,0.844059759636,0.756083945921,0.202195663293
1,1,109,0.852617442885,0.771643720443,0.310760066173
1,1,110,0.853168925175,0.808566013688,0.755580113602
1,1,111,0.857284486938,0.776823274864,0.378744769596
1,1,112,0.841473864718,0.761931443453,0.175511599208
1,1,113,0.859578527258,0.774841869745,0.512137884418
1,1,114,0.857511607382,0.778863686256,0.374359236434
1,1,115,0.83266841809,0.759332146747,0.585711557445
1,1,116,0.841530497211,0.756971163248,0.541126785339
1,1,117,0.822563952106,0.721575901161,0.294258762387
1,1,118,0.849381402887,0.771574074778,0.337569216481
1,1,119,0.831317236819,0.741494497196,0.382869971362
1,1,120,0.83700442217,0.749682991045,0.304238010659
1,1,121,0.861655189408,0.804516198183,0.732225065737
1,1,122,0.841053892297,0.751119463262,0.359650317725
1,1,123,0.859333586784,0.760810287509,0.213481026967
1,1,124,0.871798104785,0.783660138394,0.333647437685
1,1,125,0.845587028723,0.773288386588,0.673201751465
1,1,126,0.865157293639,0.78822520996,0.341514209825
1,1,127,0.855303445207,0.764119753828,0.292625229017
1,1,128,0.872931716479,0.814005938518,0.532727533225
1,1,129,0.865106614394,0.804371207204,0.722883575182
1,1,130,0.84353636522,0.765486922636,0.157197267422
1,1,131,0.856481093936,0.788093540713,0.482296962364
1,1,132,0.803841489072,0.687917508329,0.267753830425
1,1,133,0.847956270377,0.78065749116,0.336025316561
1,1,134,0.862303612691,0.77870089818,0.288830026634
1,1,135,0.870013430735,0.791759775568,0.331130411594
1,1,136,0.855679499533,0.7730606675,0.226580007754
1,1,137,0.863654458644,0.797518269502,0.259511559116
1,1,138,0.868550268275,0.797913762727,0.491914505193
1,1,139,0.854639750326,0.780528027523,0.208820624967
1,1,140,0.857859087589,0.774808737797,0.40466647835
1,1,141,0.816133193112,0.714632147491,0.321654915829
1,1,142,0.83355610978,0.727806137643,0.246474048048
1,1,143,0.843201086445,0.756169040129,0.287668563655
1,1,144,0.854135935217,0.776272989779,0.449326364997
1,1,145,0.83938652236,0.751074636413,0.256594232546
1,1,146,0.849766019281,0.777919191433,0.653336863098
1,1,147,0.848979228033,0.773124567255,0.356203183865
1,1,148,0.860356244725,0.787981498761,0.744628590561
1,1,149,0.840114044726,0.760659183933,0.29370084351
1,1,150,0.869299411498,0.804819565331,0.677874117764
1,1,151,0.829617925883,0.738724244331,0.453723865865
1,1,152,0.841841733115,0.760376364777,0.319006438757
1,1,153,0.838525904862,0.760032963676,0.371956992493
1,1,154,0.831626530612,0.715964008903,0.10186645842
1,1,155,0.849898803043,0.773696997958,0.257445770975
1,1,156,0.862808019225,0.789452628488,0.58527255587
1,1,157,0.881169077893,0.796347695608,0.355973464546
1,1,158,0.866978806967,0.796833986699,0.613733452409
1,1,159,0.884612135917,0.812708717528,0.454214183218
1,1,160,0.855707677136,0.788715635194,0.325887355029
1,1,161,0.866263611577,0.793546420847,0.649807098077
1,1,162,0.856029429469,0.776564345742,0.419159820709
1,1,163,0.877237455956,0.807860603069,0.370760791923
1,1,164,0.851613933992,0.775649403559,0.315340510342
1,1,165,0.854176602861,0.777392251299,0.169532691256
1,1,166,0.861565588304,0.793565267057,0.43662803334
1,1,167,0.863847219489,0.778767020006,0.246118844827
1,1,168,0.846091441916,0.753965143163,0.16167643631
1,1,169,0.855765397065,0.785008080138,0.613316967562
1,1,170,0.854771253357,0.775872171463,0.387428079285
1,1,171,0.846800894942,0.765183344496,0.181660438007
1,1,172,0.870692846315,0.806263990206,0.460231255964
1,1,173,0.844406039627,0.764493334696,0.295465306864
1,1,174,0.84790781479,0.770638249976,0.321421607415
1,1,175,0.83487507436,0.751996628035,0.486082344978
1,1,176,0.872245543057,0.807029428529,0.320563065559
1,1,177,0.889984145101,0.833606752082,0.277977370281
1,1,178,0.882411452938,0.822306550236,0.54431818103
1,1,179,0.851808490956,0.76333783949,0.386753910317
1,1,180,0.808839551146,0.711602670989,0.411563971442
1,1,181,0.830977733982,0.745482927264,0.0876755935474
1,1,182,0.842315912871,0.760739163179,0.246470193538
1,1,183,0.828820902225,0.740239636196,0.310269392087
1,1,184,0.838334968344,0.760827868679,0.261487644575
1,1,185,0.86086993932,0.791219905197,0.369183802498
1,1,186,0.840185101353,0.73813264059,0.0930462787933
1,1,187,0.874196303226,0.801135564153,0.324723035413
1,1,188,0.872531235015,0.788403101629,0.295643834822
1,1,189,0.853249756504,0.78049958889,0.392881543043
1,1,190,0.827669376979,0.725542809142,0.0487527621606
1,1,191,0.86795695177,0.796546816628,0.350444579058
1,1,192,0.855120165318,0.78578214184,0.462703069098
1,1,193,0.765904003823,0.675775569215,0.313731245065
1,1,194,0.858983728643,0.772383372004,0.21144255204
1,1,195,0.844793889069,0.760515951259,0.287163658166
1,1,196,0.856671800976,0.777199455492,0.163307476655
1,1,197,0.863859290225,0.77942472816,0.340773181403
1,1,198,0.848760985397,0.772521201323,0.330477423684
1,1,199,0.868310920309,0.799195556575,0.352933783587
1,1,200,0.863406327566,0.796419326067,0.500222201581
1,1,201,0.821340880102,0.722060719668,0.197482050819
1,1,202,0.859296894697,0.78264260661,0.525618294313
1,1,203,0.838615508822,0.745641493034,0.257296308885
1,1,204,0.873333172354,0.806209788836,0.431084562642
1,1,205,0.840824428978,0.734859848414,0.253875122969
1,1,206,0.842349361572,0.771603019943,0.713851906928
1,1,207,0.87395688583,0.798970938656,0.316323818445
1,1,208,0.843822364233,0.745130372448,0.225182917154
1,1,209,0.86888107111,0.799036297032,0.206738429443
1,1,210,0.866565823025,0.787599747265,0.458608022006
1,1,211,0.832494705871,0.727110316023,0.164041309139
1,1,212,0.835384719203,0.742296550162,0.157190246808
1,1,213,0.865370937961,0.775523195139,0.214876604527
1,1,214,0.852174561467,0.769017518183,0.293930744979
1,1,215,0.846327233891,0.753721317331,0.416057203939
1,1,216,0.879725723328,0.821500544416,0.704087227678
1,1,217,0.819165228543,0.705867413966,0.23689391233
1,1,218,0.824747249973,0.709983335823,0.156156388017
1,1,219,0.861580010246,0.783032147147,0.222732287522
1,1,220,0.865334390982,0.790168360917,0.397412292622
1,1,221,0.870498531121,0.795959587443,0.450589569462
1,1,222,0.811049474123,0.689860611113,0.0928579911574
1,1,223,0.808261656858,0.717825226472,0.455774962985
1,1,224,0.842789735526,0.754619438513,0.437392875062
1,1,225,0.839504481231,0.755825923102,0.353409901762
1,1,226,0.866692470543,0.780869771696,0.320248562058
1,1,227,0.822049289445,0.74221947098,0.598888893539
1,1,228,0.837169172196,0.736779166073,0.0733995267591
1,1,229,0.848872537996,0.75744871172,0.207416380121
1,1,230,0.861622656952,0.785039359086,0.461297920058
1,1,231,0.803004779819,0.69274492473,0.12145250484
1,1,232,0.872578962495,0.802435156544,0.476321354416
1,1,233,0.852741748849,0.763971148118,0.50321394448
1,1,234,0.835852307083,0.765353391367,0.491102468011
1,1,235,0.8486280191,0.755600360647,0.258169257992
1,1,236,0.859174801975,0.78823193716,0.35856279831
1,1,237,0.851748855417,0.769322661225,0.553970030077
1,1,238,0.844236415785,0.744934107487,0.324040316265
1,1,239,0.852559009101,0.765255355863,0.286446500977
1,1,240,0.855673684385,0.764175343368,0.174149782966
1,1,241,0.863595812472,0.784223621975,0.476157387852
1,1,242,0.808535414166,0.691314413063,0.138669046825
1,1,243,0.864212175066,0.783455453785,0.315696363164
1,1,244,0.865398482573,0.782139325715,0.160841238574
1,1,245,0.86978308524,0.792183043352,0.229370320812
1,1,246,0.886140280331,0.817873743952,0.426779357078
1,1,247,0.831305501184,0.755281064893,0.335682123928
1,1,248,0.861955943058,0.786733880331,0.354198010355
1,1,249,0.834467773437,0.74245480681,0.231461135075
1,1,250,0.850361920219,0.778553562345,0.274759051582
1,1,251,0.853327172925,0.759134318457,0.293101717982
1,1,252,0.863079538098,0.801025775166,0.696752188326
1,1,253,0.870386690167,0.802815081222,0.526491491521
1,1,254,0.848715997946,0.75722939092,0.330921255282
1,1,255,0.857174797395,0.771550730943,0.263668961312
1,1,256,0.85253940792,0.767255872836,0.393599715799
1,1,257,0.860767006,0.772046619812,0.311903881934
1,1,258,0.84672578908,0.750354933807,0.178535626541
1,1,259,0.859444048875,0.782509208157,0.488405726587
1,1,260,0.869342342083,0.803080774351,0.643299243092
1,1,261,0.860414995342,0.773023461698,0.46369110929
1,1,262,0.880524146444,0.817146806068,0.660954824663
1,1,263,0.847991958383,0.766627775087,0.117867083617
1,1,264,0.85219475023,0.77104975719,0.322456014774
1,1,265,0.856140464419,0.784085417964,0.588554144748
1,1,266,0.857867365945,0.772225977659,0.264742793419
1,1,267,0.839256287247,0.739132166663,0.121593199808
1,1,268,0.85438498,0.788265354896,0.299514886018
1,1,269,0.84847207643,0.773127143967,0.409898194357
1,1,270,0.829392214742,0.724190006619,0.272635646688
1,1,271,0.858746598156,0.780770735014,0.206179968374
1,1,272,0.841361399403,0.748275555209,0.411699473031
1,1,273,0.8537960761,0.758769020879,0.365756529848
1,1,274,0.868988894228,0.798716089785,0.514960147737
1,1,275,0.83590676917,0.746018381698,0.400701697326
1,1,276,0.839133370878,0.750474212428,0.426394039698
1,1,277,0.859041159822,0.779344228002,0.294850824974
1,1,278,0.853545742846,0.787846575426,0.416445225162
1,1,279,0.854438099853,0.77362049322,0.188519162166
1,1,280,0.846590909091,0.76482508013,0.429063308088
1,1,281,0.89081705524,0.832559767882,0.597310956481
1,1,282,0.846291747813,0.754428526051,0.231745008851
1,1,283,0.860606595013,0.780322989405,0.220059602294
1,1,284,0.870507950027,0.795886123563,0.562903926039
1,1,285,0.842756675689,0.763824879604,0.314885127803
1,1,286,0.861898326828,0.776423772775,0.218919652744
1,1,287,0.798856154329,0.690816122162,0.0646697294763
1,1,288,0.776136788763,0.669248682586,0.24918090986
1,1,289,0.813111762663,0.723139137825,0.143852598997
1,1,290,0.739823791936,0.626387136633,0.210720159156
1,1,291,0.848081349741,0.766315397798,0.156328616456
1,1,292,0.832101871399,0.741109294935,0.445403182397
1,1,293,0.874813931958,0.814192962333,0.596495971934
1,1,294,0.871830516861,0.808608357072,0.640948605882
1,1,295,0.84164511026,0.765725340041,0.331127355309
1,1,296,0.845413924783,0.76561711003,0.193085894862
1,1,297,0.827478134111,0.734820978319,0.397693750641
1,1,298,0.865972561592,0.797028054753,0.383561798548
1,1,299,0.887067173715,0.836423794139,0.650787325863
1,1,300,0.861069410563,0.780800194087,0.493925501074
1,1,301,0.856575854554,0.782848145478,0.315036155551
1,1,302,0.864438250708,0.789815646598,0.409303652022
1,1,303,0.845271479318,0.783446538294,0.66565022734
1,1,304,0.893657180813,0.837756765644,0.538095741626
1,1,305,0.859441364509,0.789404856533,0.402440189697
1,1,306,0.860463325234,0.765031568342,0.229764578631
1,1,307,0.8594231738,0.782106630782,0.577596468212
1,1,308,0.853846635176,0.76850900655,0.214398399197
1,1,309,0.848176488534,0.772052107036,0.237327935411
1,1,310,0.864117307288,0.795268071049,0.594912773951
1,1,311,0.854630385235,0.778514568963,0.526318888594
1,1,312,0.81179834679,0.712240347783,0.328048569692
1,1,313,0.844022121534,0.766248496654,0.384386900051
1,1,314,0.847075330377,0.778102531506,0.640032655489
1,1,315,0.839304027831,0.748134327324,0.438003096969
1,1,316,0.7990178286,0.691228892725,0.225583980275
1,1,317,0.871137246452,0.798784835734,0.32987938322
1,1,318,0.854852371842,0.786513613368,0.470202045363
1,1,319,0.855535865653,0.781622870479,0.240127652934
1,1,320,0.8737506242,0.805691881992,0.620062932268
1,1,321,0.874289857891,0.802497288384,0.363851179964
1,1,322,0.834419755127,0.736713708999,0.295904771794
1,1,323,0.870958592632,0.801251564761,0.459026965748
1,1,324,0.828999505336,0.728658915985,0.377028903111
1,1,325,0.859142731167,0.75875827041,0.335555602347
1,1,326,0.819233586907,0.729522694131,0.417774629566
1,1,327,0.872650740868,0.79678024886,0.404324149772
1,1,328,0.814590689361,0.715470194011,0.310191241327
1,1,329,0.835505842351,0.735238716772,0.245887642842
1,1,330,0.860425975165,0.786496608532,0.515591378993
1,1,331,0.851390331818,0.765519924118,0.392864958011
1,1,332,0.779988920446,0.667426448175,0.184318838606
1,1,333,0.857165380092,0.785893718403,0.720353942669
1,1,334,0.833073424063,0.734162753697,0.168624455192
1,1,335,0.859834139533,0.786098838209,0.361444477272
1,1,336,0.823800797325,0.720285589282,0.34427180528
1,1,337,0.847628682667,0.767875470866,0.181694155793
1,1,338,0.8324663002,0.753602014442,0.515385751159
1,1,339,0.836803601772,0.750705601451,0.209937332978
1,1,340,0.86777877274,0.79842590711,0.50212047942
1,1,341,0.863324967084,0.792051653063,0.630826678395
1,1,342,0.858300707408,0.7761258867,0.358550761255
1,1,343,0.828655858234,0.758902619328,0.523533764906
1,1,344,0.843911556948,0.755641301615,0.152186761583
1,1,345,0.8619086526,0.784871642455,0.346084805466
1,1,346,0.852617958998,0.779659342574,0.44906744939
1,1,347,0.842972647076,0.75612629058,0.298444912109
1,1,348,0.885693073631,0.830500481217,0.797014600517
1,1,349,0.862642743598,0.77552956191,0.261158158475
1,1,350,0.881789542835,0.816479501315,0.612329444957
1,1,351,0.846629040358,0.779173259547,0.628663441682
1,1,352,0.822711081786,0.717219549456,0.133785250304
1,1,353,0.834193434185,0.738505093241,0.445569288651
1,1,354,0.849084497701,0.759349291435,0.358279030915
1,1,355,0.854195858261,0.778603748168,0.39693566084
1,1,356,0.841738382245,0.7545194312,0.3033242436
1,1,357,0.82374079806,0.712441666852,0.111676260397
1,1,358,0.824483926354,0.719053342539,0.232310592031
1,1,359,0.86139669876,0.77678872508,0.221054106093
1,1,360,0.829482345305,0.718453090258,0.0377179845859
1,1,361,0.802363060208,0.690995847089,0.230655605683
1,1,362,0.87247180507,0.808830484226,0.20855353824
1,1,363,0.843737061744,0.773235703109,0.606330681925
1,1,364,0.785190792003,0.681585673577,0.377193122885
1,1,365,0.855331647829,0.769786629643,0.428952738046
1,1,366,0.818790170132,0.723370631406,0.430123956617
1,1,367,0.804632194521,0.715945069475,0.450547818115
1,1,368,0.838498289709,0.780306996037,0.642696850333
1,1,369,0.821222880405,0.7232448145,0.350455553301
1,1,370,0.867501165746,0.784675672402,0.324395225487
1,1,371,0.878241185671,0.798441078388,0.452306872836
1,1,372,0.866697054494,0.788854905798,0.505992613874
1,1,373,0.851969434005,0.778517067055,0.450532674274
1,1,374,0.84152515075,0.746544886363,0.212762885362
1,1,375,0.872116226182,0.801511248947,0.33714182534
1,1,376,0.864736457284,0.791950247719,0.359150182464
1,1,377,0.885153061224,0.821302010778,0.631709098021
1,1,378,0.845191941398,0.756480416742,0.408989289185
1,1,379,0.855038755808,0.762813296709,0.315690373601
1,1,380,0.858854708637,0.78697225901,0.552640011288
1,1,381,0.850772394258,0.775299786658,0.635477449673
1,1,382,0.874280912388,0.803648600703,0.419878199961
1,1,383,0.831692365464,0.734275456294,0.239665935017
1,1,384,0.855885158947,0.775751501891,0.47664242739
1,1,385,0.87672058198,0.810812849989,0.543342679952
1,1,386,0.868964783266,0.793156487172,0.300292331917
1,1,387,0.825499686075,0.73445506756,0.405329495527
1,1,388,0.850250261767,0.767377435283,0.468745661524
1,1,389,0.869003127441,0.78250917449,0.292682270854
1,1,390,0.858350191333,0.78596864409,0.510629401854
1,1,391,0.869578542456,0.789768893152,0.459911525755
1,1,392,0.81131845576,0.68748718336,0.0334484252048
1,1,393,0.890244341912,0.842571574892,0.642692253988
1,1,394,0.874715960506,0.815785055433,0.783579781903
1,1,395,0.845928855545,0.769938296997,0.307016929206
1,1,396,0.868727773707,0.799215209231,0.573039590521
1,1,397,0.867095941616,0.788234924076,0.424321325172
1,1,398,0.857970198476,0.779020373601,0.441557568194
1,1,399,0.84435484941,0.753879879121,0.348528683969
1,1,400,0.862514409469,0.782285207869,0.366946308128
1,1,401,0.840818715624,0.74513914518,0.255710640035
1,1,402,0.852108370041,0.765373929913,0.384947243032
1,1,403,0.835508345679,0.742704120783,0.266910634316
1,1,404,0.862196194391,0.793639470981,0.502672523665
1,1,405,0.856088148161,0.772105892979,0.516398944724
1,1,406,0.856223786035,0.768721341339,0.403475778979
1,1,407,0.86967850846,0.804582807513,0.502334709662
1,1,408,0.868851529281,0.792390030132,0.474433237625
1,1,409,0.891908022161,0.820289558729,0.663205619478
1,1,410,0.806193075188,0.705717592144,0.318953310626
1,1,411,0.837215250844,0.74230331111,0.151098574196
1,1,412,0.863666092476,0.788367914201,0.546553635957
1,1,413,0.836902701564,0.758128286695,0.421556242532
1,1,414,0.844207063983,0.766344773687,0.294081863818
1,1,415,0.860432443828,0.763213954706,0.114800818622
1,1,416,0.83459882718,0.742309652932,0.391967212507
1,1,417,0.864457391436,0.78160879388,0.272930979985
1,1,418,0.868870393406,0.805731428924,0.535419182426
1,1,419,0.846314783252,0.772492633451,0.514383311617
1,1,420,0.811285363255,0.718286248525,0.382394849885
1,1,421,0.879739872934,0.817946067167,0.624507308852
1,1,422,0.867202303777,0.801169305163,0.29851274317
1,1,423,0.87997809329,0.79353022775,0.407047496155
1,1,424,0.853164507003,0.775610433065,0.480402742751
1,1,425,0.855061900994,0.763766253687,0.148628952102
1,1,426,0.859770140008,0.77456812572,0.257139081778
1,1,427,0.862834074921,0.799959458662,0.53553384506
1,1,428,0.868466352731,0.789544098914,0.4620241586
1,1,429,0.860430562569,0.778206242912,0.222424406674
1,1,430,0.85950551886,0.788833658525,0.538740912163
1,1,431,0.853665980796,0.773221020859,0.561511563736
1,1,432,0.869174053934,0.791245036927,0.546285394432
1,1,433,0.862526315649,0.780619442493,0.360923659801
1,1,434,0.839565497785,0.752159420364,0.585377070181
1,1,435,0.872689937794,0.794306189665,0.237382016345
1,1,436,0.83413390844,0.789441689069,0.727089061736
1,1,437,0.860839705674,0.777173235596,0.401402020402
1,1,438,0.843685333497,0.762747542216,0.401120558595
1,1,439,0.84298458793,0.756745034663,0.257840989899
1,1,440,0.834212879883,0.749215192017,0.195613640612
1,1,441,0.886321192312,0.811348820636,0.138092244683
1,1,442,0.838507847716,0.753602948896,0.499556995736
1,1,443,0.855875416695,0.783112039665,0.438089115692
1,1,444,0.869625377181,0.802015743404,0.665722356285
1,1,445,0.829920651656,0.742315967325,0.33853594975
1,1,446,0.866648104696,0.800338184063,0.537610008554
1,1,447,0.861018020757,0.776823103366,0.520031239728
1,1,448,0.801159710208,0.714301319152,0.499851975016
1,1,449,0.855846336329,0.770131523523,0.35213193804
1,1,450,0.839502826667,0.765993909193,0.364392760409
1,1,451,0.866044644508,0.786189116542,0.487595253739
1,1,452,0.854956941819,0.753022124894,0.294148272764
1,1,453,0.81883085297,0.717575379652,0.275927197327
1,1,454,0.876068967292,0.801968723878,0.41713245046
1,1,455,0.832227823502,0.744566139089,0.417403498387
1,1,456,0.795607711323,0.702739742933,0.23666362189
1,1,457,0.841984913521,0.756233345334,0.196631593462
1,1,458,0.838723304687,0.751496162513,0.333490293557
1,1,459,0.868411988352,0.782684595973,0.215888890589
1,1,460,0.851384090683,0.747296605889,0.300560597813
1,1,461,0.863962527085,0.791780303833,0.630773887419
1,1,462,0.853317290635,0.752941531357,0.214203061731
1,1,463,0.874605932296,0.799682358096,0.344881894722
1,1,464,0.850455522709,0.7699901301,0.278946589826
1,1,465,0.848224859131,0.769119518911,0.444458438428
1,1,466,0.85680365571,0.78351332399,0.344615842053
1,1,467,0.86681194932,0.796166870286,0.497950264887
1,1,468,0.850108025132,0.777011261624,0.654505619361
1,1,469,0.801542675894,0.700833783318,0.438131031133
1,1,470,0.853911753332,0.76020203016,0.229802953125
1,1,471,0.853626680572,0.768262291804,0.386659324483
1,1,472,0.821617284138,0.741601203314,0.549020247476
1,1,473,0.867270920702,0.797043620526,0.633943534028
1,1,474,0.86449542694,0.813823751932,0.717398427944
1,1,475,0.85149949119,0.76778468383,0.50107944509
1,1,476,0.878975422308,0.815109304638,0.543557939973
1,1,477,0.86073633218,0.774097158681,0.404987131394
1,1,478,0.849831400976,0.767985610704,0.25759549373
1,1,479,0.846222524018,0.777302166643,0.641732555021
1,1,480,0.848635936753,0.760065892797,0.144758868738
1,1,481,0.837248506486,0.738896328264,0.362400796587
1,1,482,0.859174248804,0.777393318432,0.206782465438
1,1,483,0.832600809068,0.732959076382,0.306123298841
1,1,484,0.879917009799,0.817597076547,0.663114987773
1,1,485,0.835734261186,0.738512991028,0.483320072269
1,1,486,0.86039600551,0.786093306754,0.439814248046
1,1,487,0.850724834559,0.762235635819,0.327092995569
1,1,488,0.853288045954,0.771546971898,0.341824992473
1,1,489,0.881979279704,0.80182733698,0.532368251453
1,1,490,0.870010787487,0.778027251338,0.309817947917
1,1,491,0.859189570932,0.789283690755,0.353893883073
1,1,492,0.871245435004,0.797069570201,0.536931415697
1,1,493,0.852066348844,0.786648154879,0.706482460704
1,1,494,0.851500676609,0.780002208552,0.476198303644
1,1,495,0.80989638487,0.714787124165,0.395256305152
1,1,496,0.834095583158,0.73638670455,0.272515926895
1,1,497,0.853835113175,0.764148986952,0.441779983212
1,1,498,0.836787049271,0.766733672403,0.547259807935
1,1,499,0.826588062115,0.744402282982,0.635546886822
1,1,500,0.844148647755,0.762461647601,0.518129503296
1,1,501,0.821221625307,0.736221890575,0.413882693528
1,1,502,0.844903047091,0.772302014422,0.57027399962
1,1,503,0.838951201272,0.763281190489,0.588714493489
1,1,504,0.862416947792,0.784417497669,0.444119463763
1,1,505,0.888661308672,0.826552113702,0.442952971496
1,1,506,0.863151010702,0.775762031357,0.468932286855
1,1,507,0.865992652334,0.778872150052,0.242897874704
1,1,508,0.825202260944,0.747129142433,0.618936790789
1,1,509,0.767510882469,0.645199601895,0.210932090218
1,1,510,0.876764280413,0.811728089378,0.472511493537
1,1,511,0.832511988573,0.747646940966,0.397671085986
1,1,512,0.848897283318,0.775570509417,0.52161564585
1,1,513,0.842634452252,0.75503917004,0.283265394146
1,1,514,0.885149355556,0.823812134869,0.58553532203
1,1,515,0.861147939302,0.776553650758,0.489832621496
1,1,516,0.859884539947,0.787922043972,0.456842887923
1,1,517,0.818871384298,0.715414836734,0.291361781506
1,1,518,0.84617465264,0.767350314471,0.3790262161
1,1,519,0.84331326707,0.761891498762,0.412994647365
1,1,520,0.85794920669,0.771289401064,0.49635478911
1,1,521,0.834359278177,0.744618881401,0.418128549976
1,1,522,0.851491638322,0.804039596219,0.717429191407
1,1,523,0.85814109577,0.782565837062,0.508760032542
1,1,524,0.843393520631,0.747528527669,0.384225722002
1,1,525,0.849118380006,0.754666032943,0.257877483824
1,1,526,0.824760052558,0.744875726842,0.510429108114
1,1,527,0.857715119399,0.771707428754,0.180751816423
1,1,528,0.859688517346,0.770005247531,0.392074029965
1,1,529,0.861775722448,0.777575897525,0.268273377762
1,1,530,0.870792921098,0.789547475329,0.600570897453
1,1,531,0.80734166985,0.706111721088,0.161492532318
1,1,532,0.854009722088,0.770500723593,0.507087708189
1,1,533,0.838617073425,0.750689321066,0.374249916331
1,1,534,0.802204142012,0.72762220536,0.525925978357
1,1,535,0.851859933381,0.771947016588,0.495574030288
1,1,536,0.882418474941,0.820557614721,0.646334587187
1,1,537,0.828259105521,0.727462044888,0.214075275505
1,1,538,0.835993595401,0.741371470368,0.420806248908
1,1,539,0.871576328074,0.788093876364,0.290786067645
1,1,540,0.873396620429,0.804592427061,0.501828440947
1,1,541,0.871820114868,0.800999566398,0.49264188076
1,1,542,0.8446625,0.746089340391,0.368976075119
1,1,543,0.870490548927,0.785933085415,0.398530973452
1,1,544,0.862726390738,0.780061287465,0.229679980264
1,1,545,0.864557870124,0.79665934238,0.68116154798
1,1,546,0.851698025307,0.774537967545,0.626859303881
1,1,547,0.873884077734,0.79786902535,0.379384047184
1,1,548,0.858912028656,0.777688427199,0.423293281878
1,1,549,0.865920377073,0.800895916535,0.696681342545
1,1,550,0.860482898298,0.792475858022,0.472654330078
1,1,551,0.855534922742,0.781345279365,0.507033230424
1,1,552,0.853239175355,0.781494887439,0.448541202432
1,1,553,0.835964892375,0.745758799772,0.306201816702
1,1,554,0.883084221329,0.822518958716,0.613734881054
1,1,555,0.843205573979,0.766713905031,0.520153964392
1,1,556,0.898590087891,0.840638495918,0.699307882375
1,1,557,0.864664830119,0.767152341393,0.395796219311
1,1,558,0.822813296399,0.736352359515,0.485571808595
1,1,559,0.845386011335,0.755032475921,0.298843993646
1,1,560,0.863890124624,0.799994929893,0.584768164532
1,1,561,0.814299096394,0.726872019876,0.365030061156
1,1,562,0.865822474389,0.772609508291,0.165078679805
1,1,563,0.811442296795,0.699898535449,0.178982267726
1,1,564,0.850737748649,0.756938680267,0.310869664645
1,1,565,0.828170059938,0.733425162776,0.37333661194
1,1,566,0.86445473251,0.787800048984,0.516554502587
1,1,567,0.861906950139,0.770539788141,0.230994546365
1,1,568,0.845295389902,0.77154617157,0.677856920228
1,1,569,0.864530895137,0.785978446714,0.390293438887
1,1,570,0.844776033058,0.749138646098,0.169052911016
1,1,571,0.809798241289,0.733511723063,0.573873013628
1,1,572,0.798741265214,0.691943495935,0.195358452591
1,1,573,0.8606810247,0.783944294583,0.415282309581
1,1,574,0.817896792763,0.704825628858,0.218006601103
1,1,575,0.851501749248,0.772338071687,0.488414977935
1,1,576,0.855730051008,0.764370196749,0.310709025727
1,1,577,0.867941890516,0.794396242228,0.560471723437
1,1,578,0.856038352013,0.773608211254,0.389214448555
1,1,579,0.879047439759,0.816905144974,0.787721573578
1,1,580,0.778063217355,0.65381718893,0.207757457859
1,1,581,0.846825841421,0.777389946425,0.626113310669
1,1,582,0.862116259344,0.787966644771,0.514076338488
1,1,583,0.845797273748,0.749343500228,0.251018188161
1,1,584,0.857121654857,0.774297959101,0.208234408323
1,1,585,0.769411775252,0.674610166967,0.226819505089
1,1,586,0.780410799826,0.68708315788,0.332146563336
1,1,587,0.82382368848,0.73140693457,0.399137290452
1,1,588,0.851490782407,0.798561763267,0.786995974882
1,1,589,0.843546768497,0.758115449709,0.478542301358
1,1,590,0.849780945251,0.757393402194,0.313573025205
1,1,591,0.86499030451,0.786660655439,0.515327957614
1,1,592,0.789502725102,0.686931474288,0.360014316517
1,1,593,0.848019732567,0.781212926512,0.512505879431
1,1,594,0.835270431098,0.738997891795,0.262369929015
1,1,595,0.865332634504,0.790261920647,0.5652585246
1,1,596,0.821458846234,0.749461063585,0.688604512618
1,1,597,0.824636447789,0.725774501382,0.354755774511
1,1,598,0.818893244581,0.708929130627,0.307624943241
1,1,599,0.817370348183,0.730199530043,0.445958866566
1,1,600,0.816832249576,0.700855703676,0.195196794294
1,1,601,0.832440484856,0.746245694076,0.464294167998
1,1,602,0.853116841001,0.760272250759,0.333531473681
1,1,603,0.787851382653,0.667864659357,0.109581596965
1,1,604,0.811866079152,0.704133721155,0.163420139087
1,1,605,0.879264671024,0.802919189529,0.245847732535
1,1,606,0.796609877019,0.676487712506,0.018297061848
1,1,607,0.823960153431,0.726427099943,0.297457824187
1,1,608,0.846016593502,0.754226968704,0.137544394022
1,1,609,0.850045141507,0.758153336539,0.467384764508
1,1,610,0.844878951045,0.764099869077,0.54057142789
1,1,611,0.845541774458,0.749135633221,0.149427863793
1,1,612,0.847033767958,0.760149228729,0.420181350952
1,1,613,0.756830159024,0.637227600547,0.151533040017
1,1,614,0.813698825205,0.70131627553,0.218158905061
1,1,615,0.856192407711,0.74994284296,0.325904892306
1,1,616,0.8101041047,0.709229057452,0.346247332397
1,1,617,0.819058553673,0.731125139278,0.502085440169
1,1,618,0.818982722452,0.714541781695,0.252305299855
1,1,619,0.866437333562,0.780340773371,0.329491675894
1,1,620,0.838013420209,0.750221301579,0.487123384986
1,1,621,0.863171698378,0.784153178914,0.369904301128
1,1,622,0.869576774437,0.769468040609,0.120748982238
1,1,623,0.788470343392,0.669053156529,0.108169475082
1,1,624,0.854119509438,0.763407162811,0.267250623935
1,1,625,0.891207182737,0.826604907737,0.534106106141
1,1,626,0.843066085262,0.754957150272,0.249680880642
1,1,627,0.788702362854,0.665133834382,0.186660901509
1,1,628,0.796851438866,0.700367230956,0.36390276299
1,1,629,0.841279532474,0.758409806561,0.463834750776
1,1,630,0.835507128057,0.731945290827,0.298792562843
1,1,631,0.850093838363,0.755411414848,0.204582023367
1,1,632,0.879853515625,0.809693596938,0.640521917432
1,1,633,0.815404960111,0.739026943801,0.538208202304
1,1,634,0.900720574688,0.853094501366,0.776274029737
1,1,635,0.824424073236,0.723854464269,0.238759091982
1,1,636,0.858761386093,0.760622218049,0.154089471323
1,1,637,0.8094140625,0.703874805205,0.429908979174
1,1,638,0.867966237942,0.792550766744,0.547740074926
1,1,639,0.829339345286,0.73598171665,0.460931008706
1,1,640,0.881851565459,0.810416051547,0.315885270463
1,1,641,0.801290294925,0.703310968585,0.429218970949
1,1,642,0.876259547156,0.812129034097,0.588638871953
1,1,643,0.870573926782,0.782290502414,0.196046798112
1,1,644,0.811754627981,0.71004348197,0.392480559913
1,1,645,0.81285862683,0.73557567021,0.607928385936
1,1,646,0.842390170001,0.755402358427,0.497805763173
1,1,647,0.811094331449,0.699373732464,0.162996950566
1,1,648,0.884843688168,0.829261012526,0.711245738248
1,1,649,0.870251953125,0.794764557342,0.40587762739
1,1,650,0.838058842867,0.754356429475,0.417965656178
1,1,651,0.861701086488,0.771842020433,0.407343550249
1,1,652,0.863421194492,0.777205790987,0.442255749102
1,1,653,0.857119894711,0.770199472147,0.0712119377352
1,1,654,0.882213193482,0.799875445748,0.446005935319
1,1,655,0.862578547994,0.78741488843,0.618555920932
1,1,656,0.895885133284,0.82937155915,0.447331028803
1,1,657,0.752400548697,0.624379310985,0.0882157681833
1,1,658,0.848244530438,0.774669761114,0.55323251565
1,1,659,0.838163342731,0.746187530672,0.364558638403
1,1,660,0.815983045806,0.727699237177,0.432390369939
1,1,661,0.812556586691,0.688621514592,0.115493055969
1,1,662,0.816368103027,0.701995567086,0.216930972469
1,1,663,0.7882421875,0.669867630647,0.160806075492
1,1,664,0.801195335277,0.699237353225,0.25884635398
1,1,665,0.856457983818,0.759924764507,0.3104268832
1,1,666,0.835176999782,0.728308299451,0.253527736218
1,1,667,0.900088844928,0.834144251076,0.618501906233
1,1,668,0.846809614843,0.768595720671,0.45874368429
1,1,669,0.839016425009,0.741446711881,0.283879738875
1,1,670,0.813122459202,0.712747068429,0.332352157204
1,1,671,0.824488888889,0.732597243987,0.488071647404
1,1,672,0.856558927965,0.786402786956,0.572854544688
1,1,673,0.832127152195,0.738024545969,0.227226285884
1,1,674,0.827158749003,0.729895691148,0.225148251648
1,1,675,0.83839591949,0.733476237941,0.274364422117
1,1,676,0.795838923805,0.717108607383,0.52869316902
1,1,677,0.834549947971,0.752739422574,0.434991904747
1,1,678,0.785397295013,0.712510788759,0.524206348792
1,1,679,0.884145866771,0.813746327256,0.394567799614
1,1,680,0.874716183952,0.812682412132,0.693106602225
1,1,681,0.831861227463,0.71912860587,0.157203940779
1,1,682,0.84925042008,0.753612613179,0.371640782721
1,1,683,0.860127506885,0.802361856881,0.544178845418
1,1,684,0.76819612649,0.671047855433,0.346440085341
1,1,685,0.816317406717,0.717175777105,0.240679598306
1,1,686,0.84292068078,0.773407155291,0.583672495365
1,1,687,0.877039384337,0.796865048232,0.51377169687
1,1,688,0.695233148661,0.591852754487,0.189470425215
1,1,689,0.849395059831,0.764583632066,0.338797905948
1,1,690,0.860819247504,0.773729613425,0.254596644148
1,1,691,0.796324643353,0.69240119587,0.307378098998
1,1,692,0.79677362673,0.694627175276,0.385238522374
1,1,693,0.846696550901,0.747782326591,0.309323638899
1,1,694,0.876528092719,0.78091650726,0.295525708804
1,1,695,0.796611367707,0.700791477055,0.404510609641
1,1,696,0.859038410206,0.77711872992,0.412144677126
1,1,697,0.82103198065,0.729455436649,0.339571914785
1,1,698,0.786805795848,0.67778919319,0.177712659701
1,1,699,0.863244336801,0.772131402918,0.200371317145
1,1,700,0.827268966818,0.719480659518,0.284951551161
1,1,701,0.857494752949,0.804415053546,0.762705381777
1,1,702,0.860368620038,0.777791662339,0.437469861513
1,1,703,0.863933193386,0.786250403058,0.497541305846
1,1,704,0.752317355372,0.637189732824,0.172890780624
1,1,705,0.873157590183,0.775300616182,0.373050567783
1,1,706,0.80890135415,0.713188575254,0.333126690027
1,1,707,0.823617998163,0.750905276579,0.615937220283
1,1,708,0.827963208374,0.711180703917,0.18795897349
1,1,709,0.829621976488,0.755442955093,0.533367276952
1,1,710,0.815683709869,0.732275014438,0.483206109541
1,1,711,0.835728239012,0.731090541741,0.256350379467
1,1,712,0.857445288677,0.785944740975,0.757699025436
1,1,713,0.813513869547,0.736460944678,0.54048925736
1,1,714,0.87946311176,0.797329105896,0.518997086571
1,1,715,0.841446280992,0.742876643835,0.460045895677
1,1,716,0.833410901122,0.726576415716,0.149863357393
1,1,717,0.881715006446,0.817537609221,0.509319515376
1,1,718,0.896788194444,0.873554023069,0.937638636363
1,1,719,0.87242329475,0.802633637704,0.594414023325
1,1,720,0.830784531885,0.743839339888,0.347918420744
1,1,721,0.872440968123,0.789541517946,0.327580114636
1,1,722,0.835711435609,0.759606232362,0.513558563604
1,1,723,0.865300118684,0.797575599344,0.670868484597
1,1,724,0.775462962963,0.665659159073,0.247981135335
1,1,725,0.857782325262,0.778313843841,0.342563495402
1,1,726,0.77127303805,0.642217106986,0.155761995568
1,1,727,0.851683627258,0.747880485938,0.360581707536
1,1,728,0.851016550287,0.776182906314,0.455913959211
1,1,729,0.822493681085,0.727244098151,0.350689843671
1,1,730,0.838042552198,0.727951191072,0.177003502183
1,1,731,0.849938186929,0.809319702297,0.888843289791
1,1,732,0.843616150164,0.771475757064,0.572672914286
1,1,733,0.850272091003,0.77002618655,0.526280071642
1,1,734,0.857513652178,0.768826838787,0.331807727816
1,1,735,0.818078679616,0.713316891197,0.356732586539
1,1,736,0.846702535989,0.768217958269,0.554520446578
1,1,737,0.768031072388,0.665750834897,0.215236951058
1,1,738,0.835117559124,0.731346057349,0.264007145771
1,1,739,0.843618518519,0.748807401029,0.317883727907
1,1,740,0.782651605232,0.660314793809,0.238413753518
1,1,741,0.873721235943,0.791623049347,0.440702565806
1,1,742,0.875035257859,0.787530760994,0.310453913269
1,1,743,0.755242214533,0.654304950628,0.293498609219
1,1,744,0.824836339544,0.714391300813,0.240714258005
1,1,745,0.838334693878,0.763307953726,0.626506733015
1,1,746,0.825713734568,0.717118333216,0.21419998558
1,1,747,0.845255243763,0.772817305133,0.425706944697
1,1,748,0.883210217159,0.82231586313,0.671141268221
1,1,749,0.816128412149,0.740417711082,0.51541273724
1,1,750,0.822371415567,0.731508511269,0.502943276855
1,1,751,0.801459381192,0.707814096846,0.452735346974
1,1,752,0.82659622726,0.722111080169,0.193287055037
1,1,753,0.855816899046,0.775195381745,0.633607439966
1,1,754,0.863303402647,0.807628253423,0.713742745358
1,1,755,0.837902146132,0.74213935742,0.191226120131
1,1,756,0.841926612818,0.740852331827,0.339119849829
1,1,757,0.839812695109,0.7602312262,0.506841208898
1,1,758,0.818148148148,0.732009830891,0.462667650316
1,1,759,0.856000260146,0.780934787264,0.507340959409
1,1,760,0.752992007789,0.651023709584,0.276995833979
1,1,761,0.839050430887,0.757940778274,0.512765164411
1,1,762,0.828242669444,0.729401653688,0.400088312292
1,1,763,0.811419527636,0.716297668419,0.397379731208
1,1,764,0.834247812715,0.74961999961,0.450210049496
1,1,765,0.84458420125,0.76110561018,0.500754453563
1,1,766,0.823158292888,0.727649195428,0.366910852029
1,1,767,0.868507105509,0.815152921365,0.774394461546
1,1,768,0.88296332922,0.842656495698,0.843015020883
1,1,769,0.849144584512,0.752807764172,0.204954186753
1,1,770,0.800489941034,0.711316356182,0.407462651597
1,1,771,0.817679203913,0.710685202244,0.283664524189
1,1,772,0.826349474701,0.728442756053,0.264145461935
1,1,773,0.851553489043,0.788427438972,0.680083559657
1,1,774,0.775466666667,0.671276020021,0.382648586759
1,1,775,0.801167803745,0.693299591984,0.272143513495
1,1,776,0.844379881582,0.778161966407,0.614146031737
1,1,777,0.813537187584,0.695080190733,0.179236006484
1,1,778,0.835744331589,0.731648284582,0.37356100911
1,1,779,0.814713421146,0.709138775703,0.285243056396
1,1,780,0.805194437918,0.685370064298,0.158673240495
1,1,781,0.798934911243,0.686498476188,0.324524680342
1,1,782,0.853971679281,0.777794281996,0.487249257392
1,1,783,0.848709027055,0.7355182596,0.303982620462
1,1,784,0.794410265089,0.679671622518,0.239729550523
1,1,785,0.847187223835,0.752384104178,0.238730877195
1,1,786,0.850142998376,0.750828852141,0.327141976767
1,1,787,0.782359308833,0.657987147325,0.0932256297441
1,1,788,0.837194771617,0.74134410387,0.363317422262
1,1,789,0.852038676796,0.749582752246,0.25190367094
1,1,790,0.850427225064,0.783329275479,0.651263582514
1,1,791,0.862845954062,0.802338751635,0.679813003692
1,1,792,0.824421068011,0.706251654979,0.26429865815
1,1,793,0.874808559813,0.817337210647,0.822451628242
1,1,794,0.801820432315,0.712468367304,0.461230338179
1,1,795,0.794317824359,0.682375064405,0.286459568293
1,1,796,0.865844065031,0.764806148547,0.429394034361
1,1,797,0.810404228185,0.70253051633,0.281748434505
1,1,798,0.867482784069,0.774514703894,0.277625701296
1,1,799,0.873550988554,0.804488015937,0.592975230157
1,1,800,0.81300840291,0.719106875735,0.381309388769
1,1,801,0.79958677686,0.727792215669,0.519881308921
1,1,802,0.853670081314,0.769320595601,0.518682405755
1,1,803,0.828352010457,0.743751772793,0.417254949197
1,1,804,0.886865567275,0.812850486091,0.614447199521
1,1,805,0.827147818163,0.735648269106,0.440450751741
1,1,806,0.847035697888,0.738355883918,0.3602533901
1,1,807,0.828266082399,0.748287564606,0.528595440921
1,1,808,0.801118524333,0.697102738729,0.352740383977
1,1,809,0.855117117542,0.766344965906,0.41994124812
1,1,810,0.864785564086,0.803015973216,0.691016276789
1,1,811,0.859966336242,0.790431936997,0.670336006988
1,1,812,0.801780061055,0.694629892474,0.247642162194
1,1,813,0.831222789573,0.715285715743,0.139947494266
1,1,814,0.816995714723,0.747751952746,0.562513048541
1,1,815,0.763402351134,0.675288422077,0.442587291913
1,1,816,0.840102130598,0.753568412565,0.428332899171
1,1,817,0.826025564804,0.738060791797,0.487204752129
1,1,818,0.929774368964,0.900663870014,0.886164453884
1,1,819,0.861974852071,0.78935685463,0.664578485761
1,1,820,0.8260985514,0.725012489127,0.314377806921
1,1,821,0.814708757872,0.695977389878,0.10706747475
1,1,822,0.824700725799,0.74232944828,0.52948429195
1,1,823,0.798255073032,0.752379959709,0.689875770104
1,1,824,0.908950207248,0.87320720959,0.904501242924
1,1,825,0.824312565263,0.749852201798,0.623212822721
1,1,826,0.845049824848,0.761355826483,0.483676322444
1,1,827,0.861739115829,0.797118841815,0.639868765591
1,1,828,0.764222266305,0.643473438508,0.140910874693
1,1,829,0.847695525711,0.758074436345,0.412673371693
1,1,830,0.852589994331,0.770760437506,0.548252161164
1,1,831,0.832703777103,0.737360535014,0.293008219969
1,1,832,0.844463454206,0.759897884181,0.470707704819
1,1,833,0.827886612049,0.730551520132,0.261291866717
1,1,834,0.820574466541,0.73418224443,0.503413824478
1,1,835,0.857439,0.791882596053,0.563226612805
1,1,836,0.841002018529,0.779819374924,0.649352900751
1,1,837,0.876252931021,0.805441633329,0.576851790798
1,1,838,0.733891944114,0.649626553756,0.318477767448
1,1,839,0.829188,0.723920347563,0.248323608607
1,1,840,0.877761836186,0.807429135444,0.452952863361
1,1,841,0.756088445216,0.648830645887,0.326543044283
1,1,842,0.836168068362,0.748164432473,0.405204889242
1,1,843,0.716916099773,0.605270431453,0.170217332888
1,1,844,0.845163301438,0.749711271296,0.238015018701
1,1,845,0.809479990602,0.744354008745,0.602312714133
1,1,846,0.793888859289,0.690825237819,0.338751715725
1,1,847,0.860559756354,0.768173133243,0.464476163571
1,1,848,0.855716042795,0.756251998454,0.231962519332
1,1,849,0.769303820586,0.662393920299,0.249265156868
1,1,850,0.816681243926,0.722692559985,0.414159619226
1,1,851,0.873390245324,0.825466674488,0.739260254016
1,1,852,0.885496809908,0.811041159274,0.483780610872
1,1,853,0.847352127346,0.773493579433,0.650403710165
1,1,854,0.789012772865,0.68985449203,0.387723515815
1,1,855,0.819048,0.717118553366,0.386718920879
1,1,856,0.887244247189,0.830280741298,0.673136049103
1,1,857,0.853109021183,0.772351336977,0.521092031267
1,1,858,0.832823181308,0.761891687756,0.579564101106
1,1,859,0.828527113971,0.728977060842,0.319192135606
1,1,860,0.882750465641,0.786976743782,0.37342268587
1,1,861,0.858376690947,0.796374333354,0.674615718893
1,1,862,0.7503125,0.620284012937,0.139577775835
1,1,863,0.786976,0.671760712166,0.175303326786
1,1,864,0.702602686011,0.619924383632,0.309177742996
1,1,865,0.780550659617,0.692300045022,0.410108271458
1,1,866,0.872478788803,0.810339101732,0.65562438857
1,1,867,0.824649127097,0.742832153901,0.581777025813
1,1,868,0.856729157141,0.784328741052,0.530376325692
1,1,869,0.827706374783,0.725828193658,0.363091753569
1,1,870,0.842405314297,0.752332963018,0.498677420292
1,1,871,0.878068744505,0.795925037432,0.457261897305
1,1,872,0.851611123865,0.758383091007,0.405167253294
1,1,873,0.870615338882,0.776216542587,0.407589919136
1,1,874,0.791510687115,0.68503253642,0.321561909108
1,1,875,0.830472421653,0.728707442296,0.223024187518
1,1,876,0.829184027778,0.738066619169,0.462394320749
1,1,877,0.82329099907,0.724829615564,0.23011175329
1,1,878,0.768333926664,0.652956741171,0.272088829815
1,1,879,0.819137859225,0.747293829098,0.642897921784
1,1,880,0.816346460459,0.73542487495,0.542305911733
1,1,881,0.841301878372,0.75439644118,0.554007745844
1,1,882,0.824944951243,0.741815969873,0.503422268431
1,1,883,0.820358181028,0.7206869513,0.356919587855
1,1,884,0.852627224392,0.770189225858,0.499880003537
1,1,885,0.766146874509,0.679869565043,0.333733900561
1,1,886,0.839138269674,0.737862799047,0.341568609004
1,1,887,0.827060235859,0.742993276593,0.488054858497
1,1,888,0.812684731412,0.721246725652,0.461521797172
1,1,889,0.807304828905,0.720710066484,0.470477880221
1,1,890,0.788803418803,0.663449104114,0.13987178905
1,1,891,0.791284052648,0.671770912747,0.171074595687
1,1,892,0.731578569377,0.646751423265,0.428368013303
1,1,893,0.794664316616,0.72136573798,0.507053246007
1,1,894,0.891080555556,0.843724498841,0.715667552502
1,1,895,0.826944058719,0.717543395276,0.338005893076
1,1,896,0.805526315789,0.722566057068,0.528365263733
1,1,897,0.857482993197,0.772524804094,0.554098449733
1,1,898,0.812588757396,0.73862994396,0.533212022579
1,1,899,0.829256210943,0.739943708356,0.509432728691
1,1,900,0.822643280029,0.753918956876,0.586377606976
1,1,901,0.823144300811,0.735637366482,0.424162926778
1,1,902,0.815752518079,0.719565778537,0.475867485287
1,1,903,0.832994329389,0.757579929977,0.563001775696
1,1,904,0.869482394623,0.808143939579,0.641515288045
1,1,905,0.804710737656,0.719704093456,0.464143609057
1,1,906,0.835421549186,0.726015007306,0.407200110654
1,1,907,0.738401896706,0.629021533551,0.170410928496
1,1,908,0.839069742661,0.738197815623,0.404641635448
1,1,909,0.838763078518,0.73076341339,0.29040373605
1,1,910,0.858069067455,0.817225025429,0.86906185824
1,1,911,0.831293519586,0.742398839409,0.484692219845
1,1,912,0.814512471655,0.748029220152,0.5716503273
1,1,913,0.855700442248,0.738240698444,0.306429453182
1,1,914,0.783187156236,0.72165615957,0.615749627158
1,1,915,0.835875237075,0.758414686209,0.625552890022
1,1,916,0.773935353713,0.678455540976,0.349315427084
1,1,917,0.717299255178,0.613723309647,0.23046657468
1,1,918,0.818413628472,0.737521296756,0.602838357179
1,1,919,0.811716467151,0.715541884543,0.416934355042
1,1,920,0.837516878858,0.764268874359,0.524981604414
1,1,921,0.755369822485,0.640828925556,0.203027120095
1,1,922,0.780301664563,0.68172927479,0.397817076742
1,1,923,0.857072241512,0.75136211909,0.380792301481
1,1,924,0.755844309956,0.661061103186,0.338498390224
1,1,925,0.819219896846,0.748648833,0.513938089008
1,1,926,0.871453786493,0.794251427955,0.553186239756
1,1,927,0.78977666205,0.710124422118,0.514770244019
1,1,928,0.852825,0.792120273261,0.704736975183
1,1,929,0.855683955926,0.761275402139,0.468468993913
1,1,930,0.837170482137,0.733625272328,0.329813632098
1,1,931,0.78433775471,0.682269229446,0.35916855644
1,1,932,0.888113748901,0.834892788602,0.742761734792
1,1,933,0.725418871252,0.61141300158,0.193023413653
1,1,934,0.791167279775,0.663583523975,0.201782454022
1,1,935,0.810787534049,0.72788015467,0.530967376181
1,1,936,0.738665284193,0.658577593603,0.422588990497
1,1,937,0.828647157294,0.75140441401,0.544648795617
1,1,938,0.785660545125,0.722099043139,0.619545395517
1,1,939,0.844253472222,0.788321805427,0.665090720218
1,1,940,0.84707105192,0.763592704639,0.561385561995
1,1,941,0.799618921643,0.706805555059,0.406674718736
1,1,942,0.841553254438,0.742397850306,0.430911984694
1,1,943,0.819470005482,0.706683096238,0.275167484295
1,1,944,0.85735,0.801405056081,0.70920648832
1,1,945,0.830065533593,0.75985045675,0.574465144733
1,1,946,0.799536771043,0.684501348774,0.281863617946
1,1,947,0.829938016529,0.726277065151,0.421928593858
1,1,948,0.89918411673,0.83966237953,0.709693983378
1,1,949,0.837256515775,0.787954499777,0.674516720784
1,1,950,0.877021860602,0.778600514878,0.49306748098
1,1,951,0.866274501476,0.785074514152,0.621358827185
1,1,952,0.717668960317,0.604778905837,0.203054940163
1,1,953,0.804653979239,0.701320708618,0.349398047047
1,1,954,0.88085399449,0.830616801477,0.711523466396
1,1,955,0.798623997759,0.68622688626,0.302702524959
1,1,956,0.818396226415,0.746746111022,0.64156863003
1,1,957,0.862927483919,0.772618777132,0.480378471196
1,1,958,0.813301707188,0.71563579524,0.350166762627
1,1,959,0.738658362091,0.673659928488,0.56002444987
1,1,960,0.881097414456,0.793502409313,0.430301420917
1,1,961,0.811420998311,0.715890527364,0.37401203154
1,1,962,0.766962908855,0.659922665413,0.34240395218
1,1,963,0.81453128671,0.747336066292,0.67691624957
