0,1,0,0.839077065659,0.910091146133,1.0
1,0,0,0.988695385144,0.986821085462,1.0
0,0,0,0.864100445599,0.856719337378,0.878031786467
1,1,0,0.854528614871,0.7842851359,0.369862653689
1,1,1,0.85202536933,0.770486744715,0.295367065055
1,1,2,0.834341831426,0.748368290687,0.429200412292
1,1,3,0.845537286591,0.764054780874,0.237381908283
1,1,4,0.856245040309,0.773215378653,0.329555032174
1,1,5,0.857573565542,0.78806444712,0.47033658238
1,1,6,0.832826244973,0.75251668351,0.305381857006
1,1,7,0.852325712629,0.773876340814,0.141652104827
1,1,8,0.841222193892,0.756694113063,0.375564434909
1,1,9,0.852707618405,0.770841302144,0.286163379208
1,1,10,0.847973581958,0.757382210935,0.4297684558
1,1,11,0.844496657741,0.763821431854,0.339144040192
1,1,12,0.844731486019,0.766511893573,0.405965974809
1,1,13,0.840756101624,0.750603796577,0.353786951726
1,1,14,0.867920945071,0.790008916194,0.192271016813
1,1,15,0.851091597415,0.763278195094,0.341791227856
1,1,16,0.854519159349,0.774955542223,0.221808390412
1,1,17,0.837956522655,0.745259454755,0.271126457336
1,1,18,0.843192675438,0.767844967078,0.453960504313
1,1,19,0.85659669078,0.775646301655,0.333008171612
1,1,20,0.861223939353,0.767125743673,0.152245816417
1,1,21,0.838536155705,0.764327920701,0.513621957899
1,1,22,0.856605574526,0.779609235379,0.114099624038
1,1,23,0.84960970893,0.773998716891,0.460843787929
1,1,24,0.850054993354,0.765909539525,0.234391622706
1,1,25,0.844814386365,0.769217645403,0.362468532137
1,1,26,0.860019262168,0.784933503555,0.21877670895
1,1,27,0.851938895356,0.770011801101,0.546127090332
1,1,28,0.849031831744,0.770341067301,0.290753055256
1,1,29,0.862553266851,0.796668996442,0.440492961047
1,1,30,0.845043179507,0.771408413469,0.352909267112
1,1,31,0.848455859163,0.75156715285,0.0616585736029
1,1,32,0.850631424595,0.769539208582,0.307409928146
1,1,33,0.861921136874,0.788967899381,0.211099110178
1,1,34,0.870078607901,0.789445297757,0.39533451095
1,1,35,0.848225240874,0.762601539696,0.325211161341
1,1,36,0.868969445933,0.789983343376,0.340737329469
1,1,37,0.832954452686,0.73646468692,0.185390761967
1,1,38,0.840298740193,0.751143432608,0.282006205334
1,1,39,0.855100247403,0.774547214343,0.188805376546
1,1,40,0.828699117508,0.724348804839,0.337314420572
1,1,41,0.86251068431,0.772775844678,0.0983888403782
1,1,42,0.843573953019,0.74057403275,0.272746408447
1,1,43,0.83147419392,0.728181000405,0.172975974358
1,1,44,0.819725401781,0.725521658135,0.431544697979
1,1,45,0.83904097751,0.747142305512,0.262747498362
1,1,46,0.865155502986,0.790346475221,0.218974750852
1,1,47,0.846721656426,0.760168070436,0.288144340718
1,1,48,0.851935161792,0.766542070632,0.255905111297
1,1,49,0.832706790123,0.731510078209,0.232905100788
1,1,50,0.845191321613,0.748959745982,0.211907552029
1,1,51,0.85008063746,0.764756878195,0.494210393606
1,1,52,0.853411801111,0.767460203127,0.299943434049
1,1,53,0.856639006574,0.782123881421,0.293894457427
1,1,54,0.834502236134,0.73788012572,0.124348067585
1,1,55,0.786726978126,0.668055774718,0.0715178932156
1,1,56,0.866076789793,0.793037171759,0.236401086328
1,1,57,0.854852556596,0.781631721426,0.713948383649
1,1,58,0.78446282986,0.675181699434,0.245868720183
1,1,59,0.850343371625,0.762542004682,0.376831964498
1,1,60,0.828299089948,0.73035005925,0.292723185593
1,1,61,0.858154846998,0.765027679503,0.152911252564
1,1,62,0.761049764,0.667372781434,0.434819519764
1,1,63,0.836962066736,0.758054552174,0.547316403967
1,1,64,0.859108474218,0.778644425636,0.366588020552
1,1,65,0.838769402703,0.760599276789,0.412875117311
1,1,66,0.837990459238,0.734830410298,0.0905482867753
1,1,67,0.848706525813,0.776392346416,0.637641746363
1,1,68,0.84647599224,0.757567534428,0.112131537855
1,1,69,0.866162658563,0.779988525524,0.0746902911134
1,1,70,0.829813066572,0.72980847301,0.187991970029
1,1,71,0.863895920838,0.778122313303,0.199127675021
1,1,72,0.859110893556,0.772120077527,0.368379082766
1,1,73,0.851560620405,0.769455236389,0.234927380102
1,1,74,0.857174576885,0.793303003377,0.772372531529
1,1,75,0.814322755037,0.715407459088,0.180608184259
1,1,76,0.847757193693,0.760485328923,0.136593521464
1,1,77,0.852183426589,0.774577588605,0.356389575262
1,1,78,0.841454966119,0.759707345549,0.199921117929
1,1,79,0.833945874619,0.736143373034,0.214903710505
1,1,80,0.849197723231,0.763375474127,0.366351596046
1,1,81,0.838702524921,0.7348988998,0.271028574144
1,1,82,0.863933908022,0.791754148268,0.150772614717
1,1,83,0.827401546857,0.727371794402,0.269539133657
1,1,84,0.778444167387,0.698173647884,0.390981362925
1,1,85,0.857224852071,0.772974351792,0.456200922229
1,1,86,0.872633025207,0.800502943958,0.262966926844
1,1,87,0.855678669261,0.78255998764,0.336792460957
1,1,88,0.833612842906,0.732643714312,0.143342073989
1,1,89,0.857238483695,0.771365665261,0.215912619951
1,1,90,0.82039064083,0.708882286648,0.0743625458948
1,1,91,0.871786052571,0.797258673502,0.250158857665
1,1,92,0.799011230469,0.692778876141,0.306317447673
1,1,93,0.858655725713,0.77760360739,0.368823891275
1,1,94,0.849355852171,0.752154143506,0.189724173518
1,1,95,0.836367756986,0.749575572717,0.342968550045
1,1,96,0.852148096644,0.76050324009,0.204545912877
1,1,97,0.855970060714,0.767638852697,0.246721756981
1,1,98,0.854548542017,0.772448436235,0.305265904801
1,1,99,0.848221554227,0.769912685098,0.244502493627
1,1,100,0.839279978459,0.759586578168,0.35108960517
1,1,101,0.860224645028,0.777551981577,0.334131438333
1,1,102,0.823070670268,0.730150519062,0.465374267326
1,1,103,0.853583154421,0.785218711565,0.371356284467
1,1,104,0.842461594113,0.745027954275,0.311942192514
1,1,105,0.8197459835,0.723015052184,0.357878920085
1,1,106,0.838219107768,0.739126445655,0.183806224514
1,1,107,0.78700283771,0.683088337519,0.336348923929
1,1,108,0.855250554637,0.778786916842,0.398659756436
1,1,109,0.855406715695,0.788711800288,0.694306294098
1,1,110,0.78244676374,0.686787631348,0.45081012114
1,1,111,0.832578501693,0.734350433257,0.0651987929292
1,1,112,0.852373483232,0.776031482678,0.386387072705
1,1,113,0.809218893908,0.702281306946,0.408229782363
1,1,114,0.845492130107,0.752232073696,0.258294562719
1,1,115,0.809005441922,0.725299244503,0.557572062701
1,1,116,0.854147432855,0.764884397467,0.189148894559
1,1,117,0.84347441564,0.741998950567,0.144116886257
1,1,118,0.861891018143,0.789146631293,0.394808672049
1,1,119,0.835899824196,0.757769196549,0.614805639055
1,1,120,0.847664154902,0.764640660559,0.300463915898
1,1,121,0.855836086099,0.78469548685,0.588390221556
1,1,122,0.865526952269,0.789001887683,0.362668876354
1,1,123,0.852514688,0.753741648857,0.226407400775
1,1,124,0.84047928577,0.746983302541,0.356234821473
1,1,125,0.813293392932,0.733656714284,0.64120110304
1,1,126,0.851513776956,0.7584077811,0.168900105942
1,1,127,0.834537346742,0.735094370205,0.186688504229
1,1,128,0.867385296609,0.782709260966,0.304741109818
1,1,129,0.865498250826,0.798337110945,0.721447427327
1,1,130,0.860326970096,0.783577625413,0.297888252215
1,1,131,0.848136385256,0.770643944104,0.440770002929
1,1,132,0.752697953021,0.632953770959,0.176069972616
1,1,133,0.849625212761,0.779616660586,0.306784100949
1,1,134,0.844230329858,0.748710469368,0.110498135854
1,1,135,0.857358271411,0.768078516656,0.274240133766
1,1,136,0.84913608823,0.766427681071,0.130700630847
1,1,137,0.864424572533,0.786615833168,0.198632257538
1,1,138,0.863517973759,0.787080713748,0.192210108567
1,1,139,0.855786803334,0.777227696335,0.164767020282
1,1,140,0.806501246612,0.709407972222,0.370632498047
1,1,141,0.815383872193,0.71441382791,0.136805356687
1,1,142,0.807749360197,0.696282697651,0.240947114338
1,1,143,0.85138449384,0.761118568426,0.0906957271921
1,1,144,0.820004971752,0.718222254602,0.201839695278
1,1,145,0.843634357611,0.753346251756,0.285893305484
1,1,146,0.851930448609,0.776002760994,0.339273238718
1,1,147,0.867246807892,0.798493335668,0.532392841802
1,1,148,0.854038589553,0.775273591569,0.506319485797
1,1,149,0.834850778205,0.750554524216,0.250992371235
1,1,150,0.858476505206,0.78151866199,0.289612631854
1,1,151,0.853504740017,0.769559684693,0.513220918781
1,1,152,0.86263317493,0.787445170586,0.101556073919
1,1,153,0.85830797993,0.784736244746,0.463748648585
1,1,154,0.817802040816,0.702412877801,0.149817373444
1,1,155,0.861910831836,0.784940811485,0.287583776353
1,1,156,0.845767648909,0.750669054764,0.185350789441
1,1,157,0.85241395992,0.772140465932,0.629297460817
1,1,158,0.856280012959,0.765236634851,0.23532363967
1,1,159,0.84658648051,0.746181525386,0.156017603229
1,1,160,0.859556901173,0.779185389946,0.172384972173
1,1,161,0.79877728666,0.700593599888,0.346240867285
1,1,162,0.83797359824,0.741300077806,0.357750060024
1,1,163,0.868212744916,0.791978367916,0.387878845857
1,1,164,0.858583993084,0.777341121213,0.124834046225
1,1,165,0.85848107661,0.779053890552,0.0794841689811
1,1,166,0.844265722113,0.764554036525,0.307652946995
1,1,167,0.836459371073,0.737683455609,0.211261344946
1,1,168,0.838460191137,0.736228975485,0.0985527060303
1,1,169,0.859567261221,0.785408558609,0.489845600211
1,1,170,0.851014903085,0.768096718048,0.148177101681
1,1,171,0.853883521329,0.777346265773,0.283412345152
1,1,172,0.865698988851,0.784540848825,0.259752203426
1,1,173,0.858714256758,0.789886043779,0.215188878097
1,1,174,0.860282598649,0.784351362694,0.359835556556
1,1,175,0.856107971446,0.771304451327,0.331710492174
1,1,176,0.865113919784,0.79043033772,0.205530751369
1,1,177,0.870246780729,0.801810565205,0.18643590611
1,1,178,0.753174281439,0.64521688831,0.224808526957
1,1,179,0.840692971471,0.736791453006,0.131079990883
1,1,180,0.846430059457,0.747396929804,0.217457629028
1,1,181,0.85420132979,0.768968145999,0.161925566255
1,1,182,0.8555951946,0.776909028614,0.322875795883
1,1,183,0.857741760085,0.77130535389,0.354112971312
1,1,184,0.846334728524,0.769454692843,0.44472464537
1,1,185,0.868820174204,0.794451902732,0.213921418703
1,1,186,0.813439464816,0.700622667651,0.14605140495
1,1,187,0.868947437622,0.782192817658,0.350677334072
1,1,188,0.835871117268,0.745567978711,0.219735679826
1,1,189,0.860510310094,0.787909792077,0.233224461594
1,1,190,0.85518793864,0.765771502063,0.261942771089
1,1,191,0.845973348858,0.759696367496,0.309951485734
1,1,192,0.843819053718,0.760566860559,0.453976551217
1,1,193,0.850563980685,0.789006534791,0.65306522391
1,1,194,0.84567803307,0.747813173361,0.127615616078
1,1,195,0.856874084759,0.771549790062,0.218006906435
1,1,196,0.856631601671,0.771766236936,0.259973061046
1,1,197,0.835193168635,0.737357647998,0.199252775925
1,1,198,0.854818513681,0.77747251895,0.400559014674
1,1,199,0.867428817341,0.789738925867,0.20328545401
1,1,200,0.873149370989,0.79818238269,0.53156772734
1,1,201,0.836050701531,0.735655119516,0.249774455076
1,1,202,0.857521708568,0.769803017717,0.124295539991
1,1,203,0.838005900809,0.737315944109,0.220621331834
1,1,204,0.83245176055,0.73858373513,0.376335062248
1,1,205,0.857287275757,0.760727089429,0.410256051165
1,1,206,0.828669112581,0.743255821301,0.467114239237
1,1,207,0.864379894948,0.78301767942,0.283373754072
1,1,208,0.840608477481,0.74787989303,0.29229106512
1,1,209,0.870989991679,0.797902544069,0.160897531148
1,1,210,0.863661499023,0.775442683281,0.162854295201
1,1,211,0.870768210866,0.81946286607,0.721542826564
1,1,212,0.845506685221,0.751285667938,0.330506502244
1,1,213,0.847976813916,0.74801281056,0.173747460235
1,1,214,0.856631051236,0.770734630242,0.210436405047
1,1,215,0.854677180491,0.76831389943,0.282748625437
1,1,216,0.840890514072,0.749021332087,0.282887987493
1,1,217,0.838155021834,0.737102870977,0.224968672351
1,1,218,0.771691332767,0.641763396669,0.0572596853102
1,1,219,0.858598788719,0.773200121754,0.134087913559
1,1,220,0.880103966662,0.805702708721,0.209171069766
1,1,221,0.840309836648,0.751652194887,0.442093206348
1,1,222,0.840632178731,0.750598133492,0.33653813313
1,1,223,0.732937980987,0.603872508763,0.044631364783
1,1,224,0.827525840755,0.734069870964,0.42872568619
1,1,225,0.8483501767,0.761728134458,0.197769543539
1,1,226,0.869376170928,0.787129909709,0.241740081361
1,1,227,0.808912284061,0.712382508786,0.323987922268
1,1,228,0.86103090619,0.768525204017,0.158964934579
1,1,229,0.817233091584,0.71212667437,0.208636713692
1,1,230,0.832224704477,0.716329751996,0.102516795653
1,1,231,0.783775992682,0.679608117165,0.157673330075
1,1,232,0.85920750097,0.775628387993,0.304838193118
1,1,233,0.819448257725,0.706148012488,0.0894575263404
1,1,234,0.849788615866,0.774029622885,0.445517468651
1,1,235,0.83337627936,0.741826227034,0.257209301315
1,1,236,0.870124566389,0.79424735623,0.14840251673
1,1,237,0.82909044129,0.735796453321,0.38544508246
1,1,238,0.82978494258,0.727039784986,0.259969172955
1,1,239,0.874797983317,0.795465325463,0.27162629057
1,1,240,0.851277227182,0.774689635796,0.524658891709
1,1,241,0.866696194111,0.798714150972,0.579660490072
1,1,242,0.836077254431,0.729145137184,0.168161191953
1,1,243,0.83734016046,0.734600750864,0.169016878733
1,1,244,0.861797161004,0.782165591623,0.383341101962
1,1,245,0.865846102174,0.78545593468,0.186038875236
1,1,246,0.87061942447,0.785124636255,0.144288558522
1,1,247,0.856386316341,0.783641380012,0.282761320772
1,1,248,0.858116585008,0.770414928283,0.126473200986
1,1,249,0.819434678819,0.719163047898,0.195502804902
1,1,250,0.849968605546,0.774893421013,0.597094755419
1,1,251,0.835481782341,0.732491204299,0.25083483224
1,1,252,0.848277633338,0.766980433233,0.217037996853
1,1,253,0.839919113153,0.74262348327,0.29725425622
1,1,254,0.837758269733,0.742337449834,0.280890469263
1,1,255,0.850997545678,0.762767727758,0.541580858848
1,1,256,0.850240370658,0.758092803556,0.22777740071
1,1,257,0.839786976275,0.753892538346,0.442560475439
1,1,258,0.827092049609,0.712060506655,0.116898686775
1,1,259,0.847656494721,0.750388342944,0.187669418245
1,1,260,0.871682516329,0.796879612788,0.389120644498
1,1,261,0.826601398737,0.725535629248,0.171014366739
1,1,262,0.837955156605,0.726771569605,0.161670543824
1,1,263,0.862247110001,0.779411509017,0.200025803846
1,1,264,0.839774352002,0.754858597203,0.350147313426
1,1,265,0.855448881099,0.77560257913,0.39376065758
1,1,266,0.794526639545,0.676981493001,0.0690646507748
1,1,267,0.859612849819,0.771345175998,0.163935587904
1,1,268,0.84789146,0.773281952485,0.344423557591
1,1,269,0.860778924437,0.779033278797,0.269773390564
1,1,270,0.823512391429,0.717896882801,0.191153085929
1,1,271,0.852832712612,0.769469950218,0.261702896737
1,1,272,0.81507957188,0.710294559517,0.22853307218
1,1,273,0.862262187872,0.764811464549,0.351317134685
1,1,274,0.82424514849,0.71927557505,0.18495509786
1,1,275,0.812396599796,0.703038049102,0.103292143352
1,1,276,0.845250505245,0.752508290708,0.290501663792
1,1,277,0.851666041937,0.765025505248,0.260530753016
1,1,278,0.860836590292,0.789786547712,0.388665340488
1,1,279,0.857864952328,0.772168675157,0.263990016277
1,1,280,0.83358940167,0.738862376058,0.260773977286
1,1,281,0.834148813275,0.737761700428,0.241929509325
1,1,282,0.852350934773,0.757227755669,0.101678727881
1,1,283,0.867846117724,0.792360096128,0.273819083105
1,1,284,0.852839641774,0.743217892206,0.110023603938
1,1,285,0.857777132789,0.785226906855,0.265670050248
1,1,286,0.839099107495,0.745781440168,0.172390750023
1,1,287,0.826043096755,0.721073252717,0.126905634749
1,1,288,0.823753811969,0.72303971492,0.346818577922
1,1,289,0.842286418348,0.751513377935,0.160934608886
1,1,290,0.817568867344,0.710586723693,0.367863943859
1,1,291,0.8643041642,0.790345322546,0.321193122428
1,1,292,0.795852446787,0.714808341485,0.546450227378
1,1,293,0.833471852837,0.737615686818,0.28649586882
1,1,294,0.873204881838,0.803664193214,0.269392414663
1,1,295,0.854088079069,0.780331567357,0.20704758429
1,1,296,0.852297062022,0.767279178683,0.197561830261
1,1,297,0.823186635198,0.730057669972,0.46020395471
1,1,298,0.856063483436,0.76874483959,0.268234576957
1,1,299,0.856364375898,0.772610916083,0.256347711181
1,1,300,0.818498363253,0.719768440912,0.455205843143
1,1,301,0.852038115731,0.770288283232,0.265829240161
1,1,302,0.861686679138,0.776490081387,0.194056518745
1,1,303,0.861571640941,0.789407192573,0.58424219914
1,1,304,0.864607711968,0.784086232344,0.307986047679
1,1,305,0.861129474444,0.792096483383,0.294147580111
1,1,306,0.822271104699,0.724018896213,0.3253900373
1,1,307,0.834770105687,0.734734382712,0.294537689356
1,1,308,0.853353532312,0.767772547975,0.218277363707
1,1,309,0.863482291964,0.790693882464,0.231892039707
1,1,310,0.850484404537,0.75081905453,0.345606685072
1,1,311,0.858213832983,0.776269940988,0.312373449595
1,1,312,0.794238273741,0.696011730674,0.336737753889
1,1,313,0.851227885357,0.764252144573,0.275692946631
1,1,314,0.862294024489,0.78192266426,0.271157035029
1,1,315,0.847714613204,0.752880512974,0.309880363773
1,1,316,0.798371816559,0.693701877215,0.261543911723
1,1,317,0.87321329913,0.800052493829,0.23088880127
1,1,318,0.86546922874,0.800570043304,0.518907262006
1,1,319,0.863724921353,0.781471504606,0.146139739262
1,1,320,0.839790446442,0.744614953805,0.412356329699
1,1,321,0.868595231049,0.786035611082,0.069584331898
1,1,322,0.837182678585,0.731132118667,0.113151009559
1,1,323,0.859773072011,0.770241928483,0.151750930327
1,1,324,0.862060812157,0.776164915748,0.29572991541
1,1,325,0.838746378181,0.733157121115,0.230900269268
1,1,326,0.819078237322,0.735205584224,0.465571686508
1,1,327,0.860066140154,0.773069745721,0.247251463786
1,1,328,0.823157342673,0.709234794895,0.142173668651
1,1,329,0.840668311706,0.750018540169,0.288650297348
1,1,330,0.849120912256,0.752360473969,0.213786954804
1,1,331,0.847694349791,0.756220887306,0.258446621668
1,1,332,0.832369073999,0.727546662924,0.280729492886
1,1,333,0.860665140928,0.781249495888,0.300771690771
1,1,334,0.831738228761,0.730499209062,0.323535059763
1,1,335,0.849053473912,0.773700784023,0.34772067254
1,1,336,0.839586548354,0.745472385826,0.367188188893
1,1,337,0.861616707865,0.784713656662,0.151633620872
1,1,338,0.833087076783,0.744444232912,0.416967141841
1,1,339,0.85054177885,0.769081383694,0.226359238507
1,1,340,0.808911301725,0.712739841495,0.418299566137
1,1,341,0.859998818726,0.782196843016,0.565206915123
1,1,342,0.861955967923,0.785670541177,0.397982364089
1,1,343,0.819959468376,0.742618561078,0.513986767098
1,1,344,0.84913822241,0.766729897522,0.17489165826
1,1,345,0.855355209316,0.773345548461,0.381981652612
1,1,346,0.855417723179,0.779136565933,0.279004731997
1,1,347,0.853415193765,0.766984484752,0.16897722976
1,1,348,0.872470958162,0.799886455292,0.521911918441
1,1,349,0.838940946339,0.745536647639,0.393703636702
1,1,350,0.821680253217,0.710108059404,0.349292097443
1,1,351,0.85693252374,0.791969362467,0.692649001785
1,1,352,0.854735545755,0.770944971479,0.248173402449
1,1,353,0.838700453425,0.748024441146,0.480847663227
1,1,354,0.837757769281,0.736563768449,0.121665415377
1,1,355,0.861099568807,0.770523252169,0.182264020589
1,1,356,0.85174653476,0.780482048597,0.719917534267
1,1,357,0.827420882002,0.736223198098,0.303422034027
1,1,358,0.82979916332,0.726804565629,0.207463725533
1,1,359,0.860386383849,0.773926662521,0.41115692056
1,1,360,0.835145824835,0.724201241848,0.105138544336
1,1,361,0.769465821639,0.668969809354,0.348298237793
1,1,362,0.854981036003,0.775435891757,0.170243472118
1,1,363,0.85030084213,0.762105443208,0.336745965696
1,1,364,0.850370049981,0.775366455712,0.577622778645
1,1,365,0.825461448212,0.721054243468,0.116183927106
1,1,366,0.797547258979,0.692726403253,0.288178037132
1,1,367,0.787661160699,0.74988789113,0.74517902737
1,1,368,0.804301754908,0.71279229759,0.468607326165
1,1,369,0.812684258085,0.698937097192,0.162910549407
1,1,370,0.855048531941,0.777110484681,0.366204728313
1,1,371,0.843884460525,0.754245598439,0.398983990221
1,1,372,0.830311361469,0.732108177664,0.236409223651
1,1,373,0.857532744821,0.780774931766,0.482790331757
1,1,374,0.838365004474,0.746105706477,0.353539117431
1,1,375,0.828393711223,0.729581953167,0.331899908768
1,1,376,0.852304194253,0.766400960137,0.36654119768
1,1,377,0.81556122449,0.700063019847,0.329977719447
1,1,378,0.834780400311,0.746256851264,0.509269123255
1,1,379,0.833214829354,0.747922517708,0.393225627106
1,1,380,0.858648759972,0.766971696699,0.282716626782
1,1,381,0.854949628507,0.7671171105,0.376640146463
1,1,382,0.858053869177,0.770469899224,0.124332101066
1,1,383,0.84904493974,0.763215988637,0.311002449383
1,1,384,0.843866480771,0.750842788001,0.28372402172
1,1,385,0.863961511608,0.781413273293,0.365315070971
1,1,386,0.864045296154,0.786845946382,0.232745405821
1,1,387,0.836444912594,0.740006957567,0.301029872633
1,1,388,0.849337551465,0.751757458941,0.180621761616
1,1,389,0.848119799214,0.748127010927,0.274207321352
1,1,390,0.836786172611,0.743674818645,0.268215491145
1,1,391,0.849372546359,0.759495721101,0.387367047555
1,1,392,0.83596165604,0.73326160395,0.148785971156
1,1,393,0.862121334778,0.777514754451,0.250971056988
1,1,394,0.836612565103,0.757742693918,0.456809797871
1,1,395,0.85997573168,0.786523244645,0.327980610914
1,1,396,0.855506284732,0.775539700259,0.45730938635
1,1,397,0.842813278747,0.75770532753,0.419799657336
1,1,398,0.860229667017,0.771345947224,0.178170582035
1,1,399,0.857487108225,0.772639187179,0.206724682477
1,1,400,0.799123447772,0.694367898547,0.20533661856
1,1,401,0.783346429102,0.668877020632,0.144186369143
1,1,402,0.850534847904,0.760923571548,0.237102456476
1,1,403,0.840448493827,0.742211883816,0.113602840959
1,1,404,0.863341052293,0.785025061046,0.263316136306
1,1,405,0.839791359084,0.738591618823,0.211603895106
1,1,406,0.847203966801,0.745589167665,0.253289479528
1,1,407,0.845553071219,0.759704088756,0.482918804707
1,1,408,0.848769620304,0.746100166504,0.244296588144
1,1,409,0.777205981713,0.66599944226,0.205216106741
1,1,410,0.82638470412,0.738850238212,0.492713330111
1,1,411,0.836576910487,0.752073316853,0.488102358328
1,1,412,0.85696026592,0.772395217718,0.247997383442
1,1,413,0.857738360106,0.771390892273,0.192504444834
1,1,414,0.84927084693,0.772707984125,0.521498002124
1,1,415,0.842483143172,0.746854623578,0.327017436537
1,1,416,0.832644765181,0.733203607273,0.109155728753
1,1,417,0.843055165833,0.738849756182,0.0504894059687
1,1,418,0.843038291775,0.754609552006,0.29403283847
1,1,419,0.831972738504,0.735382406807,0.417984181302
1,1,420,0.8455119938,0.756917218511,0.31241220858
1,1,421,0.85560947167,0.769077636596,0.220625075147
1,1,422,0.864136518453,0.79005732716,0.24610948967
1,1,423,0.862149613188,0.759367737061,0.197394263447
1,1,424,0.8500389761,0.770741892935,0.37486082094
1,1,425,0.854741029237,0.766871725674,0.0927319112022
1,1,426,0.866334622448,0.782128615012,0.30496012463
1,1,427,0.873441253658,0.812240666514,0.600746556547
1,1,428,0.869996441453,0.79015905173,0.400684348135
1,1,429,0.846268577551,0.739413131267,0.0647298919245
1,1,430,0.876574810523,0.79354305238,0.331690649228
1,1,431,0.834499314129,0.752150946103,0.503516092551
1,1,432,0.843557297507,0.743187369205,0.104878335345
1,1,433,0.850211461451,0.760699077821,0.393495720803
1,1,434,0.856789139677,0.771783321619,0.317511797013
1,1,435,0.857206754686,0.767708050787,0.215346864485
1,1,436,0.71706205274,0.624156231655,0.321551720174
1,1,437,0.805557192007,0.694913852965,0.0683948289718
1,1,438,0.790598329437,0.686269365146,0.214365993711
1,1,439,0.857739690311,0.779571653442,0.328511975316
1,1,440,0.841574748803,0.75837851572,0.363605989208
1,1,441,0.880838388228,0.807061472631,0.303432588085
1,1,442,0.828169819779,0.732138187644,0.268558675509
1,1,443,0.857795281077,0.782332831489,0.349287440369
1,1,444,0.862105611515,0.776459905821,0.256736828468
1,1,445,0.838160876756,0.749524566948,0.275472796223
1,1,446,0.859167029335,0.781631109723,0.308059153776
1,1,447,0.816563825818,0.706275952806,0.244790924367
1,1,448,0.857225886678,0.771385918091,0.527476292374
1,1,449,0.859186533128,0.776778295392,0.54946924731
1,1,450,0.838934648889,0.757187381827,0.351971601188
1,1,451,0.85842389486,0.770035804147,0.235446316105
1,1,452,0.843423650494,0.754468219958,0.418547630231
1,1,453,0.795368483274,0.692227938626,0.321797086881
1,1,454,0.852305788763,0.760237875037,0.207612554576
1,1,455,0.859434053933,0.781029036764,0.43268372798
1,1,456,0.840409907172,0.750881770949,0.421121819061
1,1,457,0.843887096011,0.751941794982,0.247485489969
1,1,458,0.827900012232,0.727992942046,0.240768036083
1,1,459,0.832108463424,0.726254609923,0.143196999883
1,1,460,0.796519905961,0.675427824992,0.171425355403
1,1,461,0.836468078196,0.747286539596,0.319760430491
1,1,462,0.827830225061,0.729313623917,0.305253857361
1,1,463,0.852448350635,0.764394242657,0.407353861217
1,1,464,0.831717532249,0.742917490098,0.27401786759
1,1,465,0.839851778273,0.773733031515,0.708736734761
1,1,466,0.849745876824,0.772806734104,0.290948460669
1,1,467,0.843045386244,0.74786780144,0.169303745991
1,1,468,0.851630087804,0.771937858505,0.333540735086
1,1,469,0.661572472126,0.554097720477,0.0924079638446
1,1,470,0.846344918752,0.759601816204,0.439345473507
1,1,471,0.827867185009,0.74641103621,0.574693181323
1,1,472,0.846338513831,0.768450516445,0.411829711742
1,1,473,0.86190633907,0.804342473634,0.656007228397
1,1,474,0.791520178957,0.684839930371,0.129441794225
1,1,475,0.85422938613,0.758893677931,0.271314074354
1,1,476,0.836912184605,0.739271822533,0.214085692712
1,1,477,0.822509342561,0.716297823073,0.32771219332
1,1,478,0.849700388225,0.757403328219,0.102954274223
1,1,479,0.759582012977,0.654498141681,0.273428210014
1,1,480,0.849547674339,0.758463641661,0.241380441686
1,1,481,0.837529159865,0.74380477216,0.369094954246
1,1,482,0.854767608642,0.771677192499,0.338201657262
1,1,483,0.832535925661,0.743869685542,0.40667826962
1,1,484,0.79385425644,0.682078468889,0.0939885598961
1,1,485,0.820991317638,0.705781342343,0.286113178995
1,1,486,0.835198002755,0.771333450794,0.683173477672
1,1,487,0.858333818497,0.791011613921,0.600265822751
1,1,488,0.84974128115,0.778542525567,0.753789205542
1,1,489,0.764270797076,0.653605332358,0.191598322619
1,1,490,0.810915260628,0.71018342136,0.266896980898
1,1,491,0.856421398462,0.775555789236,0.311321482482
1,1,492,0.835322092271,0.747227483359,0.487241041862
1,1,493,0.86714039621,0.787162647164,0.492510527023
1,1,494,0.855589011216,0.790475317735,0.636067089821
1,1,495,0.839768127515,0.737937611409,0.144145143692
1,1,496,0.845560884705,0.745900374917,0.283137765327
1,1,497,0.838875803649,0.745085687669,0.377500853419
1,1,498,0.826393066256,0.735050294627,0.269466177748
1,1,499,0.849329871148,0.766872683729,0.485063053462
1,1,500,0.864607882034,0.794645676007,0.558711571194
1,1,501,0.823525770818,0.72696310715,0.217667186933
1,1,502,0.824948060942,0.745635130607,0.592151636816
1,1,503,0.840963586598,0.760511128846,0.544480306579
1,1,504,0.841400136665,0.740257177463,0.203705359478
1,1,505,0.823588147304,0.716766727782,0.214505116282
1,1,506,0.812473246136,0.722636053504,0.517874021283
1,1,507,0.840728038345,0.744816987624,0.164391097959
1,1,508,0.849508403905,0.786501779297,0.616727301122
1,1,509,0.823237605291,0.725003575771,0.368906773335
1,1,510,0.838427087082,0.749903079618,0.27390856384
1,1,511,0.841729415366,0.76053298614,0.526861821781
1,1,512,0.845635004969,0.760047504798,0.474993934111
1,1,513,0.84957674414,0.764530661673,0.257975510142
1,1,514,0.852803330914,0.770177143466,0.411104553175
1,1,515,0.850504162904,0.76887580654,0.449062128391
1,1,516,0.841343424574,0.742689172563,0.149894332171
1,1,517,0.848176652893,0.760820831619,0.383051249221
1,1,518,0.843530844855,0.757937625381,0.246831241748
1,1,519,0.845760704128,0.758697344252,0.254104563291
1,1,520,0.728777953771,0.625849341937,0.206458196296
1,1,521,0.849698280601,0.764665746688,0.387400514256
1,1,522,0.82954223356,0.752914912678,0.533088050548
1,1,523,0.82492549419,0.728505112076,0.309561927507
1,1,524,0.815225258435,0.723135567079,0.456553875032
1,1,525,0.810690370755,0.693982616208,0.123781538586
1,1,526,0.847051452737,0.771084758507,0.518102918177
1,1,527,0.855629489287,0.76248524409,0.164351200719
1,1,528,0.849271005239,0.740322630371,0.125899062146
1,1,529,0.836730816791,0.734678794828,0.141330281955
1,1,530,0.835453999159,0.745677781109,0.334845688085
1,1,531,0.829828828202,0.720409851904,0.109386117318
1,1,532,0.837252733266,0.742818406933,0.241993930562
1,1,533,0.839000158252,0.76468336854,0.488059746862
1,1,534,0.772869822485,0.655673763311,0.225688662049
1,1,535,0.833181904032,0.733453651562,0.180474484916
1,1,536,0.787411323304,0.67634264688,0.230151110527
1,1,537,0.795155035735,0.676753482993,0.136804152664
1,1,538,0.834153931981,0.737379988851,0.233783942679
1,1,539,0.836938582616,0.726975404221,0.0652980929347
1,1,540,0.825813171999,0.721529475988,0.194137895918
1,1,541,0.849764213583,0.758980011007,0.293316934459
1,1,542,0.778875,0.662075733139,0.252674297218
1,1,543,0.848890121413,0.757449733352,0.325414474662
1,1,544,0.861483124129,0.773375366878,0.278623702935
1,1,545,0.791555957062,0.685550458877,0.249078285249
1,1,546,0.811205934189,0.701418191879,0.186775443025
1,1,547,0.823182573758,0.735236852516,0.309991738059
1,1,548,0.834843120076,0.734259799135,0.307648774715
1,1,549,0.807092206043,0.709617488825,0.303399537509
1,1,550,0.851983751301,0.769695047119,0.306962370487
1,1,551,0.842410492382,0.754610710177,0.280118433165
1,1,552,0.855168793356,0.792758549992,0.624382348071
1,1,553,0.871241544275,0.79290663162,0.337914573278
1,1,554,0.839562079658,0.755233966236,0.421776502994
1,1,555,0.82490637507,0.734628338835,0.480208689942
1,1,556,0.813552856445,0.717324897335,0.405817667601
1,1,557,0.779623507805,0.662691217003,0.191933509529
1,1,558,0.817629916898,0.716863535223,0.357828408302
1,1,559,0.849824187413,0.770295712937,0.36594406723
1,1,560,0.83951435881,0.747011646387,0.2394100261
1,1,561,0.851446040635,0.762545960685,0.345492074627
1,1,562,0.836034157608,0.72900138867,0.137736861587
1,1,563,0.835523838423,0.746813180505,0.358256866812
1,1,564,0.85750278996,0.766800672629,0.360075908507
1,1,565,0.817812492417,0.718402582276,0.402292380946
1,1,566,0.84583630922,0.755585122745,0.314601338504
1,1,567,0.837970323799,0.73491296904,0.21443772509
1,1,568,0.84781739249,0.772794923679,0.507371810657
1,1,569,0.843854550082,0.760568126742,0.386768013579
1,1,570,0.856805785124,0.774376647074,0.381790208295
1,1,571,0.816734981098,0.722530261814,0.380307968253
1,1,572,0.817809966012,0.719584370152,0.261302325291
1,1,573,0.831444500231,0.732624051226,0.311847359001
1,1,574,0.78568375606,0.668645860491,0.17057571402
1,1,575,0.850421809082,0.766852451456,0.536483625806
1,1,576,0.846683486054,0.752446257181,0.139349256828
1,1,577,0.863390938123,0.787235037419,0.637949621204
1,1,578,0.835763445033,0.743653474494,0.272419013142
1,1,579,0.852177157425,0.767282130458,0.394990140504
1,1,580,0.789450754161,0.679348842015,0.319480817306
1,1,581,0.824191130827,0.750253327793,0.551491508577
1,1,582,0.860361555746,0.774036799883,0.40165869642
1,1,583,0.86260005612,0.778288536944,0.393051841349
1,1,584,0.848747778021,0.761592962037,0.269605820823
1,1,585,0.806054806555,0.711907816734,0.318234044333
1,1,586,0.778496516185,0.671954967874,0.297260988261
1,1,587,0.781828015143,0.669246578743,0.246107181989
1,1,588,0.814137755843,0.729280232289,0.517550319329
1,1,589,0.830833192144,0.747874084354,0.463108704842
1,1,590,0.837627649754,0.732267323288,0.219762484128
1,1,591,0.784315749785,0.686487733039,0.362796691404
1,1,592,0.75683527769,0.631711369918,0.159808838123
1,1,593,0.827769399131,0.749771798047,0.466526247261
1,1,594,0.832157607677,0.741297211288,0.511317915015
1,1,595,0.887812670941,0.815236443715,0.428814996351
1,1,596,0.797452858264,0.707125619928,0.476918223128
1,1,597,0.787713876198,0.675199519646,0.188753150951
1,1,598,0.792728366551,0.675538481927,0.205504727501
1,1,599,0.818372842193,0.720441064001,0.285308675692
1,1,600,0.81067294674,0.708875653031,0.227036328832
1,1,601,0.826448937801,0.723918860793,0.290457736547
1,1,602,0.838178642838,0.745880367685,0.296326416856
1,1,603,0.764654050731,0.642222474347,0.0627980566795
1,1,604,0.839731293253,0.743617078048,0.382846629207
1,1,605,0.83270473313,0.736918018964,0.248706670709
1,1,606,0.855625251382,0.761513894634,0.206294490993
1,1,607,0.779422255767,0.67616425915,0.331345095536
1,1,608,0.836329722877,0.743503893078,0.233004592958
1,1,609,0.830045539165,0.731919210639,0.202343150166
1,1,610,0.826197958249,0.729012383604,0.294336386891
1,1,611,0.835910887904,0.735257249748,0.214950425945
1,1,612,0.845015213399,0.759532724587,0.458002829707
1,1,613,0.780833949704,0.686193396932,0.299285861272
1,1,614,0.817974368103,0.707715955275,0.227313583534
1,1,615,0.806030583979,0.705251172932,0.324907430227
1,1,616,0.839351576443,0.769528351875,0.602689020715
1,1,617,0.841601443939,0.754807593908,0.312527827027
1,1,618,0.821557601538,0.704271068401,0.144714880577
1,1,619,0.831606500897,0.731115772279,0.190207402737
1,1,620,0.840731483882,0.760280408745,0.575312134472
1,1,621,0.841559722997,0.752985443191,0.301712179929
1,1,622,0.84411066076,0.750281933481,0.263046093157
1,1,623,0.816537460978,0.714267094949,0.231631407943
1,1,624,0.86172770307,0.778845837345,0.233233808795
1,1,625,0.86256576631,0.787847088044,0.459890434158
1,1,626,0.826625586065,0.727094722626,0.222681023098
1,1,627,0.766040093793,0.653514544663,0.194257741539
1,1,628,0.804547745274,0.709261013518,0.416963791371
1,1,629,0.818193876596,0.712768774729,0.306349615528
1,1,630,0.851852112517,0.759448798085,0.29012135167
1,1,631,0.864090042402,0.777181569548,0.371031916711
1,1,632,0.78576171875,0.681116147102,0.334547098541
1,1,633,0.825521736617,0.724582032586,0.349666515222
1,1,634,0.864160377693,0.809752716618,0.872658496532
1,1,635,0.852139365024,0.754183767991,0.263543320571
1,1,636,0.868497953375,0.790000466512,0.516700016629
1,1,637,0.841142578125,0.775753414605,0.592284314433
1,1,638,0.824618942629,0.732522456437,0.376992926234
1,1,639,0.833070001018,0.742099842566,0.290971031161
1,1,640,0.851712220679,0.756321722537,0.283445182004
1,1,641,0.883723422497,0.813394895084,0.626755429289
1,1,642,0.8076470389,0.712133034029,0.27953896219
1,1,643,0.857802810785,0.761937779205,0.197787593671
1,1,644,0.828533842115,0.733256226539,0.439950791548
1,1,645,0.832001879699,0.754257552598,0.495962223197
1,1,646,0.815393202301,0.713695281541,0.393078493987
1,1,647,0.810281139795,0.706262885757,0.253387221902
1,1,648,0.686344620951,0.59365070149,0.190108011955
1,1,649,0.850701757813,0.756964290419,0.350630811313
1,1,650,0.815440317043,0.7077556543,0.230827247357
1,1,651,0.826119438043,0.73158641852,0.356756724321
1,1,652,0.814694189259,0.717944879048,0.319400323542
1,1,653,0.84697154859,0.749708118243,0.197196786195
1,1,654,0.806120324015,0.69784154631,0.197745634985
1,1,655,0.833295889508,0.731872632066,0.378281403156
1,1,656,0.812242300663,0.702647845558,0.137907726561
1,1,657,0.725251486054,0.598597095096,0.0825981980386
1,1,658,0.818087717742,0.732944505645,0.544244463536
1,1,659,0.81853696666,0.724018240347,0.421353640431
1,1,660,0.841524390244,0.749527515688,0.365992591086
1,1,661,0.711068356722,0.603283245603,0.153275119834
1,1,662,0.840221405029,0.752354561073,0.410562837038
1,1,663,0.786208496094,0.687700756635,0.308463886182
1,1,664,0.76104123282,0.652613986581,0.213406939546
1,1,665,0.740417082546,0.62825778739,0.109422255282
1,1,666,0.802614228645,0.697818174202,0.196284317201
1,1,667,0.827520482476,0.723889349319,0.186518163933
1,1,668,0.84504808228,0.759544775208,0.328701661194
1,1,669,0.797768610323,0.684658836752,0.231207718476
1,1,670,0.796741953896,0.698683465516,0.359369281569
1,1,671,0.838088888889,0.759362407581,0.569339669579
1,1,672,0.820412852959,0.712740023763,0.225335614542
1,1,673,0.819089435647,0.729427198632,0.268929594659
1,1,674,0.802331643645,0.698376925103,0.294061204902
1,1,675,0.844950731887,0.736954813474,0.161011255445
1,1,676,0.811522403079,0.732207144608,0.498773608632
1,1,677,0.800546305931,0.708378814653,0.327421270032
1,1,678,0.839383830455,0.755118466116,0.592439414687
1,1,679,0.839025870879,0.744566353141,0.370623155355
1,1,680,0.84303052388,0.760405102457,0.380992437948
1,1,681,0.834525874877,0.735324649265,0.345422672794
1,1,682,0.820473311804,0.708228572228,0.225121900024
1,1,683,0.855476473678,0.784232809728,0.466210994107
1,1,684,0.80633650519,0.688380937997,0.173631404774
1,1,685,0.827340805696,0.735439705708,0.434545244651
1,1,686,0.853608571343,0.794614624537,0.73150405983
1,1,687,0.800276143051,0.694664975665,0.216777309036
1,1,688,0.839104339797,0.74593560819,0.482794978483
1,1,689,0.847489173818,0.742469081356,0.156735221457
1,1,690,0.838134986866,0.728665280757,0.0968477360917
1,1,691,0.782713672516,0.664593162403,0.195971804059
1,1,692,0.827006514922,0.724489855667,0.300580560876
1,1,693,0.823439923637,0.713545104537,0.189609115992
1,1,694,0.843983371126,0.748042552649,0.335285041032
1,1,695,0.749080968989,0.649625060623,0.316852757029
1,1,696,0.83794188071,0.725556555817,0.0837700101948
1,1,697,0.783426498253,0.70256243173,0.491685494885
1,1,698,0.809154411765,0.691222621278,0.139619264441
1,1,699,0.844187004649,0.748934569133,0.236444556805
1,1,700,0.8358763165,0.743580075403,0.431878180857
1,1,701,0.839564313851,0.749654692428,0.396361271153
1,1,702,0.841413043478,0.761731588098,0.5706033193
1,1,703,0.840606604917,0.749412061277,0.413398135044
1,1,704,0.760947107438,0.646088340323,0.162022550862
1,1,705,0.746975718403,0.630532868419,0.197707764382
1,1,706,0.815782857006,0.719545735573,0.442944018265
1,1,707,0.775188246097,0.654312932172,0.162761931155
1,1,708,0.782557669414,0.676126552699,0.176103047352
1,1,709,0.851329191253,0.782544549719,0.54714154083
1,1,710,0.728263971463,0.638347689436,0.331319061717
1,1,711,0.787756391841,0.67690922293,0.210166939833
1,1,712,0.858133908412,0.78031533666,0.416858307991
1,1,713,0.818077458692,0.725416364698,0.410859263046
1,1,714,0.843298027757,0.743318566162,0.411417380202
1,1,715,0.733884297521,0.62826731399,0.235311669344
1,1,716,0.842885462815,0.731917460643,0.19597949369
1,1,717,0.847874926546,0.781581615852,0.790343119079
1,1,718,0.765868055556,0.658378012325,0.33399673353
1,1,719,0.828335653401,0.739178736192,0.453244816578
1,1,720,0.8477531702,0.769366810194,0.499689057995
1,1,721,0.824199274751,0.72369234915,0.247457351388
1,1,722,0.815854697248,0.719329598309,0.283073734805
1,1,723,0.781028256862,0.65771609917,0.0982741022135
1,1,724,0.76925154321,0.672567343286,0.379924242401
1,1,725,0.860191647878,0.774721679276,0.195358322146
1,1,726,0.844047265161,0.739463309401,0.412338088234
1,1,727,0.800548777239,0.720680272073,0.53958406633
1,1,728,0.840699047105,0.746576168657,0.249773841858
1,1,729,0.830575821459,0.757843951451,0.59188826023
1,1,730,0.835879540477,0.738726939354,0.26021946799
1,1,731,0.816029907365,0.735594349253,0.553085146029
1,1,732,0.81571239607,0.714069391839,0.408564945167
1,1,733,0.805553279024,0.728421185558,0.582618467997
1,1,734,0.864563148662,0.797507607523,0.554001162445
1,1,735,0.828115967164,0.768473459321,0.703292410859
1,1,736,0.858690979205,0.774512344544,0.490705465791
1,1,737,0.821184105231,0.729170734878,0.392875342295
1,1,738,0.805054387887,0.70871936648,0.262998061927
1,1,739,0.807282716049,0.701644947741,0.245275576873
1,1,740,0.766016646849,0.646532634834,0.187720980983
1,1,741,0.75955331112,0.649811742991,0.190864752291
1,1,742,0.834046440823,0.732552763151,0.218239149378
1,1,743,0.835285467128,0.733665588932,0.363040779635
1,1,744,0.828396325304,0.71669599945,0.153291896385
1,1,745,0.799191836735,0.677096301616,0.228782772861
1,1,746,0.835263821964,0.740083161183,0.264595962058
1,1,747,0.821610473766,0.732543231865,0.34644210119
1,1,748,0.702785688857,0.631653643583,0.342058741503
1,1,749,0.759371395617,0.675225943968,0.393557434519
1,1,750,0.731066839396,0.608749027818,0.113586543968
1,1,751,0.8530521262,0.754533206608,0.463945524445
1,1,752,0.818541450655,0.716896081258,0.185615717953
1,1,753,0.816555919727,0.704390565796,0.20584229517
1,1,754,0.835472294423,0.746262182683,0.435250104116
1,1,755,0.852689764291,0.761220212266,0.303538457388
1,1,756,0.799633329791,0.700768502578,0.286445897203
1,1,757,0.781050988554,0.675759549336,0.289581282595
1,1,758,0.747626886145,0.634830979375,0.210813175847
1,1,759,0.817956230489,0.710735747451,0.153783592331
1,1,760,0.803156314658,0.704256822989,0.368269543961
1,1,761,0.819736612086,0.722881920731,0.398834101886
1,1,762,0.796947604551,0.688290419977,0.244859366705
1,1,763,0.814726889051,0.755124824838,0.649060222374
1,1,764,0.856363283466,0.772209205055,0.43954258503
1,1,765,0.828383271912,0.747133429313,0.604683660338
1,1,766,0.790612329897,0.694649069396,0.303930236411
1,1,767,0.813043977118,0.706093529812,0.298359896149
1,1,768,0.820040326971,0.739892732203,0.488163282907
1,1,769,0.832163510475,0.74327155407,0.372832945509
1,1,770,0.77133194589,0.699350999967,0.542685868684
1,1,771,0.834497385731,0.73871295103,0.278264004835
1,1,772,0.810828402367,0.707603715737,0.161542783797
1,1,773,0.822538206459,0.732200591732,0.491883802415
1,1,774,0.830566666667,0.745225651987,0.52497707712
1,1,775,0.790661199013,0.664194253651,0.086123173538
1,1,776,0.771352985639,0.689740584853,0.431236425757
1,1,777,0.790147977694,0.67521243528,0.116930334538
1,1,778,0.805529906638,0.685202446002,0.219905816393
1,1,779,0.751505873977,0.626675769307,0.0447519260947
1,1,780,0.817874887967,0.718234985348,0.33225234439
1,1,781,0.785059171598,0.683279959433,0.332000641274
1,1,782,0.835880218407,0.737277904026,0.220798266988
1,1,783,0.747333506764,0.642033161824,0.274885009469
1,1,784,0.844716923967,0.748355762395,0.35061032574
1,1,785,0.800898876404,0.696120131681,0.232581074165
1,1,786,0.842988666055,0.755883773883,0.559958643974
1,1,787,0.844068708215,0.757752157454,0.397695254614
1,1,788,0.800752657282,0.721922899731,0.603505836036
1,1,789,0.834819196465,0.763600308376,0.638875600624
1,1,790,0.837672476785,0.752549851338,0.282471700278
1,1,791,0.846329437546,0.755182685524,0.390320268646
1,1,792,0.738841405508,0.621333904222,0.19468086225
1,1,793,0.828636667409,0.740570925622,0.471070968022
1,1,794,0.777049873204,0.678672805887,0.323648828874
1,1,795,0.835947553547,0.752578327669,0.51172370926
1,1,796,0.794417574733,0.689493896209,0.313199588733
1,1,797,0.765205349948,0.648560842405,0.1123602455
1,1,798,0.844809093007,0.745020042253,0.337518895253
1,1,799,0.818808532778,0.716930140392,0.243489218094
1,1,800,0.795920695858,0.694432042622,0.321578650135
1,1,801,0.858007346189,0.814642248078,0.811500839017
1,1,802,0.816137197066,0.720118500376,0.358470428468
1,1,803,0.806456883757,0.697807109624,0.309675382807
1,1,804,0.773833109959,0.662538440836,0.297355691282
1,1,805,0.807659981898,0.718089554217,0.452815267974
1,1,806,0.807607323232,0.718789541508,0.46036742211
1,1,807,0.832898757546,0.746543356326,0.485195793969
1,1,808,0.817164291752,0.696242787096,0.173395277485
1,1,809,0.812223112452,0.702690331988,0.298521133122
1,1,810,0.816623062252,0.71579062078,0.340115357163
1,1,811,0.783363813207,0.682163492033,0.29443787668
1,1,812,0.776609050823,0.664829144684,0.211580647591
1,1,813,0.833203439936,0.741009647411,0.380190080176
1,1,814,0.797641822263,0.716439781503,0.488928655687
1,1,815,0.818909499055,0.722944892766,0.340187343789
1,1,816,0.84792434688,0.769079131489,0.579149890482
1,1,817,0.7882171522,0.68439113905,0.3454607846
1,1,818,0.835950815681,0.778308527019,0.61944506992
1,1,819,0.822019230769,0.726832290442,0.4288700062
1,1,820,0.845918193553,0.750027438185,0.313528020339
1,1,821,0.792020914607,0.685563098661,0.261207595054
1,1,822,0.747525685739,0.625066308282,0.192438705596
1,1,823,0.874228016861,0.847536008212,0.909594084834
1,1,824,0.856553565735,0.776855819168,0.579126465879
1,1,825,0.792290288897,0.682126495065,0.243095881584
1,1,826,0.808131823283,0.72334417429,0.369714803296
1,1,827,0.816531174415,0.704246853908,0.219735178284
1,1,828,0.856967312482,0.765482892316,0.345421605078
1,1,829,0.826325050273,0.725206450927,0.423667539691
1,1,830,0.769203514739,0.644957232273,0.173152707085
1,1,831,0.785171988906,0.680311965002,0.177570962149
1,1,832,0.843897797322,0.75114423886,0.459129523612
1,1,833,0.818442067451,0.715669209794,0.199284797537
1,1,834,0.835707286979,0.766338622401,0.634627989957
1,1,835,0.831381,0.752642511142,0.550924385674
1,1,836,0.834532374101,0.769339124548,0.611288301451
1,1,837,0.822380118014,0.755106977382,0.681960492518
1,1,838,0.709841334721,0.592577432327,0.144075190243
1,1,839,0.763424,0.634651842088,0.046652535495
1,1,840,0.842680307746,0.738977759903,0.234045099338
1,1,841,0.779140142747,0.690157879069,0.479176779688
1,1,842,0.843805456965,0.763402527682,0.384698286088
1,1,843,0.682585034014,0.581405063979,0.190037543983
1,1,844,0.827240098925,0.716506786089,0.296326270628
1,1,845,0.797067115671,0.694432344994,0.380224599801
1,1,846,0.676088230593,0.564295534677,0.0704567956373
1,1,847,0.859850871666,0.773888560648,0.504243150837
1,1,848,0.775264538213,0.657678730018,0.178501242602
1,1,849,0.777928446198,0.65365658486,0.0818775175538
1,1,850,0.805320005553,0.691320959781,0.063190527937
1,1,851,0.873084319096,0.796041178748,0.566106003848
1,1,852,0.82039019985,0.741535623923,0.420528038414
1,1,853,0.822888172292,0.737570824609,0.458228107948
1,1,854,0.821094450852,0.702827636797,0.247768589421
1,1,855,0.861876,0.762641905397,0.369038717249
1,1,856,0.822520238963,0.727301611073,0.270481269458
1,1,857,0.684966216216,0.569143673637,0.0670004051286
1,1,858,0.819004438323,0.708120498306,0.256272416809
1,1,859,0.800963721886,0.708580638061,0.365830691894
1,1,860,0.760501421429,0.639739067021,0.111907973662
1,1,861,0.754193548387,0.657620912169,0.309147502429
1,1,862,0.738628472222,0.611672501268,0.1219578477
1,1,863,0.807244444444,0.735771224095,0.642569806913
1,1,864,0.8313400647,0.748885102291,0.556481063404
1,1,865,0.809107336787,0.728970991659,0.578458705853
1,1,866,0.777769310234,0.678028745902,0.310006766037
1,1,867,0.783718030222,0.676312262422,0.273328754149
1,1,868,0.750681637284,0.645752229496,0.17461544781
1,1,869,0.801705726435,0.701580282592,0.34524581073
1,1,870,0.784536320973,0.671966550564,0.300938082765
1,1,871,0.854157989727,0.752215855627,0.326020071102
1,1,872,0.835198576676,0.73567730368,0.296912403016
1,1,873,0.786873265953,0.693694671965,0.358798760006
1,1,874,0.781034899167,0.695915026819,0.412981078407
1,1,875,0.787880784622,0.683864270899,0.290920258247
1,1,876,0.81296875,0.697207865622,0.317592639007
1,1,877,0.82424165368,0.723619711495,0.203947524934
1,1,878,0.807938768245,0.692971507627,0.350893107634
1,1,879,0.824459715859,0.738294948499,0.432740472421
1,1,880,0.822345344388,0.728551560654,0.465004528752
1,1,881,0.83394863889,0.758355869657,0.595748512825
1,1,882,0.775208041408,0.666796603796,0.296860269003
1,1,883,0.816787229777,0.722660612771,0.45437719734
1,1,884,0.798251681858,0.692875872549,0.258617425807
1,1,885,0.805181824308,0.715945193042,0.409553115518
1,1,886,0.797150607349,0.70192633929,0.430496586772
1,1,887,0.833592260434,0.721429101915,0.353825454092
1,1,888,0.783180145306,0.676879029328,0.244633390733
1,1,889,0.764531111263,0.66372322175,0.352579601168
1,1,890,0.825456936226,0.714554621969,0.305277833081
1,1,891,0.778102999694,0.669083147407,0.301938034756
1,1,892,0.817311835679,0.744406547896,0.606740009583
1,1,893,0.829965149816,0.793822699481,0.807333424598
1,1,894,0.826997222222,0.743146477484,0.462175375978
1,1,895,0.805395754811,0.695841427924,0.314860401208
1,1,896,0.821656855956,0.732217507933,0.372545916759
1,1,897,0.710657596372,0.592685422346,0.174886954594
1,1,898,0.785576923077,0.668834355054,0.23615613778
1,1,899,0.757544581619,0.677657160825,0.408763421146
1,1,900,0.81396484375,0.708614531443,0.337092727583
1,1,901,0.797852330632,0.69718590868,0.322013268895
1,1,902,0.775511686467,0.689960291199,0.401356473753
1,1,903,0.759194197896,0.64837871497,0.289781140832
1,1,904,0.729919435075,0.632426155389,0.242421604441
1,1,905,0.772596296847,0.680779581814,0.435270579446
1,1,906,0.80220539631,0.699867640753,0.379215179542
1,1,907,0.717747447563,0.589994375516,0.0602051207032
1,1,908,0.771711332516,0.679755955043,0.372324589672
1,1,909,0.776062776888,0.663883503339,0.194395656694
1,1,910,0.793805428648,0.694277876175,0.396058216415
1,1,911,0.809645862702,0.697168313202,0.28917224274
1,1,912,0.766848072562,0.656139071981,0.278716262497
1,1,913,0.74253707076,0.625114296685,0.192225692602
1,1,914,0.798206587526,0.722924520662,0.594478428873
1,1,915,0.857875315691,0.778950538426,0.460754027411
1,1,916,0.779757466778,0.682716257796,0.366878307125
1,1,917,0.848841954903,0.774855458491,0.586750292343
1,1,918,0.802517361111,0.702608956773,0.369618343168
1,1,919,0.756221133,0.658639025558,0.357850705428
1,1,920,0.669343171296,0.58574676054,0.330055956041
1,1,921,0.811390532544,0.710677407037,0.357419370465
1,1,922,0.82966768824,0.709738359486,0.25152467378
1,1,923,0.821156442901,0.726218917133,0.39711420214
1,1,924,0.796408369922,0.697114110303,0.338304585532
1,1,925,0.795191926205,0.685691744494,0.336194740446
1,1,926,0.804877734546,0.694550757005,0.342349882142
1,1,927,0.828363054017,0.781028088734,0.750153681368
1,1,928,0.80745,0.707294659847,0.409956551604
1,1,929,0.663212174147,0.555146041922,0.0708223520617
1,1,930,0.845762515898,0.74019040907,0.368714276225
1,1,931,0.830906382161,0.734214195944,0.450946696404
1,1,932,0.852827525568,0.772237758719,0.544154480862
1,1,933,0.815208490804,0.732619828028,0.553658896666
1,1,934,0.821239270598,0.738816475852,0.512920541478
1,1,935,0.847600544784,0.749664900262,0.400617144527
1,1,936,0.810255443491,0.761599563031,0.681732107604
1,1,937,0.696354392709,0.598788962024,0.201960086538
1,1,938,0.822706131801,0.749603485705,0.544597991487
1,1,939,0.743194444444,0.646873249385,0.389535916216
1,1,940,0.78757943483,0.690196681865,0.380649652869
1,1,941,0.809161627614,0.704859373655,0.368631946884
1,1,942,0.701360946746,0.582620625609,0.0727435316642
1,1,943,0.817903712115,0.705075872165,0.260135114723
1,1,944,0.826575,0.750726698161,0.564846426755
1,1,945,0.790452341627,0.69966363958,0.439486360112
1,1,946,0.852879919563,0.767371416416,0.564357660722
1,1,947,0.74708677686,0.656976330306,0.369262717429
1,1,948,0.821716974827,0.73395636925,0.446253053356
1,1,949,0.806941015089,0.736688281935,0.58032256718
1,1,950,0.865307322811,0.796181386301,0.617360124752
1,1,951,0.841077534031,0.755791326365,0.433743140272
1,1,952,0.747478555943,0.641612996345,0.316914090783
1,1,953,0.818131487889,0.720842784802,0.360611736013
1,1,954,0.818296602388,0.720019416876,0.412978568506
1,1,955,0.805127621582,0.718236470994,0.457340625828
1,1,956,0.80471253115,0.705896384445,0.414681565754
1,1,957,0.783782220371,0.683120720429,0.352774351064
1,1,958,0.797930776193,0.686420245058,0.288115783823
1,1,959,0.747390792021,0.637204356154,0.286647374686
1,1,960,0.839556901192,0.745380341648,0.415770830605
1,1,961,0.837668887221,0.793448182165,0.837806740484
1,1,962,0.746773800828,0.629527156724,0.20233194778
1,1,963,0.824966716266,0.704991925466,0.324288245773
